ParName   Value   Gradient
log_avgrec      10.7932     -6976.47
log_avginit      6.25378     -162.004
log_avg_F     -3.38374     -5069.56
log_q_cpue     -1.16312      188.764
log_q_avo     -9.59968   -0.0580479
L1      28.4256      52854.2
L2      45.7507      20804.5
log_K    -0.133515     -28969.7
coh_eff(1955)            0            0
coh_eff(1956)            0            0
coh_eff(1957)            0            0
coh_eff(1958)            0            0
coh_eff(1959)            0            0
coh_eff(1960)            0            0
coh_eff(1961)            0            0
coh_eff(1962)            0            0
coh_eff(1963)            0            0
coh_eff(1964)            0            0
coh_eff(1965)            0            0
coh_eff(1966)            0            0
coh_eff(1967)            0            0
coh_eff(1968)            0            0
coh_eff(1969)            0            0
coh_eff(1970)            0            0
coh_eff(1971)    -0.139776     0.118995
coh_eff(1972)     0.325511      1.70017
coh_eff(1973)    0.0310916      1.00309
coh_eff(1974)      0.74991      4.80318
coh_eff(1975)    0.0475445      4.50879
coh_eff(1976)      1.47934      21.9992
coh_eff(1977)     0.605707      71.8403
coh_eff(1978)      1.54081      44.4335
coh_eff(1979)     0.337029      86.1061
coh_eff(1980)    -0.480001      76.8173
coh_eff(1981)     -1.53793      37.0139
coh_eff(1982)      -2.5317      14.8501
coh_eff(1983)     -1.49751      148.952
coh_eff(1984)    -0.966123      126.842
coh_eff(1985)    -0.882575        347.6
coh_eff(1986)     -2.60668      39.4041
coh_eff(1987)    -0.739198      713.627
coh_eff(1988)     -1.12231      382.676
coh_eff(1989)     -2.57585      255.953
coh_eff(1990)     -2.85938      25.7332
coh_eff(1991)     -2.22456     -242.512
coh_eff(1992)    -0.140737     -3020.99
coh_eff(1993)      1.95411      517.754
coh_eff(1994)    -0.733715      132.056
coh_eff(1995)     -0.90784      2817.91
coh_eff(1996)     -1.27898      495.571
coh_eff(1997)     -0.12356      542.579
coh_eff(1998)    -0.160036      2213.74
coh_eff(1999)     0.288016     -1254.04
coh_eff(2000)  -0.00272439     -227.702
coh_eff(2001)     0.665192       654.26
coh_eff(2002)      1.53087      2744.12
coh_eff(2003)      1.33617      203.785
coh_eff(2004)     0.585888      4217.79
coh_eff(2005)      -1.1694      2472.21
coh_eff(2006)     -1.90305      681.067
coh_eff(2007)    -0.623013     -305.038
coh_eff(2008)     -3.21472     -1101.07
coh_eff(2009)     -1.47365      451.512
coh_eff(2010)    -0.249704     -166.269
coh_eff(2011)     -2.95459      -1291.2
coh_eff(2012)     -1.57006      -2739.2
coh_eff(2013)     -1.93901      2165.29
coh_eff(2014)      1.15293      2420.82
coh_eff(2015)     0.205128     -5602.72
coh_eff(2016)     -0.35976     -1816.91
coh_eff(2017)     0.125337      90.3538
coh_eff(2018)     0.865516      22.9599
coh_eff(2019)      1.20065      20.8851
coh_eff(2020)     0.781325      635.779
coh_eff(2021)     0.866838      28104.6
coh_eff(2022)      1.84343      2563.31
coh_eff(2023)      1.59763      29.1468
coh_eff(2024)    0.0258572     0.762545
coh_eff(2025)            0            0
coh_eff(2026)            0            0
yr_eff(1970)            0            0
yr_eff(1971)     0.210488     0.684374
yr_eff(1972)    0.0789705      1.11278
yr_eff(1973)     0.462772      3.56918
yr_eff(1974)     0.518554      4.97762
yr_eff(1975)      1.74997      4.86778
yr_eff(1976)     0.881548     0.974192
yr_eff(1977)      1.68674     -8.59613
yr_eff(1978)      1.88896      108.119
yr_eff(1979)      1.83067      123.768
yr_eff(1980)      1.31953      223.259
yr_eff(1981)      1.30907      383.799
yr_eff(1982)     0.590848      381.429
yr_eff(1983)     0.472806      45.1384
yr_eff(1984)     0.027315      182.181
yr_eff(1985)     0.391673      275.279
yr_eff(1986)    -0.335118      498.942
yr_eff(1987)    -0.197767      494.904
yr_eff(1988)    -0.175579      1171.59
yr_eff(1989)   -0.0476676      1612.96
yr_eff(1990)     0.839826      2612.44
yr_eff(1991)      1.11669      2779.78
yr_eff(1992)     0.341922      104.684
yr_eff(1993)      1.47696     -5838.84
yr_eff(1994)     -1.23871     -1717.15
yr_eff(1995)     0.736433      -580.21
yr_eff(1996)     -1.01995      1200.66
yr_eff(1997)    -0.332492      2104.63
yr_eff(1998)    0.0475171      3400.48
yr_eff(1999)     0.926976      7990.94
yr_eff(2000)    -0.218788      1045.86
yr_eff(2001)     0.479687     -1206.03
yr_eff(2002)   -0.0935306     -628.036
yr_eff(2003)   0.00612237       1440.8
yr_eff(2004)    -0.388828      1169.45
yr_eff(2005)    -0.695694      3546.31
yr_eff(2006)     0.198338       8164.3
yr_eff(2007)      1.81742      17638.6
yr_eff(2008)     0.116381      2638.91
yr_eff(2009)        1.548     -868.833
yr_eff(2010)      1.54814       1982.4
yr_eff(2011)      -1.1283     -1269.45
yr_eff(2012)     0.954436     -3254.79
yr_eff(2013)     -2.34578     -2483.14
yr_eff(2014)      1.72752      3863.55
yr_eff(2015)     -1.97982      1435.99
yr_eff(2016)   -0.0344126     -1149.08
yr_eff(2017)    -0.130129     -1521.75
yr_eff(2018)   -0.0775508     -647.037
yr_eff(2019)     0.381138     -2469.26
yr_eff(2020)     -1.00635     -439.108
yr_eff(2021)     -1.72524     -141.516
yr_eff(2022)    -0.281442      9144.65
yr_eff(2023)     -2.40897      2202.35
yr_eff(2024)     0.865839      9.96121
yr_eff(2025)            0            0
yr_eff(2026)            0            0
yr_eff(2027)            0            0
yr_eff(2028)            0            0
yr_eff(2029)            0            0
