ParName   Value   Gradient
log_avgrec      9.83422  5.50914e-05
log_avginit      4.81643  -8.2631e-06
log_avg_F     -1.41997 -6.83431e-06
log_q_ats    -0.616741 -1.93732e-05
log_Rzero      10.0787  8.87502e-07
steepness     0.622271 -2.69969e-06
log_q_cpue     0.100305   1.5684e-05
log_q_avo     -8.20434  1.14253e-08
log_initdevs(2)       3.3162  -8.6655e-05
log_initdevs(3)      2.83283 -9.91587e-05
log_initdevs(4)      1.29807 -8.74946e-06
log_initdevs(5)     0.470933  3.41357e-05
log_initdevs(6)      1.14534 -8.60683e-06
log_initdevs(7)     0.351436  2.71791e-05
log_initdevs(8)    -0.786178 -5.31514e-07
log_initdevs(9)     -1.24259  1.07686e-05
log_initdevs(10)     -1.23559 -3.34308e-06
log_initdevs(11)      -1.2306 -8.01846e-07
log_initdevs(12)     -1.22748 -3.14301e-06
log_initdevs(13)     -1.22909  3.88705e-06
log_initdevs(14)     -1.23068  8.01064e-06
log_initdevs(15)     -1.23257 -5.79348e-06
log_rec_devs(1964)     -1.07409 -2.47918e-05
log_rec_devs(1965)      0.11496  1.26729e-05
log_rec_devs(1966)    -0.216144  4.64852e-05
log_rec_devs(1967)     0.310894  5.37188e-05
log_rec_devs(1968)     0.167872  8.45878e-05
log_rec_devs(1969)     0.335058  0.000132634
log_rec_devs(1970)     0.228782  9.35855e-05
log_rec_devs(1971)    -0.259533  5.00441e-05
log_rec_devs(1972)    -0.461745  2.88314e-05
log_rec_devs(1973)     0.358805   2.8272e-06
log_rec_devs(1974)    0.0413081  7.74932e-05
log_rec_devs(1975)     -0.12832  0.000223926
log_rec_devs(1976)    -0.391435  0.000295325
log_rec_devs(1977)    -0.339252  0.000122255
log_rec_devs(1978)     0.266047  0.000100422
log_rec_devs(1979)      1.11705  3.37918e-05
log_rec_devs(1980)     0.379045 -6.90214e-05
log_rec_devs(1981)     0.535772 -9.34656e-05
log_rec_devs(1982)   -0.0225195  4.64444e-05
log_rec_devs(1983)      1.00696 -2.89342e-05
log_rec_devs(1984)    -0.285781 -3.74525e-05
log_rec_devs(1985)     0.555862 -2.70801e-05
log_rec_devs(1986)    -0.398691 -0.000130939
log_rec_devs(1987)    -0.970036  4.90486e-05
log_rec_devs(1988)     -1.23548 -8.27652e-05
log_rec_devs(1989)    -0.495761 -7.16626e-05
log_rec_devs(1990)      0.97354 -2.62511e-05
log_rec_devs(1991)     0.346568  1.14875e-05
log_rec_devs(1992)     0.194008 -0.000136661
log_rec_devs(1993)     0.873989 -4.28899e-05
log_rec_devs(1994)    -0.204721  8.40904e-06
log_rec_devs(1995)     -0.56195 -5.39115e-05
log_rec_devs(1996)     0.166244  0.000112856
log_rec_devs(1997)     0.465895  0.000215839
log_rec_devs(1998)    -0.250865  6.74262e-05
log_rec_devs(1999)    -0.167704  6.59943e-05
log_rec_devs(2000)     0.263781 -2.86689e-05
log_rec_devs(2001)     0.606257 -3.19966e-05
log_rec_devs(2002)     0.196997 -2.00625e-05
log_rec_devs(2003)    -0.278775  2.31484e-05
log_rec_devs(2004)     -1.07676  6.37718e-05
log_rec_devs(2005)     -1.42759 -5.92996e-05
log_rec_devs(2006)    -0.504932  8.23895e-05
log_rec_devs(2007)     0.274598 -1.99547e-05
log_rec_devs(2008)    -0.360325   5.5972e-05
log_rec_devs(2009)     0.953347 -5.09662e-05
log_rec_devs(2010)     0.178443  0.000188933
log_rec_devs(2011)    -0.320116  4.42102e-05
log_rec_devs(2012)    -0.463199 -5.14522e-05
log_rec_devs(2013)     0.826935 -1.93975e-05
log_rec_devs(2014)     0.966935 -0.000155476
log_rec_devs(2015)     0.131289 -8.77839e-05
log_rec_devs(2016)    -0.839471  0.000163916
log_rec_devs(2017)    -0.834812 -0.000140921
log_rec_devs(2018)    -0.111513  0.000203322
log_rec_devs(2019)      1.48592  0.000148324
log_rec_devs(2020)     0.127792 -0.000143511
log_rec_devs(2021)     -0.43703 -0.000192023
log_rec_devs(2022)    -0.396683 -0.000161823
log_rec_devs(2023)    0.0052067  1.65012e-05
log_rec_devs(2024)    0.0590769  -0.00015406
log_F_devs(1964)    -0.651952  0.000176245
log_F_devs(1965)    -0.627038 -0.000126135
log_F_devs(1966)    -0.704896  -0.00015557
log_F_devs(1967)     -0.16501 -0.000136401
log_F_devs(1968)    -0.178937  0.000184381
log_F_devs(1969)    -0.136822 -0.000291301
log_F_devs(1970)     0.226009 -0.000270042
log_F_devs(1971)     0.573022  0.000324074
log_F_devs(1972)     0.683895  7.34913e-05
log_F_devs(1973)     0.814168 -0.000140968
log_F_devs(1974)     0.877308  0.000381291
log_F_devs(1975)     0.684387 -0.000456937
log_F_devs(1976)      0.57549 -0.000547322
log_F_devs(1977)     0.464459 -0.000728827
log_F_devs(1978)     0.558525  0.000504667
log_F_devs(1979)     0.609844  0.000829987
log_F_devs(1980)     0.547802  0.000266527
log_F_devs(1981)      0.24317  0.000412282
log_F_devs(1982)    -0.190085 -9.18308e-05
log_F_devs(1983)    -0.388892 -0.000222103
log_F_devs(1984)    -0.429805  6.81358e-05
log_F_devs(1985)    -0.433409  0.000401336
log_F_devs(1986)     -0.51823  0.000267661
log_F_devs(1987)    -0.835074 -0.000148542
log_F_devs(1988)    -0.528392  0.000141973
log_F_devs(1989)    -0.500484 -0.000127569
log_F_devs(1990)   -0.0867995 -0.000213134
log_F_devs(1991)     0.121508 -5.92507e-05
log_F_devs(1992)      0.42863 -0.000136063
log_F_devs(1993) -0.000811893  5.86078e-05
log_F_devs(1994)    -0.248135 -2.03006e-05
log_F_devs(1995)    -0.265235 -0.000356736
log_F_devs(1996)   -0.0932854  8.03957e-05
log_F_devs(1997)   -0.0619077 -0.000171925
log_F_devs(1998)    -0.241254 -0.000204929
log_F_devs(1999)    -0.475746  0.000105188
log_F_devs(2000)    -0.379975  2.54404e-05
log_F_devs(2001)    -0.242831  0.000142375
log_F_devs(2002)   -0.0782519 -0.000167906
log_F_devs(2003)   -0.0024848 -6.65764e-05
log_F_devs(2004)    -0.103977  4.83852e-06
log_F_devs(2005)    -0.166811 -5.43377e-05
log_F_devs(2006)    0.0404279 -6.10489e-05
log_F_devs(2007)     0.121567 -0.000141282
log_F_devs(2008)     0.232511  8.16196e-05
log_F_devs(2009)     0.214384 -0.000109524
log_F_devs(2010)    0.0339662  7.80559e-05
log_F_devs(2011)     0.344336  0.000265928
log_F_devs(2012)      0.35813 -7.57541e-05
log_F_devs(2013)     0.311782  0.000141708
log_F_devs(2014)     0.260364 -1.08749e-05
log_F_devs(2015)     0.336019  5.52701e-05
log_F_devs(2016)    0.0197016 -0.000121673
log_F_devs(2017)  -0.00446632 -5.86385e-05
log_F_devs(2018)    -0.217662 -0.000651025
log_F_devs(2019)    -0.104336  4.47732e-05
log_F_devs(2020)     0.130193  0.000325026
log_F_devs(2021)    0.0695383  0.000248579
log_F_devs(2022)    -0.286749  0.000395291
log_F_devs(2023)    -0.312894  0.000381517
log_F_devs(2024)    -0.218501  -0.00129928
sel_devs_fsh(1,1)    0.0526225 -0.000123902
sel_devs_fsh(1,2)    0.0925842  0.000139395
sel_devs_fsh(1,3)     0.142963 -0.000141194
sel_devs_fsh(1,4)   -0.0414234 -0.000126833
sel_devs_fsh(1,5)   -0.0416492  0.000212531
sel_devs_fsh(1,6)   -0.0559133 -9.25433e-05
sel_devs_fsh(1,7)   -0.0478928 -0.000509623
sel_devs_fsh(1,8)   -0.0386621   0.00153497
sel_devs_fsh(1,9)   -0.0277509  -0.00175101
sel_devs_fsh(1,10)   -0.0181339 -1.64274e-05
sel_devs_fsh(1,11)   -0.0108411  0.000666959
sel_devs_fsh(1,12)  -0.00591829 -3.69265e-05
sel_devs_fsh(2,1)    0.0599684   5.0262e-05
sel_devs_fsh(2,2)    0.0998178 -0.000103647
sel_devs_fsh(2,3)     0.242986 -3.39635e-05
sel_devs_fsh(2,4)    -0.132444 -1.49237e-05
sel_devs_fsh(2,5)   -0.0949565  0.000270498
sel_devs_fsh(2,6)   -0.0735612 -0.000138556
sel_devs_fsh(2,7)   -0.0521953 -0.000551615
sel_devs_fsh(2,8)   -0.0325359   0.00152158
sel_devs_fsh(2,9)   -0.0194852  -0.00168046
sel_devs_fsh(2,10)  -0.00809814  0.000106731
sel_devs_fsh(2,11)   0.00145494  0.000647905
sel_devs_fsh(2,12)   0.00905318 -1.09679e-05
sel_devs_fsh(3,1)     0.124752  9.89882e-05
sel_devs_fsh(3,2)    0.0999707  6.73355e-06
sel_devs_fsh(3,3)   0.00634179 -0.000151191
sel_devs_fsh(3,4)  -0.00627215 -9.43317e-05
sel_devs_fsh(3,5)   -0.0473366  0.000294325
sel_devs_fsh(3,6)   -0.0514326 -0.000158843
sel_devs_fsh(3,7)   -0.0484424 -0.000360985
sel_devs_fsh(3,8)   -0.0375518   0.00142839
sel_devs_fsh(3,9)    -0.024156  -0.00168203
sel_devs_fsh(3,10)   -0.0118346  1.37877e-05
sel_devs_fsh(3,11)  -0.00393145  0.000473074
sel_devs_fsh(3,12) -0.000108517   0.00010528
sel_devs_fsh(4,1)     0.131863 -6.76585e-05
sel_devs_fsh(4,2)    0.0667702  3.90813e-06
sel_devs_fsh(4,3)     0.156832  3.95128e-05
sel_devs_fsh(4,4)    -0.105663 -0.000169245
sel_devs_fsh(4,5)    -0.101926  0.000241833
sel_devs_fsh(4,6)   -0.0925057  -0.00022347
sel_devs_fsh(4,7)   -0.0790483 -0.000202043
sel_devs_fsh(4,8)   -0.0231839    0.0012136
sel_devs_fsh(4,9)  -0.00459987  -0.00140698
sel_devs_fsh(4,10)    0.0105427  0.000113117
sel_devs_fsh(4,11)    0.0176452  0.000235879
sel_devs_fsh(4,12)    0.0232717  0.000190434
sel_devs_fsh(5,1)     0.187842   0.00023248
sel_devs_fsh(5,2)      0.13688 -0.000137336
sel_devs_fsh(5,3)   -0.0323704 -9.16865e-05
sel_devs_fsh(5,4)    -0.252171  3.29569e-05
sel_devs_fsh(5,5)    -0.122969  0.000393732
sel_devs_fsh(5,6)    -0.107601 -0.000231735
sel_devs_fsh(5,7)   -0.0495872  -0.00023254
sel_devs_fsh(5,8)    0.0100544  0.000866917
sel_devs_fsh(5,9)    0.0369892  -0.00131212
sel_devs_fsh(5,10)    0.0529182  9.83812e-05
sel_devs_fsh(5,11)    0.0599279  0.000102848
sel_devs_fsh(5,12)    0.0800865  0.000279607
sel_devs_fsh(6,1)    0.0103676 -1.73021e-05
sel_devs_fsh(6,2)    0.0287752 -0.000140297
sel_devs_fsh(6,3)   -0.0800717 -0.000120511
sel_devs_fsh(6,4)   -0.0490029 -1.74974e-05
sel_devs_fsh(6,5)  -0.00133603  0.000372972
sel_devs_fsh(6,6)    -0.014455 -0.000194361
sel_devs_fsh(6,7)   -0.0491534 -0.000316906
sel_devs_fsh(6,8)   0.00644593   0.00090452
sel_devs_fsh(6,9)     0.027736  -0.00120427
sel_devs_fsh(6,10)    0.0330282  0.000236914
sel_devs_fsh(6,11)    0.0375858  0.000114778
sel_devs_fsh(6,12)     0.050069  0.000206935
sel_devs_fsh(7,1)    -0.232717 -1.85734e-05
sel_devs_fsh(7,2)     0.197839  0.000135092
sel_devs_fsh(7,3)     0.116694 -1.49469e-05
sel_devs_fsh(7,4)    0.0804648  -7.1959e-05
sel_devs_fsh(7,5)   -0.0209539  0.000247025
sel_devs_fsh(7,6)   -0.0075529 -0.000246327
sel_devs_fsh(7,7)    -0.017123 -0.000415209
sel_devs_fsh(7,8)   -0.0308599   0.00092052
sel_devs_fsh(7,9)   -0.0139377  -0.00121466
sel_devs_fsh(7,10)   -0.0162755  0.000321926
sel_devs_fsh(7,11)    -0.022717  3.77174e-05
sel_devs_fsh(7,12)   -0.0328639  0.000274632
sel_devs_fsh(8,1)    -0.253206  1.98771e-05
sel_devs_fsh(8,2)     0.107691  -4.7791e-05
sel_devs_fsh(8,3)    0.0695181  -0.00020268
sel_devs_fsh(8,4)    0.0501811 -8.41541e-05
sel_devs_fsh(8,5)    0.0393556  0.000407214
sel_devs_fsh(8,6)    0.0488992  -0.00025586
sel_devs_fsh(8,7)      0.02872 -0.000183303
sel_devs_fsh(8,8)   6.5069e-05  0.000873435
sel_devs_fsh(8,9)   -0.0103157  -0.00105805
sel_devs_fsh(8,10)   -0.0175012  0.000248779
sel_devs_fsh(8,11)   -0.0256112  5.00987e-05
sel_devs_fsh(8,12)    -0.037798  0.000199208
sel_devs_fsh(9,1)    -0.210755  -0.00022308
sel_devs_fsh(9,2)     0.145987 -3.18479e-05
sel_devs_fsh(9,3)     0.181022 -4.10943e-05
sel_devs_fsh(9,4)    0.0372969 -6.64613e-05
sel_devs_fsh(9,5)   0.00773722  0.000252072
sel_devs_fsh(9,6)  -0.00334838 -0.000275958
sel_devs_fsh(9,7)   -0.0026792 -0.000315746
sel_devs_fsh(9,8)    -0.028047  0.000808931
sel_devs_fsh(9,9)   -0.0211418 -0.000833895
sel_devs_fsh(9,10)   -0.0250155  0.000224608
sel_devs_fsh(9,11)   -0.0325145   0.00028769
sel_devs_fsh(9,12)   -0.0485423  0.000201289
sel_devs_fsh(10,1)    -0.193901 -1.03733e-05
sel_devs_fsh(10,2)    -0.175003  4.67413e-05
sel_devs_fsh(10,3)      0.13058 -7.00217e-05
sel_devs_fsh(10,4)    0.0807594 -0.000123383
sel_devs_fsh(10,5)    0.0444602  0.000391161
sel_devs_fsh(10,6)    0.0370662 -0.000144907
sel_devs_fsh(10,7)    0.0349888  -0.00025465
sel_devs_fsh(10,8)  -0.00325273   0.00056462
sel_devs_fsh(10,9)     0.005672 -0.000596011
sel_devs_fsh(10,10)    0.0129117 -0.000144343
sel_devs_fsh(10,11)    0.0127885  9.79216e-05
sel_devs_fsh(10,12)    0.0129299  0.000252509
sel_devs_fsh(11,1)    -0.192545  -0.00018746
sel_devs_fsh(11,2)   -0.0722306  3.78308e-05
sel_devs_fsh(11,3)   -0.0839537 -8.73003e-07
sel_devs_fsh(11,4)    0.0900712 -0.000131193
sel_devs_fsh(11,5)     0.075511  0.000394379
sel_devs_fsh(11,6)    0.0630856  -0.00016515
sel_devs_fsh(11,7)    0.0563478 -0.000267298
sel_devs_fsh(11,8)    0.0155886  0.000516859
sel_devs_fsh(11,9)    0.0119146  -0.00043826
sel_devs_fsh(11,10)    0.0131291 -0.000283572
sel_devs_fsh(11,11)    0.0124052  0.000258278
sel_devs_fsh(11,12)    0.0106748  0.000247746
sel_devs_fsh(12,1)    -0.182749  -0.00012876
sel_devs_fsh(12,2)    0.0177987 -3.24734e-05
sel_devs_fsh(12,3)    -0.132321 -3.43774e-05
sel_devs_fsh(12,4)   -0.0527664 -0.000117914
sel_devs_fsh(12,5)    0.0576043  0.000377337
sel_devs_fsh(12,6)    0.0618631 -0.000129141
sel_devs_fsh(12,7)    0.0606398 -0.000157435
sel_devs_fsh(12,8)    0.0359479  0.000304417
sel_devs_fsh(12,9)    0.0283739  -0.00015467
sel_devs_fsh(12,10)    0.0341031 -0.000438802
sel_devs_fsh(12,11)    0.0353283  0.000210027
sel_devs_fsh(12,12)    0.0361673  0.000142649
sel_devs_fsh(13,1)    -0.223943   0.00018898
sel_devs_fsh(13,2)    -0.140964 -2.85314e-05
sel_devs_fsh(13,3)   -0.0441988  3.70695e-05
sel_devs_fsh(13,4)   -0.0296581 -0.000123477
sel_devs_fsh(13,5)    0.0435814  0.000360348
sel_devs_fsh(13,6)    0.0540941 -0.000198556
sel_devs_fsh(13,7)    0.0681309 -0.000303248
sel_devs_fsh(13,8)    0.0678001  0.000326749
sel_devs_fsh(13,9)    0.0550569 -2.25154e-05
sel_devs_fsh(13,10)    0.0494863  -0.00057733
sel_devs_fsh(13,11)    0.0505982  0.000239083
sel_devs_fsh(13,12)    0.0500135  5.15819e-05
sel_devs_fsh(14,1)    -0.179592  1.91884e-05
sel_devs_fsh(14,2)    -0.379715 -6.33051e-05
sel_devs_fsh(14,3)    -0.173042  1.56097e-05
sel_devs_fsh(14,4)   -0.0429991  9.94042e-06
sel_devs_fsh(14,5)    0.0824559    0.0002382
sel_devs_fsh(14,6)     0.139991 -9.39817e-05
sel_devs_fsh(14,7)      0.12349 -0.000303869
sel_devs_fsh(14,8)     0.123497  0.000322158
sel_devs_fsh(14,9)    0.0993173  6.53546e-05
sel_devs_fsh(14,10)    0.0718447 -0.000573699
sel_devs_fsh(14,11)     0.068539   0.00025163
sel_devs_fsh(14,12)    0.0662186   0.00018347
sel_devs_fsh(15,1)     -0.19847 -7.72912e-05
sel_devs_fsh(15,2)    -0.487386 -1.29661e-05
sel_devs_fsh(15,3)    -0.274722  6.37501e-05
sel_devs_fsh(15,4)    0.0658154  -7.2752e-05
sel_devs_fsh(15,5)     0.115052  0.000231274
sel_devs_fsh(15,6)     0.151152 -0.000105667
sel_devs_fsh(15,7)     0.148204 -0.000275041
sel_devs_fsh(15,8)     0.139347  0.000359211
sel_devs_fsh(15,9)    0.0949271  9.47232e-05
sel_devs_fsh(15,10)    0.0840581 -0.000658141
sel_devs_fsh(15,11)    0.0825186  0.000151585
sel_devs_fsh(15,12)    0.0795016   0.00025525
sel_devs_fsh(16,1)    -0.164911  2.81645e-05
sel_devs_fsh(16,2)    -0.272821  3.77383e-05
sel_devs_fsh(16,3)    -0.279761  3.83498e-05
sel_devs_fsh(16,4)   -0.0226777 -6.41036e-05
sel_devs_fsh(16,5)     0.116768  0.000301935
sel_devs_fsh(16,6)    0.0849586 -0.000154456
sel_devs_fsh(16,7)    0.0935494 -0.000268926
sel_devs_fsh(16,8)    0.0978824  0.000302839
sel_devs_fsh(16,9)    0.0922875  0.000103653
sel_devs_fsh(16,10)    0.0860487 -0.000630641
sel_devs_fsh(16,11)    0.0835857  0.000227196
sel_devs_fsh(16,12)    0.0851063  0.000320387
sel_devs_fsh(17,1)    -0.130275 -7.44451e-05
sel_devs_fsh(17,2)    -0.101831  9.20941e-05
sel_devs_fsh(17,3)    -0.300703 -0.000106007
sel_devs_fsh(17,4)   -0.0210847 -0.000146382
sel_devs_fsh(17,5)    0.0259658   0.00041209
sel_devs_fsh(17,6)    0.0654366 -0.000172444
sel_devs_fsh(17,7)    0.0649673 -0.000203908
sel_devs_fsh(17,8)    0.0734382   0.00028665
sel_devs_fsh(17,9)    0.0778811  0.000146941
sel_devs_fsh(17,10)    0.0797291 -0.000617073
sel_devs_fsh(17,11)    0.0817332  0.000204626
sel_devs_fsh(17,12)    0.0847522   0.00032991
sel_devs_fsh(18,1)    -0.147236 -0.000141633
sel_devs_fsh(18,2)     0.102913 -2.03876e-05
sel_devs_fsh(18,3)   -0.0845448 -9.16971e-05
sel_devs_fsh(18,4)    -0.162087  2.98397e-05
sel_devs_fsh(18,5)   -0.0762499  0.000439907
sel_devs_fsh(18,6)    0.0425965  -0.00023788
sel_devs_fsh(18,7)    0.0363897 -0.000287091
sel_devs_fsh(18,8)    0.0329711  0.000106743
sel_devs_fsh(18,9)    0.0514381  9.27096e-06
sel_devs_fsh(18,10)     0.059512 -0.000605707
sel_devs_fsh(18,11)    0.0686978  0.000370704
sel_devs_fsh(18,12)    0.0755936   0.00034213
sel_devs_fsh(19,1)    -0.135813 -2.00554e-05
sel_devs_fsh(19,2)    -0.150467 -3.57472e-05
sel_devs_fsh(19,3)    0.0631246  3.37415e-05
sel_devs_fsh(19,4)   -0.0679811 -1.27329e-05
sel_devs_fsh(19,5)    0.0615413  0.000193481
sel_devs_fsh(19,6)   0.00690144 -0.000270376
sel_devs_fsh(19,7)    0.0350497 -0.000260125
sel_devs_fsh(19,8)    0.0267551   0.00016208
sel_devs_fsh(19,9)    0.0272184 -9.46425e-05
sel_devs_fsh(19,10)    0.0324538 -0.000403817
sel_devs_fsh(19,11)    0.0467943  0.000270586
sel_devs_fsh(19,12)    0.0544108  0.000255263
sel_devs_fsh(20,1)    -0.151715 -3.84165e-06
sel_devs_fsh(20,2)    0.0457669  7.42576e-05
sel_devs_fsh(20,3)     0.139492 -3.36744e-05
sel_devs_fsh(20,4)   -0.0778187 -0.000126748
sel_devs_fsh(20,5)    -0.230015   3.9026e-05
sel_devs_fsh(20,6)    0.0734411 -6.05034e-05
sel_devs_fsh(20,7)    0.0425117 -0.000133236
sel_devs_fsh(20,8)    0.0423554  0.000158663
sel_devs_fsh(20,9)    0.0183553 -9.58359e-05
sel_devs_fsh(20,10)     0.024238 -0.000328973
sel_devs_fsh(20,11)    0.0332373  0.000235414
sel_devs_fsh(20,12)    0.0401499  0.000254433
sel_devs_fsh(21,1)    -0.159452 -1.08123e-05
sel_devs_fsh(21,2)     -0.03094 -2.89993e-05
sel_devs_fsh(21,3)    0.0777504 -1.76182e-05
sel_devs_fsh(21,4)     0.164471 -0.000176964
sel_devs_fsh(21,5)    -0.015965  0.000377469
sel_devs_fsh(21,6)   -0.0743139 -0.000188795
sel_devs_fsh(21,7)    0.0222325 -0.000268322
sel_devs_fsh(21,8)   -0.0306703  0.000199143
sel_devs_fsh(21,9)    0.0229409 -7.04081e-05
sel_devs_fsh(21,10)   0.00372544 -0.000340526
sel_devs_fsh(21,11)    0.0025793  0.000235231
sel_devs_fsh(21,12)    0.0176391   0.00025863
sel_devs_fsh(22,1)    -0.161078  4.92395e-05
sel_devs_fsh(22,2)   -0.0780081  8.89421e-06
sel_devs_fsh(22,3)     0.122348 -0.000232741
sel_devs_fsh(22,4)   -0.0839454 -8.66787e-05
sel_devs_fsh(22,5)    0.0139194  0.000391441
sel_devs_fsh(22,6)   -0.0374244 -0.000214964
sel_devs_fsh(22,7)   -0.0958644 -0.000171421
sel_devs_fsh(22,8)     0.136104   0.00023319
sel_devs_fsh(22,9)    0.0865055 -0.000202852
sel_devs_fsh(22,10)    0.0636102 -0.000220341
sel_devs_fsh(22,11)    0.0281054  0.000273641
sel_devs_fsh(22,12)   0.00573484  0.000272059
sel_devs_fsh(23,1)    -0.194286  2.99901e-05
sel_devs_fsh(23,2)    -0.114694 -1.82763e-05
sel_devs_fsh(23,3)     0.461259 -2.53728e-05
sel_devs_fsh(23,4)    0.0451774 -4.05231e-05
sel_devs_fsh(23,5)      0.12446  0.000277979
sel_devs_fsh(23,6)   -0.0526864 -0.000176491
sel_devs_fsh(23,7)     0.133598  -0.00018687
sel_devs_fsh(23,8)   -0.0935516  0.000283303
sel_devs_fsh(23,9)   -0.0905011 -9.36665e-05
sel_devs_fsh(23,10)    -0.112027 -0.000186266
sel_devs_fsh(23,11)   -0.0655788   0.00038639
sel_devs_fsh(23,12)   -0.0411309  0.000355403
sel_devs_fsh(24,1)     -0.16292  4.01208e-06
sel_devs_fsh(24,2)   -0.0738042  1.20253e-05
sel_devs_fsh(24,3)     -0.38237  -7.3853e-05
sel_devs_fsh(24,4)     0.167721 -8.19366e-05
sel_devs_fsh(24,5)    0.0364368  0.000172917
sel_devs_fsh(24,6)    0.0826092 -0.000196973
sel_devs_fsh(24,7)     0.127017 -0.000243882
sel_devs_fsh(24,8)     0.105095  0.000143311
sel_devs_fsh(24,9)    0.0260341 -0.000163327
sel_devs_fsh(24,10)    0.0688672 -0.000178542
sel_devs_fsh(24,11)    0.0215733  0.000317345
sel_devs_fsh(24,12)   -0.0162619  0.000261554
sel_devs_fsh(25,1)    -0.153435 -1.96082e-05
sel_devs_fsh(25,2)   -0.0416609  -0.00011233
sel_devs_fsh(25,3)    -0.345621 -2.65043e-05
sel_devs_fsh(25,4)    0.0383935 -4.01592e-05
sel_devs_fsh(25,5)     0.183477  0.000268922
sel_devs_fsh(25,6)    0.0584425 -0.000243993
sel_devs_fsh(25,7)   -0.0281254 -0.000250895
sel_devs_fsh(25,8)    0.0457704  0.000203493
sel_devs_fsh(25,9)    0.0593516 -0.000188885
sel_devs_fsh(25,10)   -0.0170088 -0.000249598
sel_devs_fsh(25,11)     0.128424   0.00024171
sel_devs_fsh(25,12)    0.0719833  0.000277644
sel_devs_fsh(26,1)   -0.0808392  5.73041e-05
sel_devs_fsh(26,2)    0.0025957  6.78015e-05
sel_devs_fsh(26,3)    -0.371073 -0.000133757
sel_devs_fsh(26,4)    -0.322602 -8.10711e-05
sel_devs_fsh(26,5)     -0.22336  0.000336156
sel_devs_fsh(26,6)   -0.0621471 -0.000276659
sel_devs_fsh(26,7)     0.126717 -0.000215366
sel_devs_fsh(26,8)   -0.0284057  0.000171345
sel_devs_fsh(26,9)     0.165162 -0.000116643
sel_devs_fsh(26,10)     0.104514  -0.00020995
sel_devs_fsh(26,11)     0.353684  0.000394806
sel_devs_fsh(26,12)     0.335773  0.000289083
sel_devs_fsh(27,1)    -0.156492  0.000126509
sel_devs_fsh(27,2)    -0.067243  -3.0039e-06
sel_devs_fsh(27,3)     0.503096 -0.000117066
sel_devs_fsh(27,4)    -0.261907 -0.000288277
sel_devs_fsh(27,5)    -0.344234  0.000325849
sel_devs_fsh(27,6)   -0.0429051 -0.000229873
sel_devs_fsh(27,7)   -0.0279187 -0.000203521
sel_devs_fsh(27,8)     0.215271   0.00013847
sel_devs_fsh(27,9)     0.108109  1.62276e-05
sel_devs_fsh(27,10)     0.233142 -0.000128856
sel_devs_fsh(27,11)    -0.113104  0.000271326
sel_devs_fsh(27,12)   -0.0458079  0.000172423
sel_devs_fsh(28,1)    -0.144851  7.01716e-05
sel_devs_fsh(28,2)    -0.489542  1.34245e-05
sel_devs_fsh(28,3)   -0.0305583 -0.000132886
sel_devs_fsh(28,4)     0.796226 -7.56241e-05
sel_devs_fsh(28,5)  -7.3531e-05  0.000177417
sel_devs_fsh(28,6)    0.0152557 -0.000215166
sel_devs_fsh(28,7)    0.0857744 -0.000310748
sel_devs_fsh(28,8)    0.0254122   8.4986e-05
sel_devs_fsh(28,9)   -0.0125516 -0.000111992
sel_devs_fsh(28,10)   -0.0511473 -0.000268172
sel_devs_fsh(28,11)    -0.124613  0.000350442
sel_devs_fsh(28,12)   -0.0693407  0.000275329
sel_devs_fsh(29,1)   -0.0509468 -0.000108497
sel_devs_fsh(29,2)   0.00936921   4.6569e-05
sel_devs_fsh(29,3)    -0.776687 -0.000154392
sel_devs_fsh(29,4)    -0.295423 -9.67132e-05
sel_devs_fsh(29,5)     0.908105  0.000286839
sel_devs_fsh(29,6)     0.259726 -0.000216731
sel_devs_fsh(29,7)    0.0250065 -0.000167311
sel_devs_fsh(29,8)   -0.0247341  0.000153024
sel_devs_fsh(29,9)    -0.033288  1.55197e-05
sel_devs_fsh(29,10)  -0.00732202   -0.0002572
sel_devs_fsh(29,11)    0.0217316  0.000277959
sel_devs_fsh(29,12)   -0.0355356   0.00023601
sel_devs_fsh(30,1)   -0.0208303  0.000120724
sel_devs_fsh(30,2)     0.186482  2.06645e-05
sel_devs_fsh(30,3)    -0.288897 -6.87301e-05
sel_devs_fsh(30,4)    -0.687626  -0.00010926
sel_devs_fsh(30,5)    -0.358736  0.000314246
sel_devs_fsh(30,6)     0.466106 -0.000229865
sel_devs_fsh(30,7)     0.148348 -0.000218277
sel_devs_fsh(30,8)     0.163772  0.000105711
sel_devs_fsh(30,9)     0.133722  1.23956e-05
sel_devs_fsh(30,10)     0.116443  -0.00023358
sel_devs_fsh(30,11)    0.0859382  0.000326937
sel_devs_fsh(30,12)    0.0552954   0.00023346
sel_devs_fsh(31,1)   -0.0354679  8.11852e-05
sel_devs_fsh(31,2)     0.515636  2.20607e-05
sel_devs_fsh(31,3)     0.280196 -2.74052e-05
sel_devs_fsh(31,4)    -0.792665 -0.000114553
sel_devs_fsh(31,5)    -0.743903  0.000227315
sel_devs_fsh(31,6)    -0.356814 -0.000220273
sel_devs_fsh(31,7)     0.274907 -0.000230705
sel_devs_fsh(31,8)     0.306755   3.3512e-05
sel_devs_fsh(31,9)     0.226046 -4.08259e-05
sel_devs_fsh(31,10)     0.154357 -0.000232019
sel_devs_fsh(31,11)    0.0998281  0.000292909
sel_devs_fsh(31,12)    0.0711254  0.000223381
sel_devs_fsh(32,1)    -0.135047 -4.35162e-05
sel_devs_fsh(32,2)     0.347186 -0.000130497
sel_devs_fsh(32,3)     0.155112 -0.000140888
sel_devs_fsh(32,4)     0.658927  -0.00017822
sel_devs_fsh(32,5)   -0.0159344  0.000250324
sel_devs_fsh(32,6)    -0.410203 -0.000190496
sel_devs_fsh(32,7)     -0.41296  -0.00023542
sel_devs_fsh(32,8)    -0.301834  5.10609e-05
sel_devs_fsh(32,9)  -0.00417308 -6.96974e-05
sel_devs_fsh(32,10)    0.0317482 -0.000264814
sel_devs_fsh(32,11)    0.0401413  0.000124497
sel_devs_fsh(32,12)    0.0469928  0.000147793
sel_devs_fsh(33,1)    -0.107561  4.85502e-05
sel_devs_fsh(33,2)    -0.382127  0.000115008
sel_devs_fsh(33,3)     0.281042 -0.000143247
sel_devs_fsh(33,4)     0.240064 -3.10498e-05
sel_devs_fsh(33,5)      0.19728  0.000320237
sel_devs_fsh(33,6)     0.278557 -0.000131288
sel_devs_fsh(33,7)     -0.24209 -0.000193168
sel_devs_fsh(33,8)   -0.0662757  9.59303e-05
sel_devs_fsh(33,9)   -0.0732071  1.09573e-06
sel_devs_fsh(33,10)   -0.0470491 -0.000151235
sel_devs_fsh(33,11)   -0.0448607  0.000306979
sel_devs_fsh(33,12)   -0.0337421  0.000234441
sel_devs_fsh(34,1)     -0.15329  4.90931e-05
sel_devs_fsh(34,2)     -0.37914  4.23722e-05
sel_devs_fsh(34,3)     0.828172 -4.25362e-06
sel_devs_fsh(34,4)     0.459956 -0.000111146
sel_devs_fsh(34,5)     0.150792  0.000336609
sel_devs_fsh(34,6)    -0.237078 -0.000107048
sel_devs_fsh(34,7)     0.250481 -0.000190087
sel_devs_fsh(34,8)    -0.113798  4.47368e-05
sel_devs_fsh(34,9)    -0.280948 -4.82067e-05
sel_devs_fsh(34,10)    -0.245732 -0.000235249
sel_devs_fsh(34,11)    -0.176702  0.000160161
sel_devs_fsh(34,12)    -0.102707  0.000183876
sel_devs_fsh(35,1)   -0.0807318  -0.00011099
sel_devs_fsh(35,2)    -0.152779  8.33461e-05
sel_devs_fsh(35,3)    -0.549428 -8.71061e-05
sel_devs_fsh(35,4)     0.304748 -8.27866e-05
sel_devs_fsh(35,5)     0.422212  0.000230265
sel_devs_fsh(35,6)    0.0117267 -7.62722e-06
sel_devs_fsh(35,7)   -0.0216343 -0.000188548
sel_devs_fsh(35,8)     0.234185  6.28387e-05
sel_devs_fsh(35,9)    0.0190822 -4.77985e-05
sel_devs_fsh(35,10)   -0.0545682 -0.000184423
sel_devs_fsh(35,11)   -0.0550209  0.000219623
sel_devs_fsh(35,12)   -0.0777829  0.000252863
sel_devs_fsh(36,1)   -0.0358389  1.94936e-05
sel_devs_fsh(36,2)    -0.203658 -9.97885e-06
sel_devs_fsh(36,3)    -0.453824 -0.000241346
sel_devs_fsh(36,4)    -0.299478 -8.30482e-05
sel_devs_fsh(36,5)     0.259284  0.000313811
sel_devs_fsh(36,6)     0.617419   -4.311e-05
sel_devs_fsh(36,7)     0.136628 -0.000165787
sel_devs_fsh(36,8)   -0.0942959 -4.98101e-05
sel_devs_fsh(36,9)     0.032611  1.50955e-05
sel_devs_fsh(36,10)    0.0379476 -0.000143617
sel_devs_fsh(36,11)    0.0237636  0.000226992
sel_devs_fsh(36,12)   -0.0205517  0.000271155
sel_devs_fsh(37,1)   -0.0800045  -1.5599e-05
sel_devs_fsh(37,2)       0.1705   2.2406e-05
sel_devs_fsh(37,3)    0.0742644  3.00449e-05
sel_devs_fsh(37,4)   -0.0157087 -3.66913e-05
sel_devs_fsh(37,5)    -0.223504  0.000378827
sel_devs_fsh(37,6)    0.0622224 -5.16499e-05
sel_devs_fsh(37,7)    0.0797689 -0.000174225
sel_devs_fsh(37,8)    0.0661954 -8.18637e-05
sel_devs_fsh(37,9)    0.0479466  3.04551e-05
sel_devs_fsh(37,10)   -0.0208921 -0.000198585
sel_devs_fsh(37,11)   -0.0843961  0.000143968
sel_devs_fsh(37,12)   -0.0763723  0.000273728
sel_devs_fsh(38,1)   -0.0844538  4.33923e-05
sel_devs_fsh(38,2)    -0.335548 -9.72399e-05
sel_devs_fsh(38,3)     0.679481 -0.000176327
sel_devs_fsh(38,4)   -0.0632896 -0.000120754
sel_devs_fsh(38,5)    0.0334181  0.000320703
sel_devs_fsh(38,6)    -0.172049  -0.00014498
sel_devs_fsh(38,7)    0.0383108 -0.000154661
sel_devs_fsh(38,8)    0.0432843 -5.07808e-05
sel_devs_fsh(38,9)   0.00978574  7.34425e-06
sel_devs_fsh(38,10)  -0.00853199  -0.00011911
sel_devs_fsh(38,11)   -0.0747708  8.71425e-05
sel_devs_fsh(38,12)    -0.065645  0.000266683
sel_devs_fsh(39,1)   -0.0397773  1.04426e-05
sel_devs_fsh(39,2)    -0.146645  1.00404e-05
sel_devs_fsh(39,3)    -0.667351 -5.36269e-05
sel_devs_fsh(39,4)     0.731397  -0.00010193
sel_devs_fsh(39,5)     0.030541  0.000392308
sel_devs_fsh(39,6)    -0.118238 -6.00092e-05
sel_devs_fsh(39,7)  -0.00458045 -7.72712e-05
sel_devs_fsh(39,8)    0.0244703 -0.000109011
sel_devs_fsh(39,9)    0.0484003 -2.28879e-05
sel_devs_fsh(39,10)    0.0539371  3.23871e-06
sel_devs_fsh(39,11)    0.0727628  0.000179799
sel_devs_fsh(39,12)    0.0151176  0.000365085
sel_devs_fsh(40,1)   -0.0687575 -2.08597e-05
sel_devs_fsh(40,2)     0.075661   0.00012183
sel_devs_fsh(40,3)    0.0017768 -0.000220742
sel_devs_fsh(40,4)    -0.325207 -4.02738e-05
sel_devs_fsh(40,5)     0.439664  0.000405109
sel_devs_fsh(40,6)     0.254822 -2.82969e-05
sel_devs_fsh(40,7)    -0.111554 -4.10111e-05
sel_devs_fsh(40,8)    -0.157204 -2.77094e-06
sel_devs_fsh(40,9)    -0.061293 -1.44775e-05
sel_devs_fsh(40,10)   0.00246317 -0.000107726
sel_devs_fsh(40,11)  -0.00103574  0.000146096
sel_devs_fsh(40,12)   -0.0493052  0.000282837
sel_devs_fsh(41,1)   -0.0968836  0.000140401
sel_devs_fsh(41,2)    0.0936633 -6.92267e-05
sel_devs_fsh(41,3)     0.562519 -0.000102937
sel_devs_fsh(41,4)    -0.074023 -0.000164119
sel_devs_fsh(41,5)    -0.304499   0.00025444
sel_devs_fsh(41,6)   -0.0495023 -0.000106954
sel_devs_fsh(41,7)   -0.0592943 -0.000166944
sel_devs_fsh(41,8)   -0.0297849 -7.00834e-05
sel_devs_fsh(41,9)   -0.0761623 -6.99061e-05
sel_devs_fsh(41,10)   -0.0336541 -1.40578e-05
sel_devs_fsh(41,11)      0.01845  0.000259071
sel_devs_fsh(41,12)    0.0491857  0.000336061
sel_devs_fsh(42,1)    -0.056443  -1.6908e-05
sel_devs_fsh(42,2)    0.0336578  0.000107327
sel_devs_fsh(42,3)   -0.0513293 -8.86643e-05
sel_devs_fsh(42,4)    0.0164565 -1.36495e-05
sel_devs_fsh(42,5)   -0.0436592   0.00028623
sel_devs_fsh(42,6)   0.00815568 -7.71431e-06
sel_devs_fsh(42,7)    0.0281373 -9.34986e-05
sel_devs_fsh(42,8)   -0.0595314 -4.59465e-05
sel_devs_fsh(42,9)   -0.0278184 -0.000129336
sel_devs_fsh(42,10)   0.00297861 -0.000229735
sel_devs_fsh(42,11)    0.0514528  2.44706e-05
sel_devs_fsh(42,12)    0.0979437  0.000224425
sel_devs_fsh(43,1)  -0.00580512 -3.16804e-05
sel_devs_fsh(43,2)   -0.0665104  7.01025e-05
sel_devs_fsh(43,3)    -0.540413 -0.000194699
sel_devs_fsh(43,4)    -0.136723  -0.00012984
sel_devs_fsh(43,5)   -0.0750892  0.000189683
sel_devs_fsh(43,6)    0.0426954 -6.85144e-05
sel_devs_fsh(43,7)    0.0610524 -0.000182972
sel_devs_fsh(43,8)     0.130074 -6.92785e-05
sel_devs_fsh(43,9)     0.145872 -5.26456e-05
sel_devs_fsh(43,10)    0.0804786 -1.37433e-05
sel_devs_fsh(43,11)     0.167477  0.000388337
sel_devs_fsh(43,12)     0.196904  0.000293129
sel_devs_fsh(44,1)   -0.0353964 -8.65514e-05
sel_devs_fsh(44,2)    -0.342805  7.09531e-05
sel_devs_fsh(44,3)     0.187823 -7.00162e-05
sel_devs_fsh(44,4)    0.0388144 -1.82883e-05
sel_devs_fsh(44,5)    -0.144741  0.000243879
sel_devs_fsh(44,6)   -0.0844698  1.55395e-05
sel_devs_fsh(44,7)   -0.0458245 -0.000103592
sel_devs_fsh(44,8)   -0.0108139 -1.24858e-05
sel_devs_fsh(44,9)   0.00716856   -8.386e-05
sel_devs_fsh(44,10)     0.152168 -0.000270052
sel_devs_fsh(44,11)     0.151877  0.000151226
sel_devs_fsh(44,12)     0.126198  0.000126214
sel_devs_fsh(45,1)   0.00355745  -8.4688e-05
sel_devs_fsh(45,2)    0.0808932 -1.67254e-05
sel_devs_fsh(45,3)    -0.604848 -0.000168865
sel_devs_fsh(45,4)     0.436586 -0.000127748
sel_devs_fsh(45,5)     0.161903  0.000125193
sel_devs_fsh(45,6)    -0.251133 -0.000114755
sel_devs_fsh(45,7)   -0.0662652 -0.000284756
sel_devs_fsh(45,8)    0.0922296 -6.54288e-05
sel_devs_fsh(45,9)    0.0953847 -0.000103759
sel_devs_fsh(45,10)    0.0280295 -2.72625e-05
sel_devs_fsh(45,11)   -0.0317557  0.000319542
sel_devs_fsh(45,12)    0.0553967   0.00022135
sel_devs_fsh(46,1)   0.00969403  0.000105796
sel_devs_fsh(46,2)    -0.054827 -2.12737e-05
sel_devs_fsh(46,3)    0.0434193 -6.92374e-05
sel_devs_fsh(46,4)      -1.0706 -3.21584e-05
sel_devs_fsh(46,5)     0.420462  0.000201166
sel_devs_fsh(46,6)     0.353701 -8.45996e-05
sel_devs_fsh(46,7)      0.12851 -3.40194e-05
sel_devs_fsh(46,8)    0.0173357 -8.95668e-05
sel_devs_fsh(46,9)    0.0252164 -0.000168202
sel_devs_fsh(46,10)    0.0954412 -0.000142636
sel_devs_fsh(46,11)    0.0590815  0.000270509
sel_devs_fsh(46,12)   -0.0274199  0.000211183
sel_devs_fsh(47,1)   -0.0246012 -5.94679e-05
sel_devs_fsh(47,2)      0.19745   8.8393e-06
sel_devs_fsh(47,3)     0.185754 -6.77463e-05
sel_devs_fsh(47,4)      0.61049 -9.36116e-05
sel_devs_fsh(47,5)     -1.08721  0.000190496
sel_devs_fsh(47,6)   -0.0207343 -5.95093e-05
sel_devs_fsh(47,7)   0.00703664 -0.000111599
sel_devs_fsh(47,8)    0.0358437  8.31479e-05
sel_devs_fsh(47,9)    0.0220201  2.69872e-05
sel_devs_fsh(47,10)   -0.0402837 -0.000204093
sel_devs_fsh(47,11)    0.0312091  0.000158521
sel_devs_fsh(47,12)    0.0830249  0.000101436
sel_devs_fsh(48,1)    0.0103985 -5.23257e-05
sel_devs_fsh(48,2)    -0.204312 -3.50093e-05
sel_devs_fsh(48,3)    0.0241054 -7.05657e-05
sel_devs_fsh(48,4)    -0.129561  -0.00019133
sel_devs_fsh(48,5)     0.505875  9.53176e-05
sel_devs_fsh(48,6)    -0.621225 -0.000113561
sel_devs_fsh(48,7)    -0.137245 -0.000108669
sel_devs_fsh(48,8)    0.0645593  2.72958e-05
sel_devs_fsh(48,9)     0.130307 -0.000125341
sel_devs_fsh(48,10)     0.144031  -0.00017376
sel_devs_fsh(48,11)     0.113172  0.000293866
sel_devs_fsh(48,12)    0.0998755  0.000134755
sel_devs_fsh(49,1)   -0.0197922  -0.00013574
sel_devs_fsh(49,2)     0.148853  -4.8387e-07
sel_devs_fsh(49,3)   -0.0400281 -4.87443e-05
sel_devs_fsh(49,4)    -0.142762 -0.000255478
sel_devs_fsh(49,5)    -0.100761  8.75567e-05
sel_devs_fsh(49,6)     0.289212 -0.000114141
sel_devs_fsh(49,7)     0.125195 -0.000116523
sel_devs_fsh(49,8)     -0.14299  4.22115e-05
sel_devs_fsh(49,9)     -0.12011 -0.000160203
sel_devs_fsh(49,10)   0.00147928 -0.000159842
sel_devs_fsh(49,11)  -0.00246359  0.000201777
sel_devs_fsh(49,12)   0.00413755  0.000200118
sel_devs_fsh(50,1)   -0.0144076 -7.01416e-05
sel_devs_fsh(50,2)    -0.517356  0.000175744
sel_devs_fsh(50,3)      1.08533 -8.07496e-05
sel_devs_fsh(50,4)     0.189466 -0.000218113
sel_devs_fsh(50,5)    -0.175851  0.000138668
sel_devs_fsh(50,6)   -0.0941795 -0.000193678
sel_devs_fsh(50,7)    -0.162764 -9.08078e-05
sel_devs_fsh(50,8)    -0.129695  7.43018e-05
sel_devs_fsh(50,9)    -0.112952 -9.62925e-05
sel_devs_fsh(50,10)    -0.033202 -8.42015e-05
sel_devs_fsh(50,11)   -0.0199726  0.000203934
sel_devs_fsh(50,12)   -0.0144156  0.000212487
sel_devs_fsh(51,1)    0.0694966  3.11702e-05
sel_devs_fsh(51,2)     -0.11223  7.09751e-05
sel_devs_fsh(51,3)     -1.45892 -4.91078e-05
sel_devs_fsh(51,4)      1.07207 -0.000134139
sel_devs_fsh(51,5)     0.299826  0.000174701
sel_devs_fsh(51,6)    0.0279376  -0.00015436
sel_devs_fsh(51,7)   -0.0716902 -5.94972e-05
sel_devs_fsh(51,8)     0.234198  8.57979e-05
sel_devs_fsh(51,9)    0.0844152 -0.000220231
sel_devs_fsh(51,10)   -0.0849476 -9.31711e-05
sel_devs_fsh(51,11)   -0.0260387  0.000124852
sel_devs_fsh(51,12)   -0.0341229  0.000168541
sel_devs_fsh(52,1)    0.0580546 -3.78514e-05
sel_devs_fsh(52,2)     0.142972 -1.99251e-05
sel_devs_fsh(52,3)     -0.29003 -0.000105202
sel_devs_fsh(52,4)     -1.10716 -6.29084e-05
sel_devs_fsh(52,5)     0.609174  0.000132832
sel_devs_fsh(52,6)     0.348134  -9.8463e-05
sel_devs_fsh(52,7)     0.211509 -3.17829e-05
sel_devs_fsh(52,8)   -0.0746061  0.000148296
sel_devs_fsh(52,9)     0.106349 -0.000163724
sel_devs_fsh(52,10)    0.0515091 -0.000150681
sel_devs_fsh(52,11)   -0.0288332  0.000221021
sel_devs_fsh(52,12)    -0.027064  0.000261184
sel_devs_fsh(53,1)    0.0346724 -5.62187e-05
sel_devs_fsh(53,2)     0.192235 -1.65206e-05
sel_devs_fsh(53,3)    0.0675714   -5.035e-05
sel_devs_fsh(53,4)    -0.546502 -7.38139e-05
sel_devs_fsh(53,5)    0.0576148  0.000131612
sel_devs_fsh(53,6)     0.207355 -0.000169485
sel_devs_fsh(53,7)     0.115407 -0.000136652
sel_devs_fsh(53,8)     0.111474  5.82386e-05
sel_devs_fsh(53,9)    -0.049208 -0.000128293
sel_devs_fsh(53,10)   -0.0733213 -5.16388e-05
sel_devs_fsh(53,11)   -0.0667365  0.000143866
sel_devs_fsh(53,12)   -0.0505701  0.000214293
sel_devs_fsh(54,1)    0.0917583  -2.4418e-05
sel_devs_fsh(54,2)     0.766676 -5.10619e-06
sel_devs_fsh(54,3)     0.142005 -6.20386e-05
sel_devs_fsh(54,4)    -0.641841 -0.000124269
sel_devs_fsh(54,5)     -1.36971   0.00025398
sel_devs_fsh(54,6)    0.0746969 -0.000112558
sel_devs_fsh(54,7)     0.487791 -6.03468e-05
sel_devs_fsh(54,8)     0.273763 -4.05763e-06
sel_devs_fsh(54,9)     0.176201 -0.000107271
sel_devs_fsh(54,10)     0.155298 -0.000119718
sel_devs_fsh(54,11)   -0.0489997  9.60284e-05
sel_devs_fsh(54,12)    -0.107641  0.000217962
sel_devs_fsh(55,1)     0.142121  -1.4529e-05
sel_devs_fsh(55,2)     0.997961 -1.46136e-05
sel_devs_fsh(55,3)     0.651113 -6.05773e-05
sel_devs_fsh(55,4)       0.7442 -7.77784e-05
sel_devs_fsh(55,5)     0.213967    0.0002244
sel_devs_fsh(55,6)    -0.524093 -0.000150794
sel_devs_fsh(55,7)    -0.648342 -1.55823e-06
sel_devs_fsh(55,8)     -0.60815  1.08095e-05
sel_devs_fsh(55,9)    -0.341737 -0.000208286
sel_devs_fsh(55,10)    -0.294098 -6.89955e-06
sel_devs_fsh(55,11)    -0.142772  0.000146621
sel_devs_fsh(55,12)    -0.190169  0.000143469
sel_devs_fsh(56,1)   -0.0307535 -5.45952e-05
sel_devs_fsh(56,2)     0.434425  3.48035e-07
sel_devs_fsh(56,3)        0.924 -8.75445e-05
sel_devs_fsh(56,4)    -0.172847 -2.56408e-05
sel_devs_fsh(56,5)     -0.11902  0.000202382
sel_devs_fsh(56,6)    -0.575765  -0.00019722
sel_devs_fsh(56,7)     -0.16692 -6.03816e-06
sel_devs_fsh(56,8)     0.106556 -1.22269e-06
sel_devs_fsh(56,9)    -0.119008 -0.000142255
sel_devs_fsh(56,10)    -0.119754  2.20276e-05
sel_devs_fsh(56,11)   -0.0974513  8.64414e-05
sel_devs_fsh(56,12)   -0.0634641  0.000197553
sel_devs_fsh(57,1)  0.000555804 -6.39865e-05
sel_devs_fsh(57,2)     0.158861  0.000101649
sel_devs_fsh(57,3)    -0.290281 -3.69006e-05
sel_devs_fsh(57,4)     0.619341  1.85825e-05
sel_devs_fsh(57,5)    0.0963902   0.00031827
sel_devs_fsh(57,6)   -0.0412031 -0.000152886
sel_devs_fsh(57,7)    -0.199442 -1.13198e-05
sel_devs_fsh(57,8)   -0.0492805  0.000111098
sel_devs_fsh(57,9)    -0.102464 -0.000128584
sel_devs_fsh(57,10)    -0.170184 -2.62555e-05
sel_devs_fsh(57,11)   -0.0259829   5.6182e-05
sel_devs_fsh(57,12)   0.00371678  0.000236068
sel_devs_fsh(58,1)    0.0233168 -3.28649e-05
sel_devs_fsh(58,2)    -0.370928 -2.85812e-05
sel_devs_fsh(58,3)   -0.0868928 -9.31626e-05
sel_devs_fsh(58,4)   0.00962787 -0.000199191
sel_devs_fsh(58,5)     0.594831  9.16087e-05
sel_devs_fsh(58,6)      0.27962 -0.000117613
sel_devs_fsh(58,7)    -0.300609 -3.71448e-06
sel_devs_fsh(58,8)    -0.176726 -5.89433e-06
sel_devs_fsh(58,9)   -0.0217693 -0.000196833
sel_devs_fsh(58,10)    0.0318525 -1.76022e-05
sel_devs_fsh(58,11)  -0.00480372  3.84894e-05
sel_devs_fsh(58,12)    0.0224591  0.000229182
sel_devs_fsh(59,1)  3.47225e-06  3.56661e-07
sel_devs_fsh(59,2)   0.00273864  6.91783e-05
sel_devs_fsh(59,3)   0.00288711 -2.69416e-05
sel_devs_fsh(59,4)     0.113416 -0.000156131
sel_devs_fsh(59,5)    -0.129178  4.95618e-05
sel_devs_fsh(59,6)    -0.099479 -0.000146989
sel_devs_fsh(59,7)    0.0117537 -4.28159e-05
sel_devs_fsh(59,8)   -0.0236892  3.50489e-06
sel_devs_fsh(59,9)   -0.0302516 -0.000101191
sel_devs_fsh(59,10)   0.00594458  7.28647e-05
sel_devs_fsh(59,11)    0.0326144  6.89199e-05
sel_devs_fsh(59,12)     0.113244  0.000276566
sel_devs_ats(1,2)     0.319825  6.50867e-05
sel_devs_ats(1,3)     0.330747 -3.20586e-05
sel_devs_ats(1,4)     0.304656 -1.73396e-05
sel_devs_ats(1,5)     0.297529 -0.000117608
sel_devs_ats(1,6)     0.314104  5.55527e-05
sel_devs_ats(1,7)      0.31932  4.05213e-05
sel_devs_ats(1,8)      0.31499 -8.44913e-05
sel_devs_ats(2,2)     0.360404  5.29248e-05
sel_devs_ats(2,3)     0.360551  1.41821e-05
sel_devs_ats(2,4)     0.355707 -2.65495e-05
sel_devs_ats(2,5)      0.34824 -8.03241e-05
sel_devs_ats(2,6)     0.351121  4.60864e-05
sel_devs_ats(2,7)     0.356851  3.18084e-05
sel_devs_ats(2,8)     0.359772 -5.78996e-05
sel_devs_ats(3,2)     0.431975  3.53114e-05
sel_devs_ats(3,3)      0.42451  1.92652e-06
sel_devs_ats(3,4)     0.394231 -1.43582e-05
sel_devs_ats(3,5)     0.407702 -2.55193e-05
sel_devs_ats(3,6)     0.395248  4.98477e-05
sel_devs_ats(3,7)     0.399809  1.65621e-05
sel_devs_ats(3,8)     0.390436  4.55172e-05
sel_devs_ats(4,2)     0.404645 -7.54908e-06
sel_devs_ats(4,3)      0.48703  1.43591e-05
sel_devs_ats(4,4)     0.477642 -5.13079e-05
sel_devs_ats(4,5)     0.440075 -5.57371e-05
sel_devs_ats(4,6)     0.446726  5.58676e-05
sel_devs_ats(4,7)     0.451462  1.55553e-05
sel_devs_ats(4,8)     0.425571   5.2024e-05
sel_devs_ats(5,2)     0.435288  1.44365e-05
sel_devs_ats(5,3)     0.521632 -6.69854e-06
sel_devs_ats(5,4)     0.516655 -4.58332e-05
sel_devs_ats(5,5)     0.481592 -5.93254e-05
sel_devs_ats(5,6)     0.473873   4.3246e-05
sel_devs_ats(5,7)     0.489187 -7.86822e-06
sel_devs_ats(5,8)      0.46268 -1.49423e-05
sel_devs_ats(6,2)     0.472496 -3.60283e-05
sel_devs_ats(6,3)     0.495807  2.31156e-05
sel_devs_ats(6,4)     0.552003 -6.93135e-05
sel_devs_ats(6,5)     0.516451 -8.07848e-05
sel_devs_ats(6,6)     0.522034  6.08742e-05
sel_devs_ats(6,7)     0.492915 -5.04742e-05
sel_devs_ats(6,8)     0.498314  7.32551e-05
sel_devs_ats(7,2)     0.543353  3.09358e-05
sel_devs_ats(7,3)     0.537883  1.10922e-06
sel_devs_ats(7,4)     0.520998  7.32389e-06
sel_devs_ats(7,5)     0.548952 -2.71032e-05
sel_devs_ats(7,6)     0.553633  2.68333e-05
sel_devs_ats(7,7)     0.534897 -3.03544e-05
sel_devs_ats(7,8)     0.519927  1.17994e-05
sel_devs_ats(8,2)     0.547316  6.47912e-05
sel_devs_ats(8,3)      0.56399 -1.60356e-05
sel_devs_ats(8,4)     0.552161  3.45621e-05
sel_devs_ats(8,5)     0.565355     1.64e-05
sel_devs_ats(8,6)     0.570705  2.39983e-05
sel_devs_ats(8,7)     0.557432 -1.37566e-05
sel_devs_ats(8,8)     0.541081 -1.00217e-05
sel_devs_ats(9,2)     0.514134  2.27721e-05
sel_devs_ats(9,3)     0.512381 -1.29011e-05
sel_devs_ats(9,4)     0.583661  3.88789e-06
sel_devs_ats(9,5)     0.599256  3.39391e-05
sel_devs_ats(9,6)     0.583065  1.03412e-06
sel_devs_ats(9,7)     0.571002  1.33236e-06
sel_devs_ats(9,8)     0.568473  5.62164e-05
sel_devs_ats(10,2)     0.510517 -3.18528e-05
sel_devs_ats(10,3)     0.526558 -6.25867e-05
sel_devs_ats(10,4)     0.611741 -2.15452e-05
sel_devs_ats(10,5)     0.611661   1.8128e-06
sel_devs_ats(10,6)     0.593712  3.30968e-05
sel_devs_ats(10,7)     0.586133 -5.62338e-05
sel_devs_ats(10,8)     0.582637  1.76061e-05
sel_devs_ats(11,2)     0.614258 -1.99647e-05
sel_devs_ats(11,3)      0.58092 -4.16514e-05
sel_devs_ats(11,4)     0.518823  1.86237e-05
sel_devs_ats(11,5)     0.548907 -8.32376e-06
sel_devs_ats(11,6)     0.579138  9.46855e-06
sel_devs_ats(11,7)     0.588148 -6.00351e-05
sel_devs_ats(11,8)     0.592349 -2.34229e-05
sel_devs_ats(12,2)      0.59531  1.12309e-05
sel_devs_ats(12,3)     0.573896 -3.18687e-05
sel_devs_ats(12,4)     0.529909  6.72659e-05
sel_devs_ats(12,5)     0.546111  4.82457e-06
sel_devs_ats(12,6)     0.573239  4.67609e-05
sel_devs_ats(12,7)     0.585843 -1.76182e-05
sel_devs_ats(12,8)     0.589438 -2.65938e-05
sel_devs_ats(13,2)     0.606755  3.91621e-06
sel_devs_ats(13,3)     0.594894  1.48127e-06
sel_devs_ats(13,4)     0.563523  3.59643e-05
sel_devs_ats(13,5)     0.573195  3.64602e-05
sel_devs_ats(13,6)     0.581906 -3.05773e-05
sel_devs_ats(13,7)     0.570895 -2.02146e-05
sel_devs_ats(13,8)     0.575137  6.16875e-05
sel_devs_ats(14,2)     0.624397 -5.64263e-06
sel_devs_ats(14,3)      0.59784 -9.89834e-07
sel_devs_ats(14,4)     0.548067  4.69566e-06
sel_devs_ats(14,5)     0.537775  2.50875e-06
sel_devs_ats(14,6)     0.548052   3.8038e-06
sel_devs_ats(14,7)      0.56198  4.57215e-05
sel_devs_ats(14,8)     0.573073  3.29052e-05
sel_devs_ats(15,2)     0.582171 -8.13512e-05
sel_devs_ats(15,3)     0.584068  3.96099e-05
sel_devs_ats(15,4)     0.553659 -1.17359e-05
sel_devs_ats(15,5)      0.54752 -1.35039e-05
sel_devs_ats(15,6)     0.554302 -1.83799e-05
sel_devs_ats(15,7)     0.564366 -4.87181e-06
sel_devs_ats(15,8)     0.565906 -2.74761e-06
sel_devs_ats(16,2)      0.59035 -4.41732e-05
sel_devs_ats(16,3)      0.54925 -2.22791e-06
sel_devs_ats(16,4)     0.572744 -6.25635e-06
sel_devs_ats(16,5)     0.546609  8.71148e-06
sel_devs_ats(16,6)     0.548049 -4.90122e-05
sel_devs_ats(16,7)      0.55446 -2.28087e-05
sel_devs_ats(16,8)     0.552321  8.06362e-06
sel_devs_ats(17,2)     0.577831 -4.47182e-05
sel_devs_ats(17,3)     0.554935  3.48594e-05
sel_devs_ats(17,4)     0.534328  1.57388e-05
sel_devs_ats(17,5)     0.542481  9.19817e-06
sel_devs_ats(17,6)     0.547172 -2.58997e-05
sel_devs_ats(17,7)     0.552161  3.57778e-05
sel_devs_ats(17,8)     0.546618  7.47781e-05
sel_devs_ats(18,2)     0.583699 -2.85133e-05
sel_devs_ats(18,3)     0.547873 -1.26107e-05
sel_devs_ats(18,4)     0.531556  6.17482e-05
sel_devs_ats(18,5)      0.53786  4.35991e-05
sel_devs_ats(18,6)     0.546702 -9.58926e-06
sel_devs_ats(18,7)      0.55257   4.3079e-05
sel_devs_ats(18,8)     0.545005  1.39291e-05
sel_devs_ats(19,2)     0.554218 -6.84742e-05
sel_devs_ats(19,3)     0.564503  2.08095e-05
sel_devs_ats(19,4)     0.594385  4.10708e-06
sel_devs_ats(19,5)     0.585969 -2.64124e-05
sel_devs_ats(19,6)     0.575961 -2.29702e-05
sel_devs_ats(19,7)     0.564567 -2.24954e-05
sel_devs_ats(19,8)     0.543762 -1.92001e-05
sel_devs_ats(20,2)     0.584651 -6.60127e-05
sel_devs_ats(20,3)     0.566646 -2.32307e-05
sel_devs_ats(20,4)     0.611794  2.08873e-05
sel_devs_ats(20,5)     0.597319 -5.89287e-05
sel_devs_ats(20,6)     0.591976  1.10762e-06
sel_devs_ats(20,7)       0.5853  5.66763e-06
sel_devs_ats(20,8)     0.558571 -4.89691e-06
sel_devs_ats(21,2)     0.499709 -2.96441e-05
sel_devs_ats(21,3)     0.619071  1.03153e-05
sel_devs_ats(21,4)     0.663121  7.52827e-05
sel_devs_ats(21,5)     0.640639 -8.10334e-06
sel_devs_ats(21,6)     0.608845  2.29266e-05
sel_devs_ats(21,7)     0.592311   2.8815e-06
sel_devs_ats(21,8)      0.60003    3.582e-05
sel_devs_ats(22,2)     0.533754  3.54629e-05
sel_devs_ats(22,3)     0.641726 -7.10326e-06
sel_devs_ats(22,4)     0.712951  3.75229e-05
sel_devs_ats(22,5)     0.666189  2.41557e-05
sel_devs_ats(22,6)     0.641832   1.9343e-05
sel_devs_ats(22,7)      0.63217  3.45133e-05
sel_devs_ats(22,8)     0.633104  4.51451e-05
sel_devs_ats(23,2)     0.651115 -1.56631e-05
sel_devs_ats(23,3)     0.607925   -1.771e-05
sel_devs_ats(23,4)     0.566724  3.92898e-05
sel_devs_ats(23,5)     0.664894 -2.29236e-05
sel_devs_ats(23,6)     0.677776   1.0787e-05
sel_devs_ats(23,7)      0.66783 -3.73982e-06
sel_devs_ats(23,8)     0.672384 -5.80821e-05
sel_devs_ats(24,2)     0.660241 -8.42027e-05
sel_devs_ats(24,3)     0.627659 -4.42639e-05
sel_devs_ats(24,4)     0.598188 -1.06931e-05
sel_devs_ats(24,5)     0.685885 -7.91829e-05
sel_devs_ats(24,6)     0.698011 -1.38901e-05
sel_devs_ats(24,7)      0.69211  1.55653e-05
sel_devs_ats(24,8)     0.693359  8.60739e-06
sel_devs_ats(25,2)      0.68184  8.23043e-06
sel_devs_ats(25,3)     0.691398    1.176e-05
sel_devs_ats(25,4)     0.717685  4.54904e-05
sel_devs_ats(25,5)     0.696423 -4.80955e-05
sel_devs_ats(25,6)     0.705492 -1.13605e-05
sel_devs_ats(25,7)     0.706178  2.21352e-06
sel_devs_ats(25,8)     0.706067 -3.00831e-05
sel_devs_ats(26,2)     0.692838  5.10742e-05
sel_devs_ats(26,3)     0.709211  1.64394e-05
sel_devs_ats(26,4)     0.738888  9.55392e-06
sel_devs_ats(26,5)      0.72294  2.38697e-05
sel_devs_ats(26,6)     0.726024  1.76959e-05
sel_devs_ats(26,7)      0.72749  1.29124e-05
sel_devs_ats(26,8)     0.725908  1.37472e-05
sel_devs_ats(27,2)     0.707053  1.40698e-05
sel_devs_ats(27,3)     0.717381  1.46442e-05
sel_devs_ats(27,4)     0.758634  1.67476e-05
sel_devs_ats(27,5)     0.742064  1.28845e-05
sel_devs_ats(27,6)     0.744721  3.29789e-05
sel_devs_ats(27,7)      0.74624 -1.57217e-05
sel_devs_ats(27,8)     0.743879  8.00927e-05
sel_devs_ats(28,2)     0.708796 -9.27224e-06
sel_devs_ats(28,3)     0.722444 -1.63211e-05
sel_devs_ats(28,4)     0.788934 -3.50955e-05
sel_devs_ats(28,5)     0.754294 -4.69794e-05
sel_devs_ats(28,6)     0.760878  5.11537e-07
sel_devs_ats(28,7)     0.762485 -4.97132e-06
sel_devs_ats(28,8)     0.757741  -3.0449e-05
sel_devs_ats(29,2)     0.769704 -1.34242e-05
sel_devs_ats(29,3)     0.761852 -1.97976e-05
sel_devs_ats(29,4)     0.697453 -3.85168e-05
sel_devs_ats(29,5)     0.758569 -7.97774e-05
sel_devs_ats(29,6)     0.784041  8.06718e-06
sel_devs_ats(29,7)     0.781369 -6.72901e-06
sel_devs_ats(29,8)     0.768146 -1.98561e-05
sel_devs_ats(30,2)     0.759219  4.77625e-05
sel_devs_ats(30,3)     0.759274  1.98497e-05
sel_devs_ats(30,4)     0.715046  1.13813e-05
sel_devs_ats(30,5)     0.759812  9.40643e-07
sel_devs_ats(30,6)     0.793482  5.38821e-05
sel_devs_ats(30,7)      0.78855  2.38337e-05
sel_devs_ats(30,8)     0.771729 -8.92946e-06
sel_coffs_fsh(1)     -4.10613   8.5859e-07
sel_coffs_fsh(2)      -2.1649  3.35347e-06
sel_coffs_fsh(3)    -0.883203 -1.20712e-05
sel_coffs_fsh(4)     0.358654 -1.12348e-05
sel_coffs_fsh(5)     0.339008   2.6457e-05
sel_coffs_fsh(6)      0.31001 -1.14386e-05
sel_coffs_fsh(7)     0.269753 -5.98976e-05
sel_coffs_fsh(8)      0.22949  0.000197516
sel_coffs_fsh(9)     0.194486 -0.000224022
sel_coffs_fsh(10)      0.16688  3.53123e-06
sel_coffs_fsh(11)      0.14511  8.99315e-05
sel_coffs_fsh(12)      0.12826 -4.89489e-06
sel_coffs_ats(2)      -0.1556  5.88102e-06
sel_coffs_ats(3)    -0.158058 -1.88276e-06
sel_coffs_ats(4)    0.0215323 -1.98838e-06
sel_coffs_ats(5)     0.145407 -1.30788e-05
sel_coffs_ats(6)     0.185936   5.2103e-06
sel_coffs_ats(7)     0.283345  3.24021e-06
sel_coffs_ats(8)     0.415224  6.13583e-06
sel_slp_bts     0.989773  0.000118167
sel_a50_bts      6.23891  4.34081e-05
sel_age_one_bts     -3.20437  -2.3834e-05
sel_slp_bts_dev(1982)    -0.706274  6.65246e-05
sel_slp_bts_dev(1983)    0.0452899  5.80656e-05
sel_slp_bts_dev(1984)   0.00746137 -3.98685e-05
sel_slp_bts_dev(1985)    -0.401975  1.85284e-06
sel_slp_bts_dev(1986)    -0.344204 -6.29666e-05
sel_slp_bts_dev(1987)    -0.443305  1.54456e-05
sel_slp_bts_dev(1988)    -0.546934 -3.78385e-05
sel_slp_bts_dev(1989)    -0.438753  9.62715e-06
sel_slp_bts_dev(1990)     0.326602  1.80134e-05
sel_slp_bts_dev(1991)     0.220886 -3.05073e-05
sel_slp_bts_dev(1992)     0.170447 -1.02626e-05
sel_slp_bts_dev(1993)     0.311237  2.83018e-05
sel_slp_bts_dev(1994)     0.279118  3.54812e-05
sel_slp_bts_dev(1995)       0.2323  0.000110896
sel_slp_bts_dev(1996)    -0.138037  5.05773e-05
sel_slp_bts_dev(1997)    -0.289995 -5.74281e-06
sel_slp_bts_dev(1998)    -0.511502  6.91593e-06
sel_slp_bts_dev(1999)    -0.605988  4.58426e-05
sel_slp_bts_dev(2000)    -0.339755  1.09841e-05
sel_slp_bts_dev(2001)    -0.481235 -6.00507e-05
sel_slp_bts_dev(2002)   -0.0644037 -1.95099e-05
sel_slp_bts_dev(2003)     0.172238 -3.74394e-06
sel_slp_bts_dev(2004)    0.0804297  5.97885e-05
sel_slp_bts_dev(2005)     0.206976 -1.26129e-05
sel_slp_bts_dev(2006)   -0.0839059   4.6623e-05
sel_slp_bts_dev(2007)     0.333824 -3.35338e-05
sel_slp_bts_dev(2008)     0.539266 -3.64899e-05
sel_slp_bts_dev(2009)     0.234229 -2.26549e-05
sel_slp_bts_dev(2010)     0.746995 -1.28616e-06
sel_slp_bts_dev(2011)     0.545862  1.98739e-05
sel_slp_bts_dev(2012)     0.200328  2.37571e-05
sel_slp_bts_dev(2013)     0.296749  2.92792e-05
sel_slp_bts_dev(2014)     0.530799  2.47957e-05
sel_slp_bts_dev(2015)     0.436361  2.18407e-05
sel_slp_bts_dev(2016)     0.432852  4.30411e-05
sel_slp_bts_dev(2017)      0.25551 -6.60595e-05
sel_slp_bts_dev(2018)    -0.333332 -4.67671e-06
sel_slp_bts_dev(2019)   0.00759366 -2.23941e-05
sel_slp_bts_dev(2020)    -0.113881 -4.11645e-05
sel_slp_bts_dev(2021)    -0.201623 -2.06661e-06
sel_slp_bts_dev(2022)   -0.0301943 -1.79449e-05
sel_slp_bts_dev(2023)    -0.323368 -0.000136443
sel_slp_bts_dev(2024)     -0.21469 -4.56293e-05
sel_a50_bts_dev(1982)  -0.00980545  0.000244882
sel_a50_bts_dev(1983)    -0.157518  8.35254e-05
sel_a50_bts_dev(1984)   -0.0349799  0.000143692
sel_a50_bts_dev(1985)    0.0766707  0.000114262
sel_a50_bts_dev(1986)    0.0999572   2.8608e-05
sel_a50_bts_dev(1987)    0.0619624 -0.000103405
sel_a50_bts_dev(1988)   -0.0517927   8.2092e-05
sel_a50_bts_dev(1989)   -0.0983692 -0.000136984
sel_a50_bts_dev(1990)    -0.209146  0.000213525
sel_a50_bts_dev(1991)    -0.130529  7.44886e-05
sel_a50_bts_dev(1992)    -0.133453 -9.19451e-05
sel_a50_bts_dev(1993)    -0.168995  2.84308e-05
sel_a50_bts_dev(1994)   -0.0886144  2.47083e-07
sel_a50_bts_dev(1995)   0.00299686  7.95947e-05
sel_a50_bts_dev(1996)     0.185741  1.78518e-05
sel_a50_bts_dev(1997)     0.222673  5.39037e-05
sel_a50_bts_dev(1998)      0.31304 -3.59446e-05
sel_a50_bts_dev(1999)      0.27702    4.176e-05
sel_a50_bts_dev(2000)     0.143018 -3.16857e-06
sel_a50_bts_dev(2001)     0.177824 -6.60778e-05
sel_a50_bts_dev(2002)    0.0547125  -9.2159e-05
sel_a50_bts_dev(2003)   0.00624088  8.63757e-06
sel_a50_bts_dev(2004)    0.0393791  0.000171127
sel_a50_bts_dev(2005)   -0.0186724  5.70461e-06
sel_a50_bts_dev(2006)    0.0895032  7.96263e-05
sel_a50_bts_dev(2007)   -0.0845118 -6.66891e-05
sel_a50_bts_dev(2008)    -0.118909  0.000107694
sel_a50_bts_dev(2009)   -0.0285869   0.00012368
sel_a50_bts_dev(2010)    -0.210485  1.77193e-05
sel_a50_bts_dev(2011)   -0.0935577  3.87299e-05
sel_a50_bts_dev(2012)   -0.0492001  7.17734e-05
sel_a50_bts_dev(2013)   -0.0785684 -6.72637e-05
sel_a50_bts_dev(2014)    -0.163089  7.02158e-06
sel_a50_bts_dev(2015)    -0.210063 -0.000160127
sel_a50_bts_dev(2016)    -0.150134  0.000159655
sel_a50_bts_dev(2017)   -0.0718821  8.45996e-06
sel_a50_bts_dev(2018)     0.151623 -5.75779e-05
sel_a50_bts_dev(2019)   -0.0206669 -9.63996e-05
sel_a50_bts_dev(2020)    0.0584529 -3.90791e-05
sel_a50_bts_dev(2021)     0.129831 -9.78715e-05
sel_a50_bts_dev(2022)     0.046434  7.97285e-05
sel_a50_bts_dev(2023)     0.197854 -0.000324654
sel_a50_bts_dev(2024)    0.0465965 -0.000141293
sel_age_one_bts_dev(1982)   -0.0374609 -5.20277e-05
sel_age_one_bts_dev(1983)    0.0021263 -0.000136845
sel_age_one_bts_dev(1984)    0.0359885  3.77407e-05
sel_age_one_bts_dev(1985)    -0.218975  2.86214e-05
sel_age_one_bts_dev(1986)    -0.403298 -6.38056e-05
sel_age_one_bts_dev(1987)    -0.238836  6.39922e-05
sel_age_one_bts_dev(1988)    -0.292745 -9.89851e-06
sel_age_one_bts_dev(1989)   -0.0561775  4.93392e-05
sel_age_one_bts_dev(1990)      0.08997 -3.04458e-05
sel_age_one_bts_dev(1991)    -0.171187 -1.68691e-05
sel_age_one_bts_dev(1992)   -0.0341034 -8.66258e-06
sel_age_one_bts_dev(1993)    0.0213139 -3.90133e-05
sel_age_one_bts_dev(1994)   -0.0983715 -8.76478e-06
sel_age_one_bts_dev(1995)    -0.122788   2.8554e-05
sel_age_one_bts_dev(1996)    -0.110101  5.10637e-06
sel_age_one_bts_dev(1997)   -0.0114382  2.16574e-05
sel_age_one_bts_dev(1998)    0.0462795  1.55893e-05
sel_age_one_bts_dev(1999)    0.0978188  3.58746e-05
sel_age_one_bts_dev(2000)     0.179111 -3.73164e-05
sel_age_one_bts_dev(2001)    0.0626446  -2.4071e-05
sel_age_one_bts_dev(2002)    0.0629671   0.00015903
sel_age_one_bts_dev(2003)     0.216761  9.06343e-05
sel_age_one_bts_dev(2004)    0.0406308  4.83141e-05
sel_age_one_bts_dev(2005)    -0.034099    8.393e-05
sel_age_one_bts_dev(2006)    -0.040197 -8.83251e-05
sel_age_one_bts_dev(2007)   -0.0642367 -7.91646e-05
sel_age_one_bts_dev(2008)     0.157424  9.30611e-06
sel_age_one_bts_dev(2009)     0.333837  1.65551e-06
sel_age_one_bts_dev(2010)     0.299448  1.29822e-05
sel_age_one_bts_dev(2011)    -0.104361 -2.85483e-05
sel_age_one_bts_dev(2012)   -0.0891361  7.12793e-05
sel_age_one_bts_dev(2013)     0.174927  1.26094e-05
sel_age_one_bts_dev(2014)      0.13564  5.51326e-05
sel_age_one_bts_dev(2015)    0.0299395  8.42416e-05
sel_age_one_bts_dev(2016)   -0.0729307  3.16663e-05
sel_age_one_bts_dev(2017)   -0.0828506  1.55935e-05
sel_age_one_bts_dev(2018)   -0.0427334 -2.12876e-05
sel_age_one_bts_dev(2019)     0.233862  9.50553e-05
sel_age_one_bts_dev(2020)    0.0990818  3.25186e-05
sel_age_one_bts_dev(2021)   -0.0356986  7.67308e-05
sel_age_one_bts_dev(2022)    0.0398744  0.000152684
sel_age_one_bts_dev(2023)   0.00850556  3.53081e-05
sel_age_one_bts_dev(2024)  -0.00642464 -2.67533e-06
rec_dev_future(2025)            0            0
rec_dev_future(2026)            0            0
rec_dev_future(2027)            0            0
rec_dev_future(2028)            0            0
rec_dev_future(2029)            0            0
L1      28.2781 -6.47176e-05
L2      46.0963 -0.000589275
log_K    -0.127712  0.000561385
d_scale(1,3)     0.524271  7.58412e-05
d_scale(1,4)     0.704796  4.50744e-06
d_scale(1,5)     0.765596  1.34128e-05
d_scale(1,6)     0.829606  1.29639e-05
d_scale(1,7)     0.869714 -5.60374e-06
d_scale(1,8)     0.932864 -2.78668e-05
d_scale(1,9)     0.978332 -2.38137e-05
d_scale(1,10)     0.974084  4.75371e-05
d_scale(1,11)      0.99401  2.94705e-05
d_scale(1,12)      0.93309 -8.66253e-06
d_scale(1,13)     0.952799 -2.65937e-05
d_scale(1,14)     0.861008  6.50338e-06
d_scale(1,15)       1.0025 -3.97909e-05
coh_eff(1955)            0            0
coh_eff(1956)            0            0
coh_eff(1957)            0            0
coh_eff(1958)            0            0
coh_eff(1959)            0            0
coh_eff(1960)            0            0
coh_eff(1961)            0            0
coh_eff(1962)            0            0
coh_eff(1963)            0            0
coh_eff(1964)            0            0
coh_eff(1965)            0            0
coh_eff(1966)            0            0
coh_eff(1967)            0            0
coh_eff(1968)            0            0
coh_eff(1969)            0            0
coh_eff(1970)            0            0
coh_eff(1971)    -0.195731 -8.58401e-05
coh_eff(1972)      0.27019  -0.00010871
coh_eff(1973)    0.0178871  6.80213e-05
coh_eff(1974)      0.50785  3.83253e-05
coh_eff(1975)    -0.424943  6.92402e-06
coh_eff(1976)     0.557309  4.89695e-06
coh_eff(1977)    -0.494052  4.10045e-05
coh_eff(1978)     0.447588  6.61075e-05
coh_eff(1979)    0.0390378 -0.000116434
coh_eff(1980)    -0.116125 -0.000105458
coh_eff(1981)     -0.43193 -0.000165665
coh_eff(1982)    -0.590149  9.91623e-07
coh_eff(1983)     0.549419 -2.12447e-05
coh_eff(1984)     0.649129 -6.03438e-05
coh_eff(1985)      1.12421  9.97374e-05
coh_eff(1986)   -0.0507823 -6.56096e-05
coh_eff(1987)     0.605563 -0.000146073
coh_eff(1988)   -0.0270272 -3.71328e-06
coh_eff(1989)     -1.01445 -8.44988e-05
coh_eff(1990)    -0.880886  0.000395156
coh_eff(1991)     -0.97245 -4.54554e-05
coh_eff(1992)     0.848661 -4.37307e-06
coh_eff(1993)      1.78563 -6.44364e-05
coh_eff(1994)      0.49999 -6.80717e-05
coh_eff(1995)    -0.989847  0.000151157
coh_eff(1996)   -0.0785233  0.000230861
coh_eff(1997)     0.964749 -0.000126919
coh_eff(1998)      0.46444  0.000113572
coh_eff(1999)     0.393606  1.94701e-05
coh_eff(2000)   -0.0710533  4.28193e-05
coh_eff(2001)     0.382438  5.66261e-05
coh_eff(2002)     0.875274 -0.000153689
coh_eff(2003)       1.4554  0.000136484
coh_eff(2004)     0.411144  8.01373e-06
coh_eff(2005)    -0.804029 -5.79644e-05
coh_eff(2006)      -1.1225 -0.000107563
coh_eff(2007)    -0.453701   6.0656e-05
coh_eff(2008)     -1.67132  0.000108532
coh_eff(2009)     -0.77524   0.00029449
coh_eff(2010)     -1.53855 -5.41676e-05
coh_eff(2011)     -2.03472  -0.00014863
coh_eff(2012)     -1.88594 -1.30973e-05
coh_eff(2013)     -1.15802 -7.53811e-05
coh_eff(2014)     0.720735 -8.29353e-05
coh_eff(2015)     0.774458 -1.18067e-05
coh_eff(2016)    0.0191161 -5.07219e-05
coh_eff(2017)       0.3218 -8.10635e-05
coh_eff(2018)     0.564118  1.90115e-05
coh_eff(2019)      1.40881  -6.2244e-05
coh_eff(2020)     0.370853 -3.06489e-05
coh_eff(2021)     0.189007  0.000138817
coh_eff(2022)      1.11705  0.000112249
coh_eff(2023)      1.66502  1.30741e-05
coh_eff(2024)     0.353912  1.89271e-05
coh_eff(2025)            0            0
coh_eff(2026)            0            0
yr_eff(1970)            0            0
yr_eff(1971)     0.182048 -8.71166e-06
yr_eff(1972)   -0.0368493 -9.80115e-05
yr_eff(1973)      0.25581 -0.000102579
yr_eff(1974)     0.285236 -6.16589e-05
yr_eff(1975)      1.41123  5.24654e-05
yr_eff(1976)     0.323894   3.5404e-05
yr_eff(1977)      1.80156 -2.19568e-06
yr_eff(1978)     0.261994  6.93072e-05
yr_eff(1979)     0.994118  2.57668e-05
yr_eff(1980)      1.05416  5.25715e-06
yr_eff(1981)     0.686784  3.55784e-05
yr_eff(1982)   -0.0135108  3.48128e-05
yr_eff(1983)     0.710122 -5.12228e-05
yr_eff(1984)    -0.714578 -1.02673e-05
yr_eff(1985)   -0.0426538 -4.85299e-05
yr_eff(1986)     -1.56818  5.33647e-05
yr_eff(1987)     -0.75008 -4.72207e-05
yr_eff(1988)     -1.17332 -0.000128659
yr_eff(1989)    -0.904121 -0.000196024
yr_eff(1990)     0.295505 -0.000807643
yr_eff(1991)    0.0313391  0.000749452
yr_eff(1992)    0.0445351  1.74111e-05
yr_eff(1993)     0.820972 -2.10099e-05
yr_eff(1994)   -0.0655039  4.14279e-05
yr_eff(1995)    -0.492022 -0.000107188
yr_eff(1996)    -0.720847 -1.10327e-05
yr_eff(1997)    -0.326736  0.000181495
yr_eff(1998)     -0.62396 -3.59574e-05
yr_eff(1999)     -0.44726  3.64227e-05
yr_eff(2000)    -0.347642 -6.33313e-05
yr_eff(2001)     0.433007 -2.99297e-05
yr_eff(2002)    -0.096255 -6.23425e-05
yr_eff(2003)    -0.206935 -6.22104e-05
yr_eff(2004)    -0.437963  0.000317713
yr_eff(2005)    -0.880863 -0.000238125
yr_eff(2006)    -0.255303  6.64702e-05
yr_eff(2007)     0.847882 -0.000116173
yr_eff(2008)     0.262084   -8.795e-05
yr_eff(2009)       1.3247  2.04026e-05
yr_eff(2010)     0.497071 -0.000116785
yr_eff(2011)     0.644254 -5.49034e-05
yr_eff(2012)    0.0107439 -0.000105466
yr_eff(2013)     0.428681  1.14252e-06
yr_eff(2014)     0.558671 -0.000184453
yr_eff(2015)     -2.25876 -0.000217203
yr_eff(2016)    -0.485373  5.61278e-05
yr_eff(2017)    -0.209312  3.42929e-06
yr_eff(2018)     -1.02216  7.80684e-05
yr_eff(2019)     0.652145  1.36457e-05
yr_eff(2020)     -1.76719 -3.40405e-05
yr_eff(2021)     -1.55096 -0.000155255
yr_eff(2022)    -0.242907  3.07392e-05
yr_eff(2023)     -3.43126 -7.28903e-05
yr_eff(2024)     0.849623 -4.36006e-07
yr_eff(2025)            0            0
yr_eff(2026)            0            0
yr_eff(2027)            0            0
yr_eff(2028)            0            0
yr_eff(2029)            0            0
