ParName   Value   Gradient
log_avgrec      9.80428  9.78791e-06
log_avginit      4.31113  6.09549e-07
log_avg_F     -1.18804  1.94707e-06
log_Rzero      10.1113  1.05707e-06
log_q_cpue     0.984191 -4.80934e-07
log_q_avo     -8.54563 -6.96688e-09
log_initdevs(2)      3.62018 -2.87358e-05
log_initdevs(3)      3.10496 -3.06979e-06
log_initdevs(4)      1.60121  1.41256e-05
log_initdevs(5)     0.503909  4.99142e-06
log_initdevs(6)     0.993098  1.35368e-06
log_initdevs(7)     0.175821  8.36255e-06
log_initdevs(8)    -0.913223  2.28444e-06
log_initdevs(9)     -1.34028   1.3069e-05
log_initdevs(10)     -1.31647  1.13407e-06
log_initdevs(11)     -1.30001 -1.95741e-06
log_initdevs(12)     -1.28544 -1.65448e-06
log_initdevs(13)     -1.28224   -6.051e-08
log_initdevs(14)     -1.28035  2.43661e-06
log_initdevs(15)     -1.28116  3.12036e-06
log_rec_devs(1964)     -1.20278 -1.80827e-05
log_rec_devs(1965)   -0.0760301   2.2223e-05
log_rec_devs(1966)     -0.53553   6.4418e-06
log_rec_devs(1967)    0.0706615   2.6375e-06
log_rec_devs(1968)    0.0838895 -2.63467e-06
log_rec_devs(1969)     0.349998  4.66604e-06
log_rec_devs(1970)     0.279961 -1.04777e-06
log_rec_devs(1971)    -0.156133  3.60594e-05
log_rec_devs(1972)    -0.324242  4.32179e-05
log_rec_devs(1973)     0.330895 -1.34116e-06
log_rec_devs(1974)    -0.198375 -2.43932e-05
log_rec_devs(1975)    -0.317998  1.69873e-06
log_rec_devs(1976)    -0.343664  7.32557e-06
log_rec_devs(1977)    -0.250515  3.23572e-06
log_rec_devs(1978)     0.278661  1.94126e-06
log_rec_devs(1979)      1.18879  9.80159e-06
log_rec_devs(1980)     0.496972  4.11377e-06
log_rec_devs(1981)     0.697458  4.31091e-06
log_rec_devs(1982)   -0.0040362 -1.92214e-06
log_rec_devs(1983)      1.07138  6.33415e-06
log_rec_devs(1984)    -0.173822  4.41758e-06
log_rec_devs(1985)     0.680276 -1.34659e-06
log_rec_devs(1986)    -0.395518 -8.76743e-07
log_rec_devs(1987)     -0.90882  1.83863e-06
log_rec_devs(1988)     -1.24623  3.29944e-06
log_rec_devs(1989)    -0.500821 -1.05447e-06
log_rec_devs(1990)      1.05783  1.00356e-05
log_rec_devs(1991)     0.323049  6.47776e-08
log_rec_devs(1992)    0.0638069 -5.63394e-06
log_rec_devs(1993)     0.787964 -1.58477e-06
log_rec_devs(1994)    -0.323394  5.79133e-06
log_rec_devs(1995)    -0.651172   -1.173e-05
log_rec_devs(1996)     0.195143  1.57373e-05
log_rec_devs(1997)     0.592801 -9.05121e-06
log_rec_devs(1998)     -0.17073  3.24101e-06
log_rec_devs(1999)   -0.0967997 -3.08959e-06
log_rec_devs(2000)     0.323465  2.08383e-06
log_rec_devs(2001)     0.662173 -3.59864e-06
log_rec_devs(2002)     0.262978 -3.40551e-06
log_rec_devs(2003)    -0.157748 -7.75736e-08
log_rec_devs(2004)    -0.934082  8.43733e-05
log_rec_devs(2005)      -1.3154  3.30482e-05
log_rec_devs(2006)    -0.358114 -2.72988e-05
log_rec_devs(2007)     0.497966  6.35793e-06
log_rec_devs(2008)    -0.439637 -4.14547e-06
log_rec_devs(2009)     0.984209 -1.15324e-06
log_rec_devs(2010)     0.194087  1.86356e-06
log_rec_devs(2011)    -0.340712  8.69841e-06
log_rec_devs(2012)    -0.438046 -7.18073e-06
log_rec_devs(2013)      1.03008  5.04691e-06
log_rec_devs(2014)     0.979262 -9.07558e-06
log_rec_devs(2015)   -0.0967311 -3.01652e-06
log_rec_devs(2016)     -1.22548 -3.11892e-06
log_rec_devs(2017)     -1.27325  -3.6437e-05
log_rec_devs(2018)    -0.531619 -1.16025e-05
log_rec_devs(2019)      1.56152  1.50328e-06
log_rec_devs(2020)     0.284697 -1.17014e-06
log_rec_devs(2021)    -0.188426  2.88001e-06
log_rec_devs(2022)    -0.142491  -1.3672e-06
log_rec_devs(2023)   -0.0380833 -3.21908e-07
log_rec_devs(2024)    0.0264437  3.48113e-06
log_F_devs(1964)   -0.0383659  3.65759e-05
log_F_devs(1965)     0.185426  3.34664e-05
log_F_devs(1966)     0.073365 -4.27681e-05
log_F_devs(1967)     0.629416 -3.54638e-05
log_F_devs(1968)     0.724258  1.31397e-06
log_F_devs(1969)     0.768143  7.81529e-06
log_F_devs(1970)      1.04266 -7.87662e-06
log_F_devs(1971)      1.36982   1.8632e-05
log_F_devs(1972)      1.49143 -1.47083e-06
log_F_devs(1973)      1.53623 -4.69627e-05
log_F_devs(1974)      1.74291  2.60102e-05
log_F_devs(1975)      1.83299  3.55869e-05
log_F_devs(1976)      1.56322  1.63461e-06
log_F_devs(1977)      1.25346 -3.79415e-05
log_F_devs(1978)      1.23511 -8.49431e-06
log_F_devs(1979)      1.18269  1.21848e-05
log_F_devs(1980)      1.01519 -1.20295e-06
log_F_devs(1981)     0.504447 -1.15155e-05
log_F_devs(1982)    -0.144439  3.25354e-06
log_F_devs(1983)    -0.573665  1.00581e-05
log_F_devs(1984)    -0.725181  8.95578e-06
log_F_devs(1985)    -0.790066 -6.46724e-07
log_F_devs(1986)    -0.876234 -8.35884e-06
log_F_devs(1987)     -1.23072  1.71975e-05
log_F_devs(1988)    -0.909442  4.81689e-06
log_F_devs(1989)    -0.816621 -4.34819e-06
log_F_devs(1990)    -0.446816 -5.95544e-06
log_F_devs(1991)    -0.308996  3.19775e-06
log_F_devs(1992)    0.0670849 -6.67447e-06
log_F_devs(1993)    -0.195796  6.18853e-06
log_F_devs(1994)    -0.391073 -6.13958e-06
log_F_devs(1995)    -0.535691  -4.7279e-06
log_F_devs(1996)    -0.617955   3.2104e-06
log_F_devs(1997)    -0.680476  2.62336e-06
log_F_devs(1998)    -0.662549  1.89757e-06
log_F_devs(1999)    -0.716222  4.14052e-07
log_F_devs(2000)    -0.569959 -4.03993e-06
log_F_devs(2001)    -0.434716 -1.49449e-05
log_F_devs(2002)    -0.303847  6.51675e-07
log_F_devs(2003)       -0.216  6.96552e-06
log_F_devs(2004)    -0.238625 -2.82565e-06
log_F_devs(2005)    -0.228638  3.73341e-06
log_F_devs(2006)    -0.141156   1.9822e-06
log_F_devs(2007)    -0.157717  1.72318e-06
log_F_devs(2008)    -0.154319 -7.61824e-06
log_F_devs(2009)    -0.288686  9.76316e-06
log_F_devs(2010)    -0.415941  2.32094e-06
log_F_devs(2011)    -0.133595 -1.11552e-05
log_F_devs(2012)     -0.26664 -7.10684e-06
log_F_devs(2013)    -0.434451 -3.39181e-06
log_F_devs(2014)    -0.429567  5.88087e-06
log_F_devs(2015)    -0.236846 -1.39819e-05
log_F_devs(2016)    -0.237925 -3.31332e-06
log_F_devs(2017)    -0.371475 -8.85709e-07
log_F_devs(2018)    -0.393656 -2.22572e-06
log_F_devs(2019)    -0.360651  8.67956e-07
log_F_devs(2020)   -0.0554641 -6.25539e-06
log_F_devs(2021)    0.0729153  1.91651e-06
log_F_devs(2022)     -0.42939 -3.60073e-06
log_F_devs(2023)    -0.425134  2.26023e-06
log_F_devs(2024)    -0.706053 -1.78035e-05
sel_coffs_fsh(1)     -7.96514 -3.41174e-07
sel_coffs_fsh(2)     -3.94169 -7.58964e-07
sel_coffs_fsh(3)     -1.89116 -2.39275e-06
sel_coffs_fsh(4)    -0.693948  -1.6548e-06
sel_coffs_fsh(5)   -0.0050812  1.29865e-06
sel_coffs_fsh(6)     0.407248  7.38826e-07
sel_coffs_fsh(7)     0.485087  3.97975e-06
sel_coffs_fsh(8)     0.459119 -1.61219e-06
sel_coffs_fsh(9)     0.406101  1.02018e-06
sel_coffs_fsh(10)     0.351664 -1.17521e-07
sel_coffs_fsh(11)      0.31598 -4.91342e-07
sel_coffs_fsh(12)     0.286042  4.63425e-07
sel_coffs_ats(2)    -0.192339  3.46928e-08
sel_coffs_ats(3)   -0.0522857 -3.20968e-07
sel_coffs_ats(4)     0.171796  9.96173e-07
sel_coffs_ats(5)     0.255648  -2.3029e-07
sel_coffs_ats(6)     0.284448 -3.13253e-07
sel_coffs_ats(7)      0.36031 -2.54431e-07
sel_coffs_ats(8)    -0.317171  4.04749e-08
sel_slp_bts      1.00188  -7.5634e-06
sel_a50_bts      6.24438 -4.98642e-06
sel_age_one_bts     -3.10977 -6.45976e-07
sel_age_one_bts_dev(1982)     0.208159  1.93657e-06
sel_age_one_bts_dev(1983)     0.177087 -4.24728e-06
sel_age_one_bts_dev(1984)     0.238218 -3.89839e-07
sel_age_one_bts_dev(1985)    -0.187013 -2.10701e-06
sel_age_one_bts_dev(1986)    -0.533004 -2.11553e-06
sel_age_one_bts_dev(1987)   -0.0193794 -2.83361e-07
sel_age_one_bts_dev(1988)    -0.445342   8.0138e-07
sel_age_one_bts_dev(1989)    0.0564836 -4.01019e-07
sel_age_one_bts_dev(1990)     0.280309 -2.69712e-06
sel_age_one_bts_dev(1991)    -0.211071  4.14307e-07
sel_age_one_bts_dev(1992)   0.00755553  8.19593e-07
sel_age_one_bts_dev(1993)     0.133384 -3.12189e-06
sel_age_one_bts_dev(1994)   -0.0969998 -3.57224e-07
sel_age_one_bts_dev(1995)      -0.2042  1.27881e-06
sel_age_one_bts_dev(1996)    -0.297267  2.34793e-06
sel_age_one_bts_dev(1997)    -0.111296  9.24634e-07
sel_age_one_bts_dev(1998)   -0.0642098 -2.87355e-07
sel_age_one_bts_dev(1999)    0.0527957  1.73998e-06
sel_age_one_bts_dev(2000)     0.220158  4.60595e-07
sel_age_one_bts_dev(2001)    0.0515164 -1.18574e-06
sel_age_one_bts_dev(2002)    0.0544923  8.02049e-07
sel_age_one_bts_dev(2003)     0.289048  3.69119e-06
sel_age_one_bts_dev(2004)    0.0172493 -3.71273e-06
sel_age_one_bts_dev(2005)   -0.0196374  -5.0721e-06
sel_age_one_bts_dev(2006)   -0.0721669  1.18603e-06
sel_age_one_bts_dev(2007)    0.0260855  1.63453e-05
sel_age_one_bts_dev(2008)     0.139787 -8.64643e-07
sel_age_one_bts_dev(2009)     0.311329  3.38144e-06
sel_age_one_bts_dev(2010)     0.394102 -6.61213e-07
sel_age_one_bts_dev(2011)    -0.219899 -1.44166e-06
sel_age_one_bts_dev(2012)    -0.133812  8.13831e-07
sel_age_one_bts_dev(2013)      0.31021  2.97927e-06
sel_age_one_bts_dev(2014)     0.232836 -1.31977e-06
sel_age_one_bts_dev(2015)    0.0678649  2.41219e-07
sel_age_one_bts_dev(2016)     -0.16511  2.82484e-07
sel_age_one_bts_dev(2017)    -0.216902    3.054e-06
sel_age_one_bts_dev(2018)     -0.33901 -1.51423e-07
sel_age_one_bts_dev(2019)     0.310085  1.94902e-06
sel_age_one_bts_dev(2020)     -0.27724 -1.58997e-07
sel_age_one_bts_dev(2021)     0.015607 -3.61683e-06
sel_age_one_bts_dev(2022)     0.143885 -1.70039e-06
sel_age_one_bts_dev(2023)    -0.110129  4.78969e-07
sel_age_one_bts_dev(2024)   -0.0145583 -3.62981e-07
L1      28.2771 -3.28756e-05
L2      46.1029  2.92745e-05
log_K    -0.127657 -1.71282e-05
d_scale(1,3)       0.5236   1.6644e-06
d_scale(1,4)     0.704441  3.16598e-06
d_scale(1,5)     0.765531  1.01384e-06
d_scale(1,6)     0.829738  1.29111e-06
d_scale(1,7)     0.870009  1.73265e-06
d_scale(1,8)      0.93339  2.24277e-06
d_scale(1,9)     0.978959  1.67349e-06
d_scale(1,10)     0.974786  1.71465e-06
d_scale(1,11)     0.995057  3.32374e-06
d_scale(1,12)     0.934379  1.82553e-06
d_scale(1,13)     0.954279  1.32293e-06
d_scale(1,14)     0.863685   3.7649e-06
d_scale(1,15)      1.00357   6.0566e-07
coh_eff(1955)            0            0
coh_eff(1956)            0            0
coh_eff(1957)            0            0
coh_eff(1958)            0            0
coh_eff(1959)            0            0
coh_eff(1960)            0            0
coh_eff(1961)            0            0
coh_eff(1962)            0            0
coh_eff(1963)            0            0
coh_eff(1964)            0            0
coh_eff(1965)            0            0
coh_eff(1966)            0            0
coh_eff(1967)            0            0
coh_eff(1968)            0            0
coh_eff(1969)            0            0
coh_eff(1970)            0            0
coh_eff(1971)    -0.174323  2.31519e-07
coh_eff(1972)     0.306421  1.80068e-06
coh_eff(1973)    0.0390724  1.78491e-07
coh_eff(1974)     0.531743  1.51231e-06
coh_eff(1975)    -0.412214  2.33887e-07
coh_eff(1976)     0.532175 -1.11373e-07
coh_eff(1977)    -0.453931  4.29967e-07
coh_eff(1978)     0.450572  2.76398e-06
coh_eff(1979)    0.0472289  6.97463e-07
coh_eff(1980)   -0.0884757  2.59037e-06
coh_eff(1981)    -0.393548  1.54962e-06
coh_eff(1982)    -0.577961  2.03511e-06
coh_eff(1983)     0.581888  7.83726e-06
coh_eff(1984)     0.662105  5.15403e-06
coh_eff(1985)      1.15135  9.30777e-06
coh_eff(1986)   -0.0378492  4.47679e-06
coh_eff(1987)     0.619849  2.91311e-08
coh_eff(1988)   -0.0222035 -2.75566e-06
coh_eff(1989)     -1.01852  3.25712e-06
coh_eff(1990)    -0.872082 -1.27901e-06
coh_eff(1991)    -0.963217   5.6052e-06
coh_eff(1992)     0.852762  2.70896e-06
coh_eff(1993)      1.78828  1.82057e-06
coh_eff(1994)      0.50675  -9.2423e-06
coh_eff(1995)    -0.980142 -2.37415e-05
coh_eff(1996)   -0.0701877 -8.46287e-06
coh_eff(1997)     0.969765 -5.05993e-06
coh_eff(1998)     0.468247  -4.0689e-07
coh_eff(1999)     0.395471 -8.00685e-07
coh_eff(2000)   -0.0684585  2.04863e-08
coh_eff(2001)      0.38565  6.62653e-06
coh_eff(2002)     0.878651 -2.35896e-06
coh_eff(2003)      1.45759 -2.53532e-06
coh_eff(2004)     0.414359 -7.37028e-06
coh_eff(2005)    -0.801252  -1.6864e-06
coh_eff(2006)     -1.12025 -1.67134e-06
coh_eff(2007)    -0.451529 -2.47616e-06
coh_eff(2008)     -1.66794  1.05858e-06
coh_eff(2009)    -0.772619 -6.60736e-06
coh_eff(2010)     -1.53472 -2.77094e-07
coh_eff(2011)     -2.03099 -2.24425e-06
coh_eff(2012)     -1.88351 -1.81059e-06
coh_eff(2013)     -1.15567 -4.10409e-06
coh_eff(2014)     0.725716  2.18527e-06
coh_eff(2015)     0.775548 -5.64723e-06
coh_eff(2016)    0.0220587 -8.21308e-06
coh_eff(2017)     0.326546 -2.92646e-06
coh_eff(2018)     0.567605  1.78464e-06
coh_eff(2019)      1.41456  2.72202e-06
coh_eff(2020)     0.374874  -7.6998e-06
coh_eff(2021)     0.189904  8.17653e-07
coh_eff(2022)      1.11949 -5.88937e-06
coh_eff(2023)      1.66812 -1.09953e-06
coh_eff(2024)     0.354273 -6.81591e-07
coh_eff(2025)            0            0
coh_eff(2026)            0            0
yr_eff(1970)            0            0
yr_eff(1971)     0.173551   -5.584e-07
yr_eff(1972)  -0.00300696  2.09981e-06
yr_eff(1973)     0.308491 -3.44221e-08
yr_eff(1974)      0.36507  5.12913e-07
yr_eff(1975)       1.5963  6.51414e-06
yr_eff(1976)     0.449983  4.71237e-07
yr_eff(1977)      2.08953  8.34227e-06
yr_eff(1978)     0.408934  1.20622e-06
yr_eff(1979)      1.21191  1.36984e-05
yr_eff(1980)      1.29396  1.49138e-05
yr_eff(1981)     0.913715  1.28052e-05
yr_eff(1982)     0.186395  7.72926e-06
yr_eff(1983)     0.946769  2.56151e-05
yr_eff(1984)    -0.522567  1.33375e-05
yr_eff(1985)      0.19448  2.44068e-05
yr_eff(1986)     -1.38398  2.09207e-05
yr_eff(1987)    -0.523554  3.89818e-05
yr_eff(1988)    -0.965512  1.69869e-05
yr_eff(1989)    -0.691759  1.58429e-05
yr_eff(1990)     0.532205  3.39027e-05
yr_eff(1991)     0.254749  2.29144e-05
yr_eff(1992)     0.266519  1.09834e-05
yr_eff(1993)      1.04645  2.72802e-05
yr_eff(1994)     0.161365  2.94754e-06
yr_eff(1995)    -0.266973 -1.39868e-05
yr_eff(1996)    -0.495524 -3.22068e-05
yr_eff(1997)    -0.103362 -7.00029e-05
yr_eff(1998)    -0.399312 -4.28155e-05
yr_eff(1999)    -0.222823 -2.57489e-05
yr_eff(2000)    -0.121403 -2.93232e-05
yr_eff(2001)     0.660468 -2.06249e-05
yr_eff(2002)     0.129535 -2.71899e-06
yr_eff(2003)    0.0186953 -1.61334e-06
yr_eff(2004)    -0.211623  4.57581e-07
yr_eff(2005)    -0.655893 -5.91046e-06
yr_eff(2006)   -0.0297589 -7.49297e-06
yr_eff(2007)      1.07527 -8.40583e-06
yr_eff(2008)     0.487862 -7.97473e-06
yr_eff(2009)      1.55114  1.36669e-06
yr_eff(2010)     0.723351 -1.91605e-06
yr_eff(2011)     0.870444  1.51563e-05
yr_eff(2012)     0.236104  5.51307e-06
yr_eff(2013)     0.655274  4.26854e-06
yr_eff(2014)     0.787419 -2.48226e-06
yr_eff(2015)     -2.04374 -6.33109e-07
yr_eff(2016)    -0.258236 -5.10578e-06
yr_eff(2017)    0.0174494 -2.23019e-05
yr_eff(2018)    -0.798285 -1.24734e-05
yr_eff(2019)     0.881217 -1.64074e-05
yr_eff(2020)     -1.54825  -2.9903e-07
yr_eff(2021)     -1.33076 -3.05979e-06
yr_eff(2022)   -0.0141347 -4.66602e-06
yr_eff(2023)     -3.22027 -1.53715e-07
yr_eff(2024)      0.94571 -8.32646e-07
yr_eff(2025)            0            0
yr_eff(2026)            0            0
yr_eff(2027)            0            0
yr_eff(2028)            0            0
yr_eff(2029)            0            0
