ParName   Value   Gradient
log_avgrec      10.0231 -5.09105e-05
log_avginit      6.44689 -9.49686e-06
log_avg_F     -1.65752 -2.48478e-05
log_q_cpue    -0.417896 -7.84011e-06
log_q_avo     -8.35763  4.85673e-08
log_F_devs(1964)     -2.16282  -4.9341e-06
log_F_devs(1965)     -1.65677  2.58299e-05
log_F_devs(1966)     -1.32162  2.40914e-05
log_F_devs(1967)    -0.472095  7.20854e-06
log_F_devs(1968)     -0.26453 -3.94044e-05
log_F_devs(1969)    -0.162044 -3.51656e-05
log_F_devs(1970)     0.170084 -1.21275e-05
log_F_devs(1971)     0.579309  3.63144e-05
log_F_devs(1972)     0.823585  5.60577e-05
log_F_devs(1973)     0.946321   5.3186e-05
log_F_devs(1974)     0.989901  6.02036e-05
log_F_devs(1975)     0.891259  3.46723e-05
log_F_devs(1976)     0.726553 -8.18353e-06
log_F_devs(1977)     0.440393 -1.30567e-05
log_F_devs(1978)     0.330108 -2.49248e-05
log_F_devs(1979)     0.178752 -2.55275e-05
log_F_devs(1980)     0.113007 -5.48659e-05
log_F_devs(1981)    0.0357974 -4.19935e-05
log_F_devs(1982)    -0.120416 -3.07862e-05
log_F_devs(1983)    -0.218314 -2.98842e-05
log_F_devs(1984)     -0.18334 -3.09886e-05
log_F_devs(1985)    -0.180032  -3.1854e-05
log_F_devs(1986)    -0.205186 -2.79099e-05
log_F_devs(1987)    -0.502992 -2.74248e-05
log_F_devs(1988)    -0.205565 -1.17657e-05
log_F_devs(1989)    -0.166951  -1.2825e-05
log_F_devs(1990)     0.101013   1.7718e-06
log_F_devs(1991)    0.0638789  -1.9549e-06
log_F_devs(1992)     0.293289 -6.88493e-06
log_F_devs(1993)    0.0513023  5.17204e-06
log_F_devs(1994)   -0.0284012  1.74159e-05
log_F_devs(1995)    -0.116748  4.16732e-06
log_F_devs(1996)    -0.190519  3.25308e-06
log_F_devs(1997)    -0.245406 -3.89305e-06
log_F_devs(1998)    -0.275353  1.60122e-05
log_F_devs(1999)    -0.361728 -1.03065e-05
log_F_devs(2000)    -0.217865  8.33548e-06
log_F_devs(2001)   -0.0721953 -1.33117e-05
log_F_devs(2002)    0.0504665 -5.03653e-06
log_F_devs(2003)     0.110712  5.46567e-08
log_F_devs(2004)    0.0829171  1.11462e-06
log_F_devs(2005)    0.0891211  6.77438e-07
log_F_devs(2006)     0.212725  2.30232e-05
log_F_devs(2007)     0.278445 -1.12705e-06
log_F_devs(2008)     0.326132  3.71751e-06
log_F_devs(2009)   -0.0327673  3.83823e-05
log_F_devs(2010)    -0.264891   2.6041e-05
log_F_devs(2011)     0.133262 -9.29705e-06
log_F_devs(2012)   -0.0410843  9.50978e-06
log_F_devs(2013)    -0.151255  7.95493e-06
log_F_devs(2014)   -0.0624282  1.70176e-05
log_F_devs(2015)      0.11521  4.55899e-07
log_F_devs(2016)     0.112513 -7.87615e-06
log_F_devs(2017)  -0.00696792 -1.50068e-06
log_F_devs(2018)  -0.00781007  1.52457e-05
log_F_devs(2019)    0.0716316   1.5574e-05
log_F_devs(2020)     0.416198 -2.03446e-06
log_F_devs(2021)     0.585755 -2.17169e-05
log_F_devs(2022)     0.133952 -9.44453e-06
log_F_devs(2023)     0.289401 -5.35685e-06
log_F_devs(2024)     0.155114 -2.38349e-06
sel_coffs_fsh(1)     -7.97399  1.74578e-07
sel_coffs_fsh(2)      -3.7058  2.63011e-06
sel_coffs_fsh(3)     -1.64137  -1.4724e-06
sel_coffs_fsh(4)    -0.564695  1.76475e-06
sel_coffs_fsh(5)    0.0443557  3.28598e-06
sel_coffs_fsh(6)     0.374982 -1.65443e-05
sel_coffs_fsh(7)      0.49662  9.53959e-06
sel_coffs_fsh(8)     0.462587  3.78309e-06
sel_coffs_fsh(9)     0.405881 -5.80941e-06
sel_coffs_fsh(10)     0.335741    6.779e-06
sel_coffs_fsh(11)     0.280252  1.04601e-05
sel_coffs_fsh(12)     0.229609 -1.44479e-05
sel_slp_bts      1.06039  1.64643e-05
sel_a50_bts       5.8879  6.80103e-06
sel_age_one_bts     -3.17082 -4.65141e-06
L1      28.2408 -7.34775e-05
L2      45.9082  0.000105899
log_K    -0.132219  4.42841e-06
coh_eff(1955)            0            0
coh_eff(1956)            0            0
coh_eff(1957)            0            0
coh_eff(1958)            0            0
coh_eff(1959)            0            0
coh_eff(1960)            0            0
coh_eff(1961)            0            0
coh_eff(1962)            0            0
coh_eff(1963)            0            0
coh_eff(1964)            0            0
coh_eff(1965)            0            0
coh_eff(1966)            0            0
coh_eff(1967)            0            0
coh_eff(1968)            0            0
coh_eff(1969)            0            0
coh_eff(1970)            0            0
coh_eff(1971)    -0.136682 -4.10779e-07
coh_eff(1972)     0.251618 -1.05046e-06
coh_eff(1973)   -0.0146726 -1.82081e-06
coh_eff(1974)     0.540911 -1.82569e-06
coh_eff(1975)    -0.321143  3.86141e-06
coh_eff(1976)     0.443177  5.51818e-07
coh_eff(1977)    -0.333339  5.52352e-06
coh_eff(1978)     0.454321 -2.86274e-06
coh_eff(1979)   -0.0256522 -2.01447e-06
coh_eff(1980)    -0.151351  4.02889e-06
coh_eff(1981)     -1.26723 -1.17647e-05
coh_eff(1982)     -3.02812  2.38371e-05
coh_eff(1983)     -1.80147  7.30317e-06
coh_eff(1984)     -1.42604 -1.32802e-05
coh_eff(1985)      -1.0677 -5.42235e-06
coh_eff(1986)      -2.5482 -1.71902e-06
coh_eff(1987)     -1.02619   1.3441e-05
coh_eff(1988)     -1.39051  6.88533e-06
coh_eff(1989)      -2.9571  -1.9722e-05
coh_eff(1990)     -2.84878 -2.95829e-05
coh_eff(1991)     -2.15592   3.7123e-06
coh_eff(1992)     0.268605 -1.51384e-05
coh_eff(1993)      1.55679 -8.11769e-06
coh_eff(1994)    -0.402465 -6.96111e-06
coh_eff(1995)     -2.41666 -5.78148e-05
coh_eff(1996)     -1.78378 -2.70734e-05
coh_eff(1997)     0.154004 -8.59632e-06
coh_eff(1998)   -0.0975216 -3.68939e-05
coh_eff(1999)     0.362675 -2.59955e-05
coh_eff(2000)    -0.111801 -1.32879e-06
coh_eff(2001)     0.348961 -2.28308e-05
coh_eff(2002)     0.852421 -1.63203e-05
coh_eff(2003)      1.46168  3.58744e-05
coh_eff(2004)     0.403633 -2.08999e-06
coh_eff(2005)    -0.817848  4.13779e-07
coh_eff(2006)     -1.19537  8.82316e-06
coh_eff(2007)    -0.476865  4.26221e-07
coh_eff(2008)     -1.76546  6.62036e-06
coh_eff(2009)    -0.796819 -4.41582e-06
coh_eff(2010)     -1.61694 -1.52814e-06
coh_eff(2011)     -2.07374 -5.24434e-05
coh_eff(2012)     -1.90423  6.89732e-05
coh_eff(2013)     -1.17951  6.59027e-06
coh_eff(2014)     0.700034 -7.21548e-05
coh_eff(2015)     0.770687 -9.52484e-05
coh_eff(2016)   0.00224846  6.25389e-05
coh_eff(2017)     0.302487 -1.05594e-06
coh_eff(2018)     0.528299  -5.0948e-07
coh_eff(2019)      1.36141 -1.87397e-05
coh_eff(2020)     0.367022  -4.7876e-06
coh_eff(2021)     0.214404  0.000165304
coh_eff(2022)      1.13818 -1.23208e-05
coh_eff(2023)      1.63417  3.64203e-06
coh_eff(2024)    0.0235123  1.99178e-07
coh_eff(2025)            0            0
coh_eff(2026)            0            0
yr_eff(1970)            0            0
yr_eff(1971)     0.182915   1.2503e-06
yr_eff(1972)    0.0405245 -3.07262e-07
yr_eff(1973)     0.307455 -8.59339e-07
yr_eff(1974)      0.29173 -3.92007e-06
yr_eff(1975)      1.34183 -1.71704e-05
yr_eff(1976)     0.520881  1.32443e-05
yr_eff(1977)      2.75972  3.51404e-05
yr_eff(1978)     0.564531  6.56505e-06
yr_eff(1979)      2.37455  1.64801e-05
yr_eff(1980)      1.48042   9.2239e-06
yr_eff(1981)     0.831381 -1.26518e-07
yr_eff(1982)    -0.679945 -1.24837e-05
yr_eff(1983)      1.26484  7.18152e-05
yr_eff(1984)    -0.164269  1.75422e-05
yr_eff(1985)     0.621481 -3.08184e-05
yr_eff(1986)    -0.900113   3.9495e-05
yr_eff(1987)     0.289827  1.65471e-06
yr_eff(1988)    -0.417318  1.40987e-05
yr_eff(1989)    -0.781226   6.9606e-05
yr_eff(1990)     0.707355   4.8571e-05
yr_eff(1991)      1.00249 -0.000192896
yr_eff(1992)     0.509242  7.29252e-05
yr_eff(1993)      1.39328 -5.34371e-05
yr_eff(1994)     0.148703  4.68435e-05
yr_eff(1995)    -0.227327 -2.94956e-06
yr_eff(1996)    -0.580553  6.62596e-05
yr_eff(1997)     0.584294 -6.93148e-05
yr_eff(1998)    -0.229468  5.80246e-05
yr_eff(1999)      0.25257 -0.000155921
yr_eff(2000)   -0.0733663 -0.000109544
yr_eff(2001)     0.655567  0.000110272
yr_eff(2002)     0.149084 -8.81842e-05
yr_eff(2003)    0.0431174 -3.42702e-05
yr_eff(2004)    -0.205259  4.39314e-06
yr_eff(2005)     -0.65678 -1.90162e-05
yr_eff(2006)   -0.0221322  1.82798e-05
yr_eff(2007)      1.07992 -1.55985e-05
yr_eff(2008)     0.507283   7.0131e-06
yr_eff(2009)      1.58646 -3.46619e-05
yr_eff(2010)     0.727085 -2.25238e-05
yr_eff(2011)     0.903628  4.19363e-06
yr_eff(2012)      0.25672 -0.000289193
yr_eff(2013)      0.65594  5.01292e-05
yr_eff(2014)     0.777283  0.000379318
yr_eff(2015)     -1.97699  1.89224e-05
yr_eff(2016)    -0.241048 -0.000104553
yr_eff(2017)    0.0313607  2.15318e-05
yr_eff(2018)    -0.800642  8.29066e-05
yr_eff(2019)     0.872677  0.000166723
yr_eff(2020)     -1.49639   1.2381e-05
yr_eff(2021)     -1.27546  2.79446e-06
yr_eff(2022)   -0.0323188 -0.000156232
yr_eff(2023)     -3.23123 -1.42889e-05
yr_eff(2024)     0.829161  -5.3367e-06
yr_eff(2025)            0            0
yr_eff(2026)            0            0
yr_eff(2027)            0            0
yr_eff(2028)            0            0
yr_eff(2029)            0            0
