ParName   Value   Gradient
log_avgrec      9.80476 -1.04202e-05
log_avginit      4.82758  2.57316e-05
log_avg_F     -1.42814  1.93105e-05
log_q_ats    -0.552946 -6.89924e-06
log_Rzero      10.1079  1.03014e-07
log_q_cpue    0.0877488  3.93581e-06
log_q_avo     -8.10965 -3.79297e-08
log_initdevs(2)       3.3142   7.4174e-05
log_initdevs(3)      2.83102  0.000228532
log_initdevs(4)      1.29726  7.77165e-05
log_initdevs(5)     0.470493  2.36062e-05
log_initdevs(6)      1.14514  7.49378e-05
log_initdevs(7)     0.351577  4.11184e-05
log_initdevs(8)    -0.785855  9.26134e-06
log_initdevs(9)     -1.24213   2.9599e-06
log_initdevs(10)     -1.23499  3.76367e-06
log_initdevs(11)      -1.2299  4.00409e-06
log_initdevs(12)     -1.22671  6.34718e-06
log_initdevs(13)     -1.22834  1.29912e-05
log_initdevs(14)     -1.22993  9.86064e-06
log_initdevs(15)     -1.23183  2.00107e-05
log_rec_devs(1964)     -1.04686  2.21187e-05
log_rec_devs(1965)     0.147575  2.63888e-05
log_rec_devs(1966)    -0.186659  5.26476e-05
log_rec_devs(1967)     0.342425  0.000133572
log_rec_devs(1968)     0.198827   0.00016592
log_rec_devs(1969)     0.366328  0.000166045
log_rec_devs(1970)     0.260952  8.25554e-05
log_rec_devs(1971)    -0.228347  -7.4151e-06
log_rec_devs(1972)    -0.429726  -3.9461e-05
log_rec_devs(1973)     0.389274 -0.000201736
log_rec_devs(1974)    0.0681004 -0.000292519
log_rec_devs(1975)    -0.114339 -0.000347667
log_rec_devs(1976)    -0.395436 -0.000140964
log_rec_devs(1977)    -0.366945  -0.00013283
log_rec_devs(1978)      0.23864 -0.000101555
log_rec_devs(1979)      1.15207  3.26529e-05
log_rec_devs(1980)     0.462673  0.000126538
log_rec_devs(1981)     0.649577  0.000128783
log_rec_devs(1982)   -0.0314159  6.18493e-05
log_rec_devs(1983)      1.04939 -1.76304e-05
log_rec_devs(1984)    -0.168556  3.32711e-07
log_rec_devs(1985)     0.684238  7.23361e-05
log_rec_devs(1986)    -0.306951   3.1088e-05
log_rec_devs(1987)    -0.850254  5.28579e-05
log_rec_devs(1988)     -1.19132 -8.42504e-05
log_rec_devs(1989)    -0.453104  9.77492e-05
log_rec_devs(1990)     0.973613  5.92832e-05
log_rec_devs(1991)     0.252534   -0.0001057
log_rec_devs(1992)    0.0420163 -7.35394e-05
log_rec_devs(1993)      0.76687 -5.39948e-05
log_rec_devs(1994)    -0.282679 -6.56709e-05
log_rec_devs(1995)    -0.591991 -8.35393e-05
log_rec_devs(1996)     0.173171  0.000129212
log_rec_devs(1997)     0.503282 -6.00632e-08
log_rec_devs(1998)     -0.19691  -9.5075e-06
log_rec_devs(1999)    -0.119246 -7.00946e-05
log_rec_devs(2000)     0.304023 -1.26378e-05
log_rec_devs(2001)      0.62535  1.40473e-05
log_rec_devs(2002)     0.225842  4.37121e-05
log_rec_devs(2003)    -0.208322 -3.12786e-05
log_rec_devs(2004)    -0.985241  6.89865e-05
log_rec_devs(2005)     -1.34241  3.14188e-05
log_rec_devs(2006)    -0.407433  4.86765e-06
log_rec_devs(2007)     0.351681  4.15603e-05
log_rec_devs(2008)    -0.297926  6.10971e-06
log_rec_devs(2009)      1.00512  7.74853e-05
log_rec_devs(2010)     0.250765  4.92083e-06
log_rec_devs(2011)    -0.247266  9.75926e-05
log_rec_devs(2012)    -0.412542 -6.41388e-05
log_rec_devs(2013)     0.854461  8.17569e-06
log_rec_devs(2014)     0.953392  2.23465e-05
log_rec_devs(2015)    0.0695609  2.52199e-05
log_rec_devs(2016)    -0.963886 -5.49936e-05
log_rec_devs(2017)     -1.01657  6.51443e-05
log_rec_devs(2018)    -0.337708 -2.91028e-05
log_rec_devs(2019)      1.28835 -6.67883e-05
log_rec_devs(2020)    -0.046183 -1.56948e-05
log_rec_devs(2021)    -0.647096 -4.69562e-05
log_rec_devs(2022)    -0.505707 -1.71159e-05
log_rec_devs(2023)    -0.340633  6.18255e-05
log_rec_devs(2024)    0.0695578 -2.39396e-05
log_F_devs(1964)    -0.656694  9.88382e-05
log_F_devs(1965)    -0.631935  0.000211782
log_F_devs(1966)    -0.709644  0.000210014
log_F_devs(1967)    -0.169111  3.73846e-05
log_F_devs(1968)    -0.182128 -0.000278119
log_F_devs(1969)     -0.14026 -0.000150893
log_F_devs(1970)     0.221686 -0.000466926
log_F_devs(1971)     0.568156  0.000542631
log_F_devs(1972)      0.67877  0.000103572
log_F_devs(1973)     0.808177  0.000403549
log_F_devs(1974)     0.869028  0.000498041
log_F_devs(1975)     0.675826  0.000532175
log_F_devs(1976)     0.565723  0.000177579
log_F_devs(1977)     0.455351 -0.000347782
log_F_devs(1978)     0.557556 -0.000344708
log_F_devs(1979)     0.624238 -0.000154067
log_F_devs(1980)     0.581321 -0.000111883
log_F_devs(1981)     0.276635 -0.000326161
log_F_devs(1982)    -0.194792 -7.84232e-05
log_F_devs(1983)    -0.411031 -6.25346e-05
log_F_devs(1984)    -0.445562  6.09524e-05
log_F_devs(1985)    -0.447522 -4.64927e-05
log_F_devs(1986)    -0.542013  0.000200415
log_F_devs(1987)    -0.871923 -0.000112626
log_F_devs(1988)    -0.577586   8.0713e-05
log_F_devs(1989)    -0.549243 -2.53295e-05
log_F_devs(1990)     -0.14815 -0.000107747
log_F_devs(1991)     0.061357 -3.45568e-06
log_F_devs(1992)     0.371504  1.43707e-05
log_F_devs(1993)    -0.033327  0.000115584
log_F_devs(1994)    -0.217558 -2.09292e-05
log_F_devs(1995)    -0.174351 -5.60182e-05
log_F_devs(1996)    0.0376279 -2.74368e-05
log_F_devs(1997)    0.0906971   5.2591e-05
log_F_devs(1998)   -0.0786147 -7.96234e-05
log_F_devs(1999)    -0.344527 -4.60855e-05
log_F_devs(2000)    -0.280323  0.000141081
log_F_devs(2001)    -0.191125  0.000100553
log_F_devs(2002)   -0.0526129 -6.44547e-05
log_F_devs(2003)  0.000922184 -3.17061e-05
log_F_devs(2004)    -0.115467 -1.55443e-05
log_F_devs(2005)    -0.172832 -9.64001e-05
log_F_devs(2006)    0.0261172  -6.3942e-05
log_F_devs(2007)    0.0861876 -1.41566e-05
log_F_devs(2008)     0.196843 -8.07393e-05
log_F_devs(2009)     0.165812 -3.69492e-05
log_F_devs(2010)   -0.0411415  1.68061e-05
log_F_devs(2011)     0.248113 -7.23141e-05
log_F_devs(2012)     0.225906 -7.11417e-05
log_F_devs(2013)     0.132622 -0.000132824
log_F_devs(2014)    0.0727034  1.12226e-05
log_F_devs(2015)     0.160604  3.05904e-05
log_F_devs(2016)   -0.0855381 -9.87197e-05
log_F_devs(2017)   -0.0521638  3.77004e-05
log_F_devs(2018)    -0.235545  3.12463e-05
log_F_devs(2019)    -0.104038 -5.81761e-05
log_F_devs(2020)     0.191368 -8.13538e-05
log_F_devs(2021)     0.176622  2.06005e-05
log_F_devs(2022)    -0.130215   0.00015245
log_F_devs(2023)     -0.10527 -4.08293e-06
log_F_devs(2024)   -0.0352313  0.000151578
sel_devs_fsh(1,1)    0.0523643  5.68429e-05
sel_devs_fsh(1,2)     0.092813 -5.02854e-05
sel_devs_fsh(1,3)     0.144578  -1.5828e-05
sel_devs_fsh(1,4)   -0.0409604  0.000193906
sel_devs_fsh(1,5)   -0.0414369 -6.95442e-05
sel_devs_fsh(1,6)   -0.0558112 -0.000130365
sel_devs_fsh(1,7)   -0.0478918 -0.000147849
sel_devs_fsh(1,8)   -0.0388264 -3.83551e-05
sel_devs_fsh(1,9)   -0.0280894  0.000132932
sel_devs_fsh(1,10)   -0.0186313   6.5067e-05
sel_devs_fsh(1,11)   -0.0114681   0.00104188
sel_devs_fsh(1,12)   -0.0066382  -0.00100924
sel_devs_fsh(2,1)    0.0595832  3.62623e-05
sel_devs_fsh(2,2)     0.100097 -7.46559e-05
sel_devs_fsh(2,3)     0.243746  7.62226e-05
sel_devs_fsh(2,4)     -0.13007  0.000167425
sel_devs_fsh(2,5)    -0.094628 -7.98334e-05
sel_devs_fsh(2,6)   -0.0732301  -0.00014126
sel_devs_fsh(2,7)   -0.0520255 -0.000151433
sel_devs_fsh(2,8)   -0.0326115  -4.0234e-05
sel_devs_fsh(2,9)   -0.0200037  0.000101884
sel_devs_fsh(2,10)  -0.00898693  6.22676e-05
sel_devs_fsh(2,11)  0.000326395   0.00100857
sel_devs_fsh(2,12)   0.00780107 -0.000981816
sel_devs_fsh(3,1)      0.12442  2.69718e-05
sel_devs_fsh(3,2)    0.0998494 -1.91838e-05
sel_devs_fsh(3,3)   0.00674124 -4.07011e-05
sel_devs_fsh(3,4)  -0.00611581  0.000145358
sel_devs_fsh(3,5)   -0.0455032  -9.9321e-05
sel_devs_fsh(3,6)   -0.0500796 -0.000115315
sel_devs_fsh(3,7)   -0.0474384 -0.000170724
sel_devs_fsh(3,8)    -0.036558  5.24092e-06
sel_devs_fsh(3,9)   -0.0248434  0.000132573
sel_devs_fsh(3,10)   -0.0132757  0.000106275
sel_devs_fsh(3,11)  -0.00564623  0.000991092
sel_devs_fsh(3,12)  -0.00154757 -0.000917178
sel_devs_fsh(4,1)     0.131641  3.60684e-05
sel_devs_fsh(4,2)      0.06671 -2.77804e-06
sel_devs_fsh(4,3)     0.156631  2.15772e-05
sel_devs_fsh(4,4)    -0.104656   0.00015501
sel_devs_fsh(4,5)    -0.100463 -9.99099e-05
sel_devs_fsh(4,6)   -0.0904869 -7.91526e-05
sel_devs_fsh(4,7)   -0.0785028  -0.00021159
sel_devs_fsh(4,8)   -0.0237003  7.06015e-05
sel_devs_fsh(4,9)  -0.00578503  4.03431e-05
sel_devs_fsh(4,10)   0.00952921  8.10779e-05
sel_devs_fsh(4,11)     0.016824    0.0008738
sel_devs_fsh(4,12)    0.0222591 -0.000883249
sel_devs_fsh(5,1)     0.187543 -6.69829e-06
sel_devs_fsh(5,2)     0.136757 -3.16715e-05
sel_devs_fsh(5,3)   -0.0326876  5.95218e-05
sel_devs_fsh(5,4)     -0.25066   9.7099e-05
sel_devs_fsh(5,5)    -0.122147 -2.94674e-05
sel_devs_fsh(5,6)    -0.106588 -4.04921e-05
sel_devs_fsh(5,7)   -0.0487751 -0.000239284
sel_devs_fsh(5,8)   0.00985934  9.81588e-05
sel_devs_fsh(5,9)    0.0360054  2.88279e-05
sel_devs_fsh(5,10)    0.0521082  9.85797e-05
sel_devs_fsh(5,11)    0.0592844  0.000825658
sel_devs_fsh(5,12)    0.0793027  -0.00083343
sel_devs_fsh(6,1)    0.0104406  6.51047e-06
sel_devs_fsh(6,2)    0.0289123   9.2972e-06
sel_devs_fsh(6,3)   -0.0807082  6.52397e-05
sel_devs_fsh(6,4)   -0.0487694  0.000203251
sel_devs_fsh(6,5) -0.000898951  -4.6596e-05
sel_devs_fsh(6,6)   -0.0139746 -5.83325e-05
sel_devs_fsh(6,7)   -0.0483946 -0.000334414
sel_devs_fsh(6,8)   0.00659744  0.000238961
sel_devs_fsh(6,9)     0.027097 -7.26451e-05
sel_devs_fsh(6,10)    0.0325846  9.57683e-05
sel_devs_fsh(6,11)    0.0373124   0.00071411
sel_devs_fsh(6,12)    0.0498022 -0.000807585
sel_devs_fsh(7,1)    -0.232236  5.79347e-06
sel_devs_fsh(7,2)     0.198856 -3.67549e-05
sel_devs_fsh(7,3)     0.115541  -1.8146e-05
sel_devs_fsh(7,4)    0.0801267  0.000106687
sel_devs_fsh(7,5)   -0.0212609 -4.87538e-05
sel_devs_fsh(7,6)  -0.00787917 -3.79206e-05
sel_devs_fsh(7,7)   -0.0164976 -0.000273132
sel_devs_fsh(7,8)   -0.0307474  0.000335646
sel_devs_fsh(7,9)   -0.0142851  -0.00015657
sel_devs_fsh(7,10)   -0.0163137  0.000131339
sel_devs_fsh(7,11)   -0.0226452  0.000614111
sel_devs_fsh(7,12)   -0.0326594 -0.000623705
sel_devs_fsh(8,1)    -0.252578 -3.17413e-06
sel_devs_fsh(8,2)     0.109746 -9.53238e-05
sel_devs_fsh(8,3)    0.0685367  2.16126e-05
sel_devs_fsh(8,4)    0.0491129  8.04666e-05
sel_devs_fsh(8,5)    0.0390803 -5.62539e-05
sel_devs_fsh(8,6)    0.0479469 -3.92886e-05
sel_devs_fsh(8,7)    0.0289841 -0.000333324
sel_devs_fsh(8,8)  1.17518e-06  0.000342331
sel_devs_fsh(8,9)    -0.010668  -0.00014291
sel_devs_fsh(8,10)   -0.0173768  0.000154617
sel_devs_fsh(8,11)    -0.025387   0.00057086
sel_devs_fsh(8,12)   -0.0373975 -0.000485408
sel_devs_fsh(9,1)     -0.21019   2.6425e-05
sel_devs_fsh(9,2)     0.149784 -3.02903e-05
sel_devs_fsh(9,3)     0.180779 -1.28559e-05
sel_devs_fsh(9,4)     0.036198  4.42273e-05
sel_devs_fsh(9,5)   0.00648812 -8.34524e-05
sel_devs_fsh(9,6)  -0.00391313 -6.96094e-05
sel_devs_fsh(9,7)   -0.0032387 -0.000324502
sel_devs_fsh(9,8)    -0.028689  0.000363698
sel_devs_fsh(9,9)   -0.0219197 -0.000189808
sel_devs_fsh(9,10)   -0.0249115  0.000137011
sel_devs_fsh(9,11)   -0.0322664  0.000475129
sel_devs_fsh(9,12)   -0.0481222 -0.000353292
sel_devs_fsh(10,1)    -0.193952 -1.88323e-05
sel_devs_fsh(10,2)    -0.169877 -7.04978e-05
sel_devs_fsh(10,3)     0.132527 -2.98264e-05
sel_devs_fsh(10,4)    0.0812674 -1.11179e-05
sel_devs_fsh(10,5)    0.0439239 -0.000107482
sel_devs_fsh(10,6)     0.035974 -0.000101947
sel_devs_fsh(10,7)    0.0338273 -0.000292431
sel_devs_fsh(10,8)  -0.00431775  0.000403573
sel_devs_fsh(10,9)   0.00392094 -0.000223526
sel_devs_fsh(10,10)     0.012178  0.000139231
sel_devs_fsh(10,11)    0.0121347  0.000479201
sel_devs_fsh(10,12)    0.0123891   -0.0002226
sel_devs_fsh(11,1)    -0.193531 -1.98461e-05
sel_devs_fsh(11,2)   -0.0648773 -6.23737e-05
sel_devs_fsh(11,3)   -0.0740509 -5.88626e-05
sel_devs_fsh(11,4)    0.0896164 -5.33582e-05
sel_devs_fsh(11,5)    0.0739593 -7.14014e-05
sel_devs_fsh(11,6)    0.0609763  -0.00012531
sel_devs_fsh(11,7)    0.0538865 -0.000225134
sel_devs_fsh(11,8)    0.0142323  0.000359044
sel_devs_fsh(11,9)   0.00934347 -0.000189963
sel_devs_fsh(11,10)    0.0110691  0.000121573
sel_devs_fsh(11,11)    0.0105009  0.000479373
sel_devs_fsh(11,12)   0.00887673 -0.000128194
sel_devs_fsh(12,1)    -0.185149  3.78476e-05
sel_devs_fsh(12,2)    0.0248382 -0.000103702
sel_devs_fsh(12,3)    -0.119176 -0.000104843
sel_devs_fsh(12,4)   -0.0408356 -7.31517e-05
sel_devs_fsh(12,5)    0.0539306 -6.42057e-05
sel_devs_fsh(12,6)    0.0580719 -0.000103264
sel_devs_fsh(12,7)    0.0561145 -0.000203919
sel_devs_fsh(12,8)    0.0336841  0.000333888
sel_devs_fsh(12,9)    0.0245971 -0.000115766
sel_devs_fsh(12,10)    0.0297859  4.50385e-05
sel_devs_fsh(12,11)    0.0317196  0.000471378
sel_devs_fsh(12,12)    0.0324191 -0.000117863
sel_devs_fsh(13,1)    -0.227344  4.94918e-05
sel_devs_fsh(13,2)    -0.137454 -0.000120303
sel_devs_fsh(13,3)   -0.0335397 -8.81646e-05
sel_devs_fsh(13,4)   -0.0170465 -6.97594e-05
sel_devs_fsh(13,5)    0.0466636 -6.31851e-05
sel_devs_fsh(13,6)    0.0531805 -9.54715e-05
sel_devs_fsh(13,7)    0.0631621 -0.000171479
sel_devs_fsh(13,8)    0.0630635  0.000286515
sel_devs_fsh(13,9)    0.0509769 -6.88496e-05
sel_devs_fsh(13,10)    0.0455224  2.93667e-05
sel_devs_fsh(13,11)    0.0466899  0.000505017
sel_devs_fsh(13,12)    0.0461267 -0.000170533
sel_devs_fsh(14,1)    -0.188085 -2.54348e-06
sel_devs_fsh(14,2)    -0.395283 -8.65325e-05
sel_devs_fsh(14,3)    -0.167126 -1.89467e-05
sel_devs_fsh(14,4)   -0.0250963  6.11702e-06
sel_devs_fsh(14,5)      0.10665 -0.000113044
sel_devs_fsh(14,6)     0.133968 -9.58301e-05
sel_devs_fsh(14,7)     0.120383 -0.000203363
sel_devs_fsh(14,8)     0.119973  0.000244434
sel_devs_fsh(14,9)     0.097584   1.2446e-05
sel_devs_fsh(14,10)    0.0691566 -5.13056e-05
sel_devs_fsh(14,11)    0.0650904  0.000466135
sel_devs_fsh(14,12)    0.0627825 -0.000201544
sel_devs_fsh(15,1)    -0.200895  3.18721e-05
sel_devs_fsh(15,2)    -0.524579 -3.82525e-05
sel_devs_fsh(15,3)    -0.290658 -3.65677e-05
sel_devs_fsh(15,4)    0.0846747 -6.66338e-05
sel_devs_fsh(15,5)      0.14275  8.28541e-07
sel_devs_fsh(15,6)     0.158097 -7.41825e-05
sel_devs_fsh(15,7)     0.152124 -0.000209244
sel_devs_fsh(15,8)     0.138957  0.000243522
sel_devs_fsh(15,9)    0.0974796  8.51104e-05
sel_devs_fsh(15,10)    0.0838445 -8.35687e-05
sel_devs_fsh(15,11)    0.0809748  0.000467419
sel_devs_fsh(15,12)    0.0772359  -0.00023376
sel_devs_fsh(16,1)    -0.161661   5.8883e-06
sel_devs_fsh(16,2)    -0.282257 -4.71411e-05
sel_devs_fsh(16,3)    -0.317685 -5.41151e-05
sel_devs_fsh(16,4)   -0.0272952  7.86749e-06
sel_devs_fsh(16,5)     0.135481 -3.48756e-05
sel_devs_fsh(16,6)    0.0985971 -8.59544e-05
sel_devs_fsh(16,7)     0.103055 -0.000190664
sel_devs_fsh(16,8)     0.103407  0.000269101
sel_devs_fsh(16,9)    0.0948042  7.32687e-05
sel_devs_fsh(16,10)    0.0866663 -0.000111081
sel_devs_fsh(16,11)    0.0830621   0.00045422
sel_devs_fsh(16,12)    0.0838269 -0.000268632
sel_devs_fsh(17,1)    -0.124778  8.47146e-06
sel_devs_fsh(17,2)   -0.0948814 -9.60569e-05
sel_devs_fsh(17,3)    -0.283038 -3.12665e-05
sel_devs_fsh(17,4)   -0.0358926   1.4991e-05
sel_devs_fsh(17,5)    0.0199256  1.12827e-05
sel_devs_fsh(17,6)    0.0588159 -0.000132817
sel_devs_fsh(17,7)    0.0625952 -0.000184504
sel_devs_fsh(17,8)    0.0722715  0.000279434
sel_devs_fsh(17,9)    0.0780044  7.92828e-05
sel_devs_fsh(17,10)    0.0799246 -0.000104432
sel_devs_fsh(17,11)    0.0818728  0.000470336
sel_devs_fsh(17,12)    0.0851781 -0.000340681
sel_devs_fsh(18,1)    -0.142934 -1.41303e-06
sel_devs_fsh(18,2)     0.106317 -5.63412e-05
sel_devs_fsh(18,3)   -0.0762067  -3.1089e-05
sel_devs_fsh(18,4)    -0.148082  2.02803e-05
sel_devs_fsh(18,5)   -0.0868436  9.39306e-06
sel_devs_fsh(18,6)    0.0331818 -0.000118161
sel_devs_fsh(18,7)    0.0308481 -0.000161053
sel_devs_fsh(18,8)    0.0344574  0.000295697
sel_devs_fsh(18,9)    0.0497521  4.64135e-05
sel_devs_fsh(18,10)    0.0585988 -0.000130397
sel_devs_fsh(18,11)    0.0655996  0.000446155
sel_devs_fsh(18,12)    0.0753105 -0.000325235
sel_devs_fsh(19,1)    -0.128429  -4.8341e-06
sel_devs_fsh(19,2)    -0.153784 -1.33784e-05
sel_devs_fsh(19,3)    0.0350025 -1.31404e-05
sel_devs_fsh(19,4)   -0.0961764  5.23314e-05
sel_devs_fsh(19,5)    0.0678813  3.71137e-05
sel_devs_fsh(19,6)    0.0309118 -0.000142591
sel_devs_fsh(19,7)    0.0419381 -0.000221482
sel_devs_fsh(19,8)    0.0342573  0.000283084
sel_devs_fsh(19,9)    0.0348135  4.13507e-05
sel_devs_fsh(19,10)    0.0350932 -9.66087e-05
sel_devs_fsh(19,11)    0.0459943  0.000442324
sel_devs_fsh(19,12)    0.0524985 -0.000347649
sel_devs_fsh(20,1)    -0.143499 -1.01982e-05
sel_devs_fsh(20,2)    0.0446808 -2.58461e-05
sel_devs_fsh(20,3)     0.107553 -1.59997e-05
sel_devs_fsh(20,4)    -0.116169  -1.0704e-05
sel_devs_fsh(20,5)    -0.244129   4.7829e-05
sel_devs_fsh(20,6)    0.0959547 -8.77204e-05
sel_devs_fsh(20,7)    0.0675338 -0.000208221
sel_devs_fsh(20,8)    0.0540784  0.000273866
sel_devs_fsh(20,9)    0.0311232  2.97239e-05
sel_devs_fsh(20,10)    0.0297231 -0.000121982
sel_devs_fsh(20,11)    0.0347195  0.000425227
sel_devs_fsh(20,12)    0.0384279 -0.000321187
sel_devs_fsh(21,1)    -0.151903    2.523e-05
sel_devs_fsh(21,2)   -0.0268159  -1.5858e-05
sel_devs_fsh(21,3)    0.0786989  -4.2393e-05
sel_devs_fsh(21,4)     0.151854  6.74719e-05
sel_devs_fsh(21,5)   -0.0342832 -5.41751e-06
sel_devs_fsh(21,6)   -0.0524375 -0.000103096
sel_devs_fsh(21,7)    0.0226087 -0.000256818
sel_devs_fsh(21,8)   -0.0257651  0.000241152
sel_devs_fsh(21,9)   0.00902871  6.64087e-05
sel_devs_fsh(21,10)   0.00494014 -8.03543e-05
sel_devs_fsh(21,11)   0.00627914  0.000451511
sel_devs_fsh(21,12)     0.017796  -0.00033884
sel_devs_fsh(22,1)    -0.155282  2.66929e-05
sel_devs_fsh(22,2)   -0.0612036 -6.44546e-05
sel_devs_fsh(22,3)     0.130133 -4.93652e-05
sel_devs_fsh(22,4)   -0.0708498 -3.72563e-06
sel_devs_fsh(22,5)    0.0204414  3.79825e-05
sel_devs_fsh(22,6)   -0.0541824 -8.07616e-05
sel_devs_fsh(22,7)    -0.100061 -0.000225918
sel_devs_fsh(22,8)     0.111274  0.000276592
sel_devs_fsh(22,9)    0.0837149  3.95512e-05
sel_devs_fsh(22,10)    0.0581601 -7.99007e-05
sel_devs_fsh(22,11)    0.0304216  0.000452147
sel_devs_fsh(22,12)   0.00743417 -0.000319048
sel_devs_fsh(23,1)    -0.187825  5.25043e-05
sel_devs_fsh(23,2)   -0.0940208 -2.53113e-05
sel_devs_fsh(23,3)     0.472884 -1.75009e-05
sel_devs_fsh(23,4)    0.0560376  8.67416e-06
sel_devs_fsh(23,5)      0.12958  2.98288e-05
sel_devs_fsh(23,6)   -0.0529644 -0.000123218
sel_devs_fsh(23,7)     0.102299 -0.000197678
sel_devs_fsh(23,8)    -0.097955  0.000210055
sel_devs_fsh(23,9)   -0.0975413  2.61191e-05
sel_devs_fsh(23,10)     -0.11854 -8.39955e-05
sel_devs_fsh(23,11)   -0.0729923  0.000459123
sel_devs_fsh(23,12)   -0.0389626 -0.000339513
sel_devs_fsh(24,1)    -0.157433  2.37899e-05
sel_devs_fsh(24,2)    -0.052349  -3.7745e-05
sel_devs_fsh(24,3)    -0.362003 -1.64523e-05
sel_devs_fsh(24,4)     0.165411  4.85951e-05
sel_devs_fsh(24,5)    0.0241051  4.33687e-05
sel_devs_fsh(24,6)    0.0931924 -0.000142126
sel_devs_fsh(24,7)     0.117653 -0.000215167
sel_devs_fsh(24,8)    0.0926137  0.000263389
sel_devs_fsh(24,9)    0.0204359  3.55386e-05
sel_devs_fsh(24,10)    0.0618274 -9.07123e-05
sel_devs_fsh(24,11)    0.0163292  0.000408481
sel_devs_fsh(24,12)   -0.0197824 -0.000323253
sel_devs_fsh(25,1)    -0.149068 -2.93229e-06
sel_devs_fsh(25,2)   -0.0184579 -4.19576e-05
sel_devs_fsh(25,3)    -0.331483 -2.05194e-05
sel_devs_fsh(25,4)    0.0534092  1.50533e-05
sel_devs_fsh(25,5)     0.146316  1.86997e-05
sel_devs_fsh(25,6)    0.0597797 -0.000140564
sel_devs_fsh(25,7)   -0.0266486 -0.000195167
sel_devs_fsh(25,8)    0.0400106   0.00027109
sel_devs_fsh(25,9)    0.0530207  8.27383e-05
sel_devs_fsh(25,10)   -0.0119455 -7.69156e-05
sel_devs_fsh(25,11)     0.119741  0.000447013
sel_devs_fsh(25,12)    0.0653288 -0.000309985
sel_devs_fsh(26,1)   -0.0797539 -6.21638e-06
sel_devs_fsh(26,2)     0.028426 -3.58606e-05
sel_devs_fsh(26,3)    -0.344744 -4.05171e-05
sel_devs_fsh(26,4)    -0.320164  8.43086e-06
sel_devs_fsh(26,5)    -0.232596  6.59346e-05
sel_devs_fsh(26,6)    -0.127057 -0.000109023
sel_devs_fsh(26,7)     0.121211 -0.000183683
sel_devs_fsh(26,8)   -0.0213712  0.000274887
sel_devs_fsh(26,9)     0.180827  8.90898e-05
sel_devs_fsh(26,10)     0.112834 -7.66029e-05
sel_devs_fsh(26,11)      0.35261  0.000420726
sel_devs_fsh(26,12)     0.329787  -0.00029578
sel_devs_fsh(27,1)    -0.161288 -1.35664e-05
sel_devs_fsh(27,2)   -0.0370569 -6.15783e-05
sel_devs_fsh(27,3)     0.521633 -1.34214e-05
sel_devs_fsh(27,4)    -0.265019  1.89606e-05
sel_devs_fsh(27,5)     -0.33415  5.22232e-05
sel_devs_fsh(27,6)   -0.0508053  -0.00011142
sel_devs_fsh(27,7)   -0.0269638  -0.00020383
sel_devs_fsh(27,8)     0.214536  0.000263769
sel_devs_fsh(27,9)    0.0929472   6.9998e-05
sel_devs_fsh(27,10)     0.213256 -7.37693e-05
sel_devs_fsh(27,11)     -0.11452  0.000422273
sel_devs_fsh(27,12)   -0.0525651 -0.000288345
sel_devs_fsh(28,1)    -0.153724  5.87342e-05
sel_devs_fsh(28,2)    -0.498114 -3.41807e-05
sel_devs_fsh(28,3)    0.0247707 -1.99007e-05
sel_devs_fsh(28,4)     0.812137 -1.58145e-05
sel_devs_fsh(28,5)    0.0178789  3.06525e-06
sel_devs_fsh(28,6)    0.0148405 -0.000133261
sel_devs_fsh(28,7)    0.0651306  -0.00017311
sel_devs_fsh(28,8)   0.00411919  0.000203411
sel_devs_fsh(28,9)   -0.0299689  2.42861e-05
sel_devs_fsh(28,10)   -0.0621481 -8.18147e-05
sel_devs_fsh(28,11)    -0.130082  0.000365647
sel_devs_fsh(28,12)   -0.0648455 -0.000285848
sel_devs_fsh(29,1)   -0.0607636  3.52593e-05
sel_devs_fsh(29,2)   -0.0355962  -6.8478e-05
sel_devs_fsh(29,3)    -0.790206   9.4609e-06
sel_devs_fsh(29,4)    -0.259446 -6.52475e-05
sel_devs_fsh(29,5)     0.894877  3.12224e-05
sel_devs_fsh(29,6)     0.254466 -0.000137949
sel_devs_fsh(29,7)    0.0278703 -0.000163628
sel_devs_fsh(29,8)   -0.0208429  0.000197483
sel_devs_fsh(29,9)    -0.025734  6.36367e-05
sel_devs_fsh(29,10)   0.00200463 -2.36721e-05
sel_devs_fsh(29,11)    0.0360711  0.000369644
sel_devs_fsh(29,12)   -0.0227007 -0.000260651
sel_devs_fsh(30,1)   -0.0281517   -2.254e-05
sel_devs_fsh(30,2)      0.12786 -7.09485e-05
sel_devs_fsh(30,3)    -0.351331  1.10719e-05
sel_devs_fsh(30,4)    -0.693135 -5.90242e-06
sel_devs_fsh(30,5)    -0.317695 -2.81138e-06
sel_devs_fsh(30,6)     0.471113 -9.24325e-05
sel_devs_fsh(30,7)     0.155846 -0.000109416
sel_devs_fsh(30,8)     0.174155  0.000161915
sel_devs_fsh(30,9)     0.147294  5.41965e-05
sel_devs_fsh(30,10)      0.13347  4.32802e-06
sel_devs_fsh(30,11)     0.105047  0.000383189
sel_devs_fsh(30,12)    0.0755297 -0.000291415
sel_devs_fsh(31,1)   -0.0375293 -3.50695e-05
sel_devs_fsh(31,2)     0.458625  7.82999e-06
sel_devs_fsh(31,3)     0.225792  1.66911e-05
sel_devs_fsh(31,4)     -0.85298 -2.24806e-05
sel_devs_fsh(31,5)     -0.75439 -9.07417e-06
sel_devs_fsh(31,6)    -0.316975 -7.04516e-05
sel_devs_fsh(31,7)     0.316049 -0.000104363
sel_devs_fsh(31,8)     0.323542  0.000137394
sel_devs_fsh(31,9)     0.246293  5.19441e-05
sel_devs_fsh(31,10)     0.175777 -2.82818e-05
sel_devs_fsh(31,11)     0.121814  0.000368584
sel_devs_fsh(31,12)    0.0939831  -0.00030871
sel_devs_fsh(32,1)    -0.136603 -5.26653e-05
sel_devs_fsh(32,2)      0.29374 -5.53111e-05
sel_devs_fsh(32,3)     0.107064  3.44443e-05
sel_devs_fsh(32,4)     0.629797 -8.78564e-06
sel_devs_fsh(32,5)   -0.0489706 -3.10402e-06
sel_devs_fsh(32,6)    -0.389429 -6.37786e-05
sel_devs_fsh(32,7)    -0.367596 -8.84849e-05
sel_devs_fsh(32,8)    -0.259609  0.000161391
sel_devs_fsh(32,9)    0.0142685  5.80369e-05
sel_devs_fsh(32,10)    0.0478195  1.58962e-05
sel_devs_fsh(32,11)    0.0526362  0.000398487
sel_devs_fsh(32,12)    0.0568888 -0.000295737
sel_devs_fsh(33,1)    -0.105442 -1.71759e-05
sel_devs_fsh(33,2)    -0.407341 -4.99736e-05
sel_devs_fsh(33,3)     0.245452  7.59626e-06
sel_devs_fsh(33,4)     0.214507 -9.90041e-06
sel_devs_fsh(33,5)     0.184269  3.91809e-05
sel_devs_fsh(33,6)     0.230388 -9.03344e-05
sel_devs_fsh(33,7)    -0.252157 -7.92226e-05
sel_devs_fsh(33,8)   -0.0185952  0.000149536
sel_devs_fsh(33,9)   -0.0288768   2.3227e-05
sel_devs_fsh(33,10)   -0.0167404 -1.51035e-05
sel_devs_fsh(33,11)   -0.0238578  0.000370081
sel_devs_fsh(33,12)   -0.0216036 -0.000302904
sel_devs_fsh(34,1)    -0.157964 -6.56689e-06
sel_devs_fsh(34,2)    -0.369028 -3.48324e-05
sel_devs_fsh(34,3)     0.818791  1.37397e-05
sel_devs_fsh(34,4)     0.440252 -1.04413e-05
sel_devs_fsh(34,5)     0.141266  2.45492e-05
sel_devs_fsh(34,6)    -0.229512 -6.75781e-05
sel_devs_fsh(34,7)     0.237296  -0.00010027
sel_devs_fsh(34,8)    -0.129296  0.000136901
sel_devs_fsh(34,9)    -0.262622  2.06978e-05
sel_devs_fsh(34,10)     -0.22457 -1.79603e-05
sel_devs_fsh(34,11)    -0.159518  0.000377709
sel_devs_fsh(34,12)    -0.105096 -0.000337662
sel_devs_fsh(35,1)   -0.0830897  4.56706e-06
sel_devs_fsh(35,2)    -0.125064  -6.6112e-05
sel_devs_fsh(35,3)    -0.531964   1.3527e-05
sel_devs_fsh(35,4)      0.30862 -1.52561e-05
sel_devs_fsh(35,5)     0.418981   2.1918e-05
sel_devs_fsh(35,6)     0.010545 -6.39304e-05
sel_devs_fsh(35,7)   -0.0278278 -0.000112081
sel_devs_fsh(35,8)     0.219977  0.000157597
sel_devs_fsh(35,9)   0.00299157  1.67318e-05
sel_devs_fsh(35,10)   -0.0615544 -4.97557e-06
sel_devs_fsh(35,11)   -0.0600082  0.000337563
sel_devs_fsh(35,12)   -0.0716084 -0.000309835
sel_devs_fsh(36,1)    -0.040202 -7.16214e-06
sel_devs_fsh(36,2)    -0.172162 -5.79489e-05
sel_devs_fsh(36,3)    -0.410231  5.96895e-06
sel_devs_fsh(36,4)    -0.265429 -3.78101e-05
sel_devs_fsh(36,5)     0.284355 -3.54083e-05
sel_devs_fsh(36,6)     0.627869 -6.11626e-05
sel_devs_fsh(36,7)     0.130169 -0.000103654
sel_devs_fsh(36,8)    -0.121719  0.000177677
sel_devs_fsh(36,9)  -0.00656629  2.18395e-05
sel_devs_fsh(36,10)   0.00215547   1.0183e-05
sel_devs_fsh(36,11)  0.000823769    0.0003161
sel_devs_fsh(36,12)   -0.0290676 -0.000282943
sel_devs_fsh(37,1)   -0.0795801  2.89283e-05
sel_devs_fsh(37,2)     0.198239 -2.86738e-05
sel_devs_fsh(37,3)      0.10499  1.89478e-05
sel_devs_fsh(37,4)  -0.00303087 -5.04957e-05
sel_devs_fsh(37,5)    -0.238711 -2.50392e-05
sel_devs_fsh(37,6)    0.0361601 -6.33927e-05
sel_devs_fsh(37,7)    0.0598244 -7.01283e-05
sel_devs_fsh(37,8)    0.0562623  0.000127564
sel_devs_fsh(37,9)    0.0464403  2.01929e-05
sel_devs_fsh(37,10)   -0.0201519 -1.09703e-05
sel_devs_fsh(37,11)   -0.0832175  0.000305724
sel_devs_fsh(37,12)   -0.0772264 -0.000267651
sel_devs_fsh(38,1)    -0.085523 -4.82368e-06
sel_devs_fsh(38,2)    -0.328592 -6.41489e-05
sel_devs_fsh(38,3)     0.715434 -6.34859e-06
sel_devs_fsh(38,4)   -0.0309072 -3.38878e-05
sel_devs_fsh(38,5)    0.0576263  5.25724e-06
sel_devs_fsh(38,6)    -0.165673 -8.43344e-05
sel_devs_fsh(38,7)    0.0323856 -2.72596e-05
sel_devs_fsh(38,8)    0.0307024  0.000124035
sel_devs_fsh(38,9)  -0.00698404  2.55896e-05
sel_devs_fsh(38,10)   -0.0309796 -2.78203e-05
sel_devs_fsh(38,11)    -0.100571  0.000312426
sel_devs_fsh(38,12)   -0.0869203 -0.000252611
sel_devs_fsh(39,1)   -0.0353338  3.21771e-05
sel_devs_fsh(39,2)     -0.14998 -9.85122e-05
sel_devs_fsh(39,3)    -0.677109 -3.02181e-05
sel_devs_fsh(39,4)     0.747385  -1.6411e-05
sel_devs_fsh(39,5)    0.0489643  6.78795e-05
sel_devs_fsh(39,6)    -0.101505 -0.000103514
sel_devs_fsh(39,7)   0.00701558 -5.04552e-05
sel_devs_fsh(39,8)    0.0290557   0.00014984
sel_devs_fsh(39,9)    0.0428732  3.73005e-06
sel_devs_fsh(39,10)    0.0419976 -5.27991e-06
sel_devs_fsh(39,11)    0.0553276  0.000318379
sel_devs_fsh(39,12)  -0.00869049 -0.000250296
sel_devs_fsh(40,1)    -0.057857  2.86016e-05
sel_devs_fsh(40,2)    0.0776859 -6.40953e-05
sel_devs_fsh(40,3)   -0.0311197  -5.9287e-05
sel_devs_fsh(40,4)    -0.347332 -3.62488e-06
sel_devs_fsh(40,5)     0.439671  8.04028e-05
sel_devs_fsh(40,6)     0.260321 -8.91538e-05
sel_devs_fsh(40,7)    -0.105096 -8.98072e-05
sel_devs_fsh(40,8)    -0.150765  0.000165476
sel_devs_fsh(40,9)   -0.0539146  1.06892e-05
sel_devs_fsh(40,10)    0.0079478    4.398e-06
sel_devs_fsh(40,11)   0.00419198  0.000323773
sel_devs_fsh(40,12)   -0.0437293 -0.000233254
sel_devs_fsh(41,1)   -0.0859102  2.38644e-05
sel_devs_fsh(41,2)    0.0981544 -3.22806e-05
sel_devs_fsh(41,3)     0.543539 -4.25149e-05
sel_devs_fsh(41,4)    -0.116411  3.92295e-05
sel_devs_fsh(41,5)    -0.334267  3.02742e-05
sel_devs_fsh(41,6)   -0.0520997 -0.000112704
sel_devs_fsh(41,7)   -0.0475134 -0.000103574
sel_devs_fsh(41,8)   -0.0155131   0.00013685
sel_devs_fsh(41,9)   -0.0614864  2.75323e-05
sel_devs_fsh(41,10)    -0.019136 -2.76895e-05
sel_devs_fsh(41,11)     0.030722  0.000313642
sel_devs_fsh(41,12)    0.0599215 -0.000264659
sel_devs_fsh(42,1)   -0.0461097  -2.3737e-06
sel_devs_fsh(42,2)    0.0380889 -4.41535e-05
sel_devs_fsh(42,3)   -0.0401581 -5.42873e-05
sel_devs_fsh(42,4)   0.00937112  3.18145e-05
sel_devs_fsh(42,5)   -0.0724472 -3.27946e-06
sel_devs_fsh(42,6)   -0.0167818 -0.000127429
sel_devs_fsh(42,7)    0.0110369  -5.6135e-05
sel_devs_fsh(42,8)   -0.0596811  0.000163337
sel_devs_fsh(42,9)   -0.0205975  1.82802e-05
sel_devs_fsh(42,10)    0.0143155  1.79788e-05
sel_devs_fsh(42,11)    0.0668742   0.00031067
sel_devs_fsh(42,12)     0.116089 -0.000244394
sel_devs_fsh(43,1)   0.00321298  2.11007e-05
sel_devs_fsh(43,2)    -0.050709 -4.37306e-05
sel_devs_fsh(43,3)    -0.530451  -4.2995e-05
sel_devs_fsh(43,4)    -0.118876  2.65341e-05
sel_devs_fsh(43,5)   -0.0781417 -1.53697e-05
sel_devs_fsh(43,6)    0.0216542  -0.00011541
sel_devs_fsh(43,7)    0.0484329 -6.52427e-05
sel_devs_fsh(43,8)     0.119256  0.000189551
sel_devs_fsh(43,9)     0.139296 -3.95837e-05
sel_devs_fsh(43,10)    0.0763823  3.56375e-05
sel_devs_fsh(43,11)     0.168471  0.000301963
sel_devs_fsh(43,12)     0.201475 -0.000222997
sel_devs_fsh(44,1)   -0.0280297 -6.39357e-06
sel_devs_fsh(44,2)    -0.320972 -6.26134e-05
sel_devs_fsh(44,3)     0.215319 -5.23287e-05
sel_devs_fsh(44,4)    0.0368345  2.55177e-05
sel_devs_fsh(44,5)    -0.137667 -2.10656e-05
sel_devs_fsh(44,6)   -0.0930608 -4.71363e-05
sel_devs_fsh(44,7)   -0.0613939 -5.47813e-05
sel_devs_fsh(44,8)   -0.0205341  0.000181897
sel_devs_fsh(44,9)  -0.00264309 -2.66482e-05
sel_devs_fsh(44,10)     0.147355  3.34888e-05
sel_devs_fsh(44,11)     0.145809  0.000327315
sel_devs_fsh(44,12)     0.118985 -0.000280437
sel_devs_fsh(45,1)   0.00953929  2.29427e-05
sel_devs_fsh(45,2)    0.0984574 -6.26247e-05
sel_devs_fsh(45,3)     -0.57661 -7.09005e-05
sel_devs_fsh(45,4)     0.471413  4.71332e-05
sel_devs_fsh(45,5)     0.167773 -2.29029e-05
sel_devs_fsh(45,6)    -0.242248  1.10631e-05
sel_devs_fsh(45,7)   -0.0876434 -4.72597e-05
sel_devs_fsh(45,8)    0.0617573  0.000163953
sel_devs_fsh(45,9)    0.0809895 -3.40993e-06
sel_devs_fsh(45,10)    0.0160733  3.85401e-05
sel_devs_fsh(45,11)   -0.0441753  0.000342541
sel_devs_fsh(45,12)    0.0446823 -0.000290428
sel_devs_fsh(46,1)    0.0130598  -1.1507e-05
sel_devs_fsh(46,2)   -0.0457787 -6.05906e-05
sel_devs_fsh(46,3)    0.0666905 -8.53587e-05
sel_devs_fsh(46,4)     -1.03625  2.03095e-05
sel_devs_fsh(46,5)     0.452849 -1.17049e-05
sel_devs_fsh(46,6)     0.363209  1.89771e-06
sel_devs_fsh(46,7)     0.147533 -5.69826e-05
sel_devs_fsh(46,8)  -0.00638539  0.000148964
sel_devs_fsh(46,9)    -0.020428  9.01023e-06
sel_devs_fsh(46,10)    0.0744627 -6.67279e-06
sel_devs_fsh(46,11)    0.0397299  0.000352364
sel_devs_fsh(46,12)   -0.0486956  -0.00030684
sel_devs_fsh(47,1)   -0.0215466  9.81988e-06
sel_devs_fsh(47,2)     0.214883 -6.78882e-05
sel_devs_fsh(47,3)     0.184295  -5.4808e-05
sel_devs_fsh(47,4)     0.629722  2.34481e-06
sel_devs_fsh(47,5)     -1.04652 -1.20731e-05
sel_devs_fsh(47,6)  -0.00409877 -7.82625e-06
sel_devs_fsh(47,7)    0.0209519 -7.02473e-05
sel_devs_fsh(47,8)    0.0397289  0.000152353
sel_devs_fsh(47,9)    0.0146854  -7.0346e-06
sel_devs_fsh(47,10)   -0.0828152  1.00334e-05
sel_devs_fsh(47,11)   -0.0013369  0.000368794
sel_devs_fsh(47,12)    0.0520495 -0.000313905
sel_devs_fsh(48,1)   0.00958196 -4.66835e-06
sel_devs_fsh(48,2)    -0.184038 -4.75738e-05
sel_devs_fsh(48,3)    0.0401161 -4.11524e-05
sel_devs_fsh(48,4)    -0.123069  3.35181e-05
sel_devs_fsh(48,5)      0.53282  5.86469e-06
sel_devs_fsh(48,6)    -0.555837 -7.80933e-06
sel_devs_fsh(48,7)    -0.148449 -5.81558e-05
sel_devs_fsh(48,8)    0.0707961  0.000141721
sel_devs_fsh(48,9)     0.105494  5.17137e-06
sel_devs_fsh(48,10)     0.116096 -1.11929e-07
sel_devs_fsh(48,11)    0.0734597  0.000330235
sel_devs_fsh(48,12)    0.0630296  -0.00033473
sel_devs_fsh(49,1)   -0.0166993   -3.652e-05
sel_devs_fsh(49,2)     0.173067 -5.37599e-05
sel_devs_fsh(49,3)   -0.0192825 -6.05106e-05
sel_devs_fsh(49,4)    -0.141144  2.29864e-05
sel_devs_fsh(49,5)    -0.112162  9.80267e-06
sel_devs_fsh(49,6)     0.289601  1.11036e-05
sel_devs_fsh(49,7)     0.173818 -4.26633e-05
sel_devs_fsh(49,8)    -0.125304  0.000147509
sel_devs_fsh(49,9)      -0.1299 -1.89319e-05
sel_devs_fsh(49,10)    -0.028503  3.79684e-05
sel_devs_fsh(49,11)   -0.0336338  0.000374695
sel_devs_fsh(49,12)   -0.0298554 -0.000364899
sel_devs_fsh(50,1)    -0.013231    -4.44e-05
sel_devs_fsh(50,2)    -0.498353 -4.32831e-05
sel_devs_fsh(50,3)       1.1025 -5.04289e-05
sel_devs_fsh(50,4)     0.199765 -1.70029e-06
sel_devs_fsh(50,5)    -0.183952   1.3689e-05
sel_devs_fsh(50,6)    -0.109796  9.45145e-06
sel_devs_fsh(50,7)    -0.151968 -1.73369e-06
sel_devs_fsh(50,8)    -0.104603  8.12643e-05
sel_devs_fsh(50,9)    -0.120519 -4.81029e-06
sel_devs_fsh(50,10)   -0.0490657   1.8771e-05
sel_devs_fsh(50,11)   -0.0373249  0.000374417
sel_devs_fsh(50,12)   -0.0334551 -0.000373951
sel_devs_fsh(51,1)    0.0810261  2.82251e-05
sel_devs_fsh(51,2)    -0.100662 -6.46491e-05
sel_devs_fsh(51,3)     -1.46638 -7.86153e-06
sel_devs_fsh(51,4)      1.05445  1.66592e-06
sel_devs_fsh(51,5)     0.290098  4.13258e-06
sel_devs_fsh(51,6)   -0.0010255 -1.19174e-05
sel_devs_fsh(51,7)    -0.102268  2.07966e-05
sel_devs_fsh(51,8)     0.213787  4.48024e-05
sel_devs_fsh(51,9)     0.134107 -7.84715e-07
sel_devs_fsh(51,10)   -0.0523371 -2.14759e-05
sel_devs_fsh(51,11)   -0.0203991  0.000362739
sel_devs_fsh(51,12)   -0.0303946 -0.000403034
sel_devs_fsh(52,1)    0.0641214 -3.62398e-08
sel_devs_fsh(52,2)     0.149548   -5.727e-05
sel_devs_fsh(52,3)    -0.285998 -1.00924e-05
sel_devs_fsh(52,4)     -1.11516  4.59682e-05
sel_devs_fsh(52,5)     0.597069  4.49349e-06
sel_devs_fsh(52,6)     0.344108 -5.14524e-05
sel_devs_fsh(52,7)     0.199553  8.37654e-06
sel_devs_fsh(52,8)   -0.0802167 -7.48199e-06
sel_devs_fsh(52,9)    0.0892568 -9.12726e-06
sel_devs_fsh(52,10)    0.0634662  -4.1769e-06
sel_devs_fsh(52,11)  -0.00976653  0.000395065
sel_devs_fsh(52,12)   -0.0159812 -0.000378849
sel_devs_fsh(53,1)     0.036825  7.17529e-06
sel_devs_fsh(53,2)     0.195879 -5.12302e-05
sel_devs_fsh(53,3)    0.0807086  3.30362e-06
sel_devs_fsh(53,4)    -0.539874   2.7351e-05
sel_devs_fsh(53,5)    0.0477911  1.69042e-05
sel_devs_fsh(53,6)     0.207104 -1.87335e-05
sel_devs_fsh(53,7)     0.118513  1.33558e-05
sel_devs_fsh(53,8)    0.0892925  2.51802e-05
sel_devs_fsh(53,9)   -0.0466807  1.39898e-05
sel_devs_fsh(53,10)   -0.0730454 -1.96989e-05
sel_devs_fsh(53,11)    -0.061868  0.000375492
sel_devs_fsh(53,12)   -0.0546433 -0.000370625
sel_devs_fsh(54,1)    0.0918349  4.56682e-06
sel_devs_fsh(54,2)     0.769269 -5.81618e-05
sel_devs_fsh(54,3)      0.16436 -6.83191e-06
sel_devs_fsh(54,4)     -0.60812  3.16304e-05
sel_devs_fsh(54,5)      -1.3594  3.78212e-05
sel_devs_fsh(54,6)    0.0703209 -3.64773e-05
sel_devs_fsh(54,7)     0.479194  7.49735e-06
sel_devs_fsh(54,8)     0.277376  9.68435e-06
sel_devs_fsh(54,9)     0.165212  1.37565e-05
sel_devs_fsh(54,10)     0.142093  1.40486e-05
sel_devs_fsh(54,11)   -0.0689021  0.000345016
sel_devs_fsh(54,12)    -0.123243    -0.000365
sel_devs_fsh(55,1)     0.131816 -8.57914e-06
sel_devs_fsh(55,2)     0.945328 -4.95627e-05
sel_devs_fsh(55,3)     0.637231 -1.19245e-05
sel_devs_fsh(55,4)     0.758781  3.84425e-06
sel_devs_fsh(55,5)     0.242242  3.61368e-05
sel_devs_fsh(55,6)    -0.537863 -2.87995e-05
sel_devs_fsh(55,7)    -0.653912  9.27734e-06
sel_devs_fsh(55,8)    -0.577319  4.04589e-05
sel_devs_fsh(55,9)    -0.348124 -5.39269e-06
sel_devs_fsh(55,10)    -0.289411  1.44423e-05
sel_devs_fsh(55,11)    -0.130909  0.000319012
sel_devs_fsh(55,12)    -0.177861 -0.000331782
sel_devs_fsh(56,1)   -0.0307133 -2.39967e-05
sel_devs_fsh(56,2)     0.373202 -4.76091e-05
sel_devs_fsh(56,3)     0.868942 -1.44335e-05
sel_devs_fsh(56,4)     -0.18939  1.67002e-05
sel_devs_fsh(56,5)   -0.0880052  3.22956e-05
sel_devs_fsh(56,6)    -0.531106 -1.82287e-05
sel_devs_fsh(56,7)    -0.163041 -1.34065e-05
sel_devs_fsh(56,8)     0.103477  5.43441e-05
sel_devs_fsh(56,9)   -0.0744922 -3.91785e-06
sel_devs_fsh(56,10)   -0.0989877  2.03532e-05
sel_devs_fsh(56,11)   -0.0966883  0.000277403
sel_devs_fsh(56,12)    -0.073201 -0.000329344
sel_devs_fsh(57,1)  0.000682138  3.06452e-06
sel_devs_fsh(57,2)     0.132051 -6.59298e-06
sel_devs_fsh(57,3)    -0.352368  2.27488e-05
sel_devs_fsh(57,4)      0.58158  9.41354e-07
sel_devs_fsh(57,5)    0.0928424  3.57855e-05
sel_devs_fsh(57,6)    0.0102621 -5.02935e-06
sel_devs_fsh(57,7)    -0.152876  -9.4534e-06
sel_devs_fsh(57,8)   -0.0458068  3.03126e-05
sel_devs_fsh(57,9)   -0.0812046  2.66309e-06
sel_devs_fsh(57,10)    -0.125686  2.19096e-05
sel_devs_fsh(57,11)   -0.0501507  0.000285924
sel_devs_fsh(57,12)   -0.0093224 -0.000309472
sel_devs_fsh(58,1)    0.0312302 -4.01924e-05
sel_devs_fsh(58,2)    -0.426937  8.41058e-06
sel_devs_fsh(58,3)    -0.082168  3.05329e-05
sel_devs_fsh(58,4)   -0.0453966  2.77028e-06
sel_devs_fsh(58,5)     0.571125  4.15675e-05
sel_devs_fsh(58,6)     0.277873  1.88803e-05
sel_devs_fsh(58,7)    -0.247121  2.28397e-05
sel_devs_fsh(58,8)     -0.15786 -1.68242e-06
sel_devs_fsh(58,9)   -0.0129667   9.7921e-06
sel_devs_fsh(58,10)    0.0400917  1.93074e-05
sel_devs_fsh(58,11)    0.0188446  0.000280355
sel_devs_fsh(58,12)    0.0332925 -0.000265297
sel_devs_fsh(59,1)  2.37036e-05   2.3178e-06
sel_devs_fsh(59,2)    0.0173751  5.03612e-06
sel_devs_fsh(59,3)     0.094267  6.95167e-06
sel_devs_fsh(59,4)      0.35504 -7.27336e-06
sel_devs_fsh(59,5)    -0.127449  4.08363e-05
sel_devs_fsh(59,6)    -0.134176  1.12574e-05
sel_devs_fsh(59,7)   -0.0270226 -6.25038e-06
sel_devs_fsh(59,8)   -0.0882635  2.49694e-06
sel_devs_fsh(59,9)   -0.0820133   9.7996e-06
sel_devs_fsh(59,10)   -0.0314426  2.03602e-05
sel_devs_fsh(59,11)  -0.00544914  0.000170765
sel_devs_fsh(59,12)    0.0291133 -0.000217002
sel_coffs_fsh(1)     -4.09621  4.13792e-06
sel_coffs_fsh(2)      -2.1567 -5.53498e-06
sel_coffs_fsh(3)     -0.87771  4.06925e-06
sel_coffs_fsh(4)     0.359366  2.74821e-05
sel_coffs_fsh(5)     0.339493 -1.17963e-05
sel_coffs_fsh(6)     0.310222 -1.74391e-05
sel_coffs_fsh(7)     0.269658  -1.5823e-05
sel_coffs_fsh(8)       0.2291 -9.02399e-06
sel_coffs_fsh(9)     0.193815  1.88866e-05
sel_coffs_fsh(10)     0.165947  7.45362e-06
sel_coffs_fsh(11)     0.143954  0.000129382
sel_coffs_fsh(12)     0.126933 -0.000131988
sel_coffs_ats(2)    -0.380739  3.12986e-06
sel_coffs_ats(3)    -0.257961 -9.74665e-06
sel_coffs_ats(4)   -0.0431456  3.69567e-06
sel_coffs_ats(5)    0.0348827 -6.61032e-06
sel_coffs_ats(6)     0.135357  7.45681e-06
sel_coffs_ats(7)     0.228055  4.46593e-07
sel_coffs_ats(8)     0.274548  2.01088e-06
sel_slp_bts      1.00806 -5.96655e-05
sel_a50_bts      6.24611 -3.44405e-06
sel_age_one_bts     -3.18119  3.02939e-06
sel_age_one_bts_dev(1982)      0.19549 -2.20903e-06
sel_age_one_bts_dev(1983)     0.171257  7.07245e-05
sel_age_one_bts_dev(1984)     0.238658  1.56458e-05
sel_age_one_bts_dev(1985)    -0.175756  1.56468e-05
sel_age_one_bts_dev(1986)    -0.469253  4.71644e-06
sel_age_one_bts_dev(1987)  -0.00097609 -7.00518e-07
sel_age_one_bts_dev(1988)     -0.41356  5.17525e-06
sel_age_one_bts_dev(1989)    0.0635075  2.72497e-07
sel_age_one_bts_dev(1990)     0.246852 -2.07295e-05
sel_age_one_bts_dev(1991)     -0.24486  2.00206e-05
sel_age_one_bts_dev(1992)  -0.00797515  9.65372e-06
sel_age_one_bts_dev(1993)     0.116299   2.6714e-05
sel_age_one_bts_dev(1994)   -0.0848525 -1.70715e-05
sel_age_one_bts_dev(1995)    -0.169288 -3.78937e-06
sel_age_one_bts_dev(1996)    -0.282991 -6.38632e-06
sel_age_one_bts_dev(1997)    -0.134486  1.56314e-05
sel_age_one_bts_dev(1998)   -0.0767155  1.93744e-05
sel_age_one_bts_dev(1999)    0.0353987  1.55107e-05
sel_age_one_bts_dev(2000)     0.202552  7.05694e-06
sel_age_one_bts_dev(2001)    0.0338059  4.59252e-05
sel_age_one_bts_dev(2002)    0.0425424 -3.88257e-05
sel_age_one_bts_dev(2003)     0.272401  4.24231e-05
sel_age_one_bts_dev(2004)  -0.00201789  4.94123e-06
sel_age_one_bts_dev(2005)   -0.0316659 -1.51098e-05
sel_age_one_bts_dev(2006)   -0.0861416   8.8942e-06
sel_age_one_bts_dev(2007)   -0.0150248  3.30764e-05
sel_age_one_bts_dev(2008)     0.185742 -1.98789e-05
sel_age_one_bts_dev(2009)     0.320769 -4.37995e-05
sel_age_one_bts_dev(2010)      0.40407 -3.74067e-06
sel_age_one_bts_dev(2011)    -0.173482 -2.47191e-05
sel_age_one_bts_dev(2012)    -0.124663 -5.69324e-06
sel_age_one_bts_dev(2013)     0.251509  1.33683e-05
sel_age_one_bts_dev(2014)     0.207471 -7.39232e-05
sel_age_one_bts_dev(2015)    0.0970764 -7.37419e-06
sel_age_one_bts_dev(2016)   -0.0879816  3.21542e-05
sel_age_one_bts_dev(2017)    -0.121922 -1.17429e-05
sel_age_one_bts_dev(2018)    -0.245523 -2.38922e-06
sel_age_one_bts_dev(2019)     0.238431  1.67886e-05
sel_age_one_bts_dev(2020)    -0.210776  6.17879e-06
sel_age_one_bts_dev(2021)    -0.136107  5.05391e-05
sel_age_one_bts_dev(2022)    0.0562194 -1.24085e-05
sel_age_one_bts_dev(2023)    -0.161313 -2.73715e-05
sel_age_one_bts_dev(2024)    0.0772793  4.82094e-05
L1      28.2771  -6.9742e-05
L2      46.1029 -1.07891e-06
log_K    -0.127657 -8.34534e-05
d_scale(1,3)       0.5236  1.53552e-05
d_scale(1,4)     0.704441 -8.07568e-06
d_scale(1,5)     0.765531 -1.55017e-05
d_scale(1,6)     0.829738 -5.41889e-06
d_scale(1,7)     0.870009 -8.73355e-06
d_scale(1,8)      0.93339 -8.10168e-06
d_scale(1,9)     0.978959 -6.80383e-06
d_scale(1,10)     0.974786 -1.05667e-05
d_scale(1,11)     0.995057 -7.15373e-06
d_scale(1,12)     0.934379  -4.5721e-05
d_scale(1,13)     0.954279  8.99823e-06
d_scale(1,14)     0.863685  6.07772e-05
d_scale(1,15)      1.00357  5.37067e-06
coh_eff(1955)            0            0
coh_eff(1956)            0            0
coh_eff(1957)            0            0
coh_eff(1958)            0            0
coh_eff(1959)            0            0
coh_eff(1960)            0            0
coh_eff(1961)            0            0
coh_eff(1962)            0            0
coh_eff(1963)            0            0
coh_eff(1964)            0            0
coh_eff(1965)            0            0
coh_eff(1966)            0            0
coh_eff(1967)            0            0
coh_eff(1968)            0            0
coh_eff(1969)            0            0
coh_eff(1970)            0            0
coh_eff(1971)    -0.174326  -7.1888e-05
coh_eff(1972)     0.306421   2.0395e-05
coh_eff(1973)    0.0390757  8.41623e-05
coh_eff(1974)     0.531741 -4.62056e-05
coh_eff(1975)    -0.412213  5.28081e-05
coh_eff(1976)     0.532175 -9.33902e-06
coh_eff(1977)     -0.45393  1.65727e-05
coh_eff(1978)     0.450573  4.99349e-06
coh_eff(1979)    0.0472293 -3.03061e-06
coh_eff(1980)   -0.0884757 -1.99803e-06
coh_eff(1981)    -0.393548  1.27938e-06
coh_eff(1982)    -0.577961 -3.07388e-06
coh_eff(1983)     0.581888 -5.90082e-06
coh_eff(1984)     0.662105  1.12324e-06
coh_eff(1985)      1.15135  2.39284e-06
coh_eff(1986)   -0.0378492 -4.52585e-06
coh_eff(1987)     0.619849  3.01887e-05
coh_eff(1988)   -0.0222034  2.74237e-05
coh_eff(1989)     -1.01852  3.27316e-05
coh_eff(1990)    -0.872082  1.48211e-05
coh_eff(1991)    -0.963217 -3.67435e-05
coh_eff(1992)     0.852762 -1.17582e-05
coh_eff(1993)      1.78828    5.349e-05
coh_eff(1994)      0.50675  -1.8644e-06
coh_eff(1995)    -0.980142  4.24788e-05
coh_eff(1996)   -0.0701878 -4.38645e-05
coh_eff(1997)     0.969765 -2.45284e-05
coh_eff(1998)     0.468247 -3.45792e-05
coh_eff(1999)     0.395472   7.0848e-05
coh_eff(2000)   -0.0684585  6.06997e-05
coh_eff(2001)      0.38565  3.25729e-05
coh_eff(2002)     0.878651 -7.59763e-05
coh_eff(2003)      1.45759 -7.20157e-06
coh_eff(2004)     0.414359   1.2089e-05
coh_eff(2005)    -0.801252  1.45657e-05
coh_eff(2006)     -1.12025   -5.177e-05
coh_eff(2007)    -0.451529  7.47883e-05
coh_eff(2008)     -1.66794 -2.17601e-05
coh_eff(2009)    -0.772619    1.732e-05
coh_eff(2010)     -1.53472 -1.77819e-05
coh_eff(2011)     -2.03099  6.87489e-05
coh_eff(2012)     -1.88351  5.18801e-05
coh_eff(2013)     -1.15567 -9.45968e-06
coh_eff(2014)     0.725716   7.1487e-05
coh_eff(2015)     0.775548 -6.36954e-05
coh_eff(2016)    0.0220587 -5.20931e-05
coh_eff(2017)     0.326546 -3.56682e-05
coh_eff(2018)     0.567605 -3.05182e-05
coh_eff(2019)      1.41456  4.87304e-05
coh_eff(2020)     0.374874 -1.09173e-05
coh_eff(2021)     0.189904  5.77382e-05
coh_eff(2022)      1.11949  1.41649e-05
coh_eff(2023)      1.66812 -1.61805e-05
coh_eff(2024)     0.354273 -7.77882e-07
coh_eff(2025)            0            0
coh_eff(2026)            0            0
yr_eff(1970)            0            0
yr_eff(1971)     0.173551 -1.63931e-05
yr_eff(1972)  -0.00301349 -0.000161227
yr_eff(1973)      0.30849 -3.08219e-05
yr_eff(1974)      0.36507 -3.87508e-06
yr_eff(1975)       1.5963 -2.67772e-05
yr_eff(1976)     0.449983  -1.7128e-06
yr_eff(1977)      2.08953  1.10295e-05
yr_eff(1978)     0.408934 -2.86051e-05
yr_eff(1979)      1.21191 -2.53556e-05
yr_eff(1980)      1.29396 -5.01444e-05
yr_eff(1981)     0.913715 -4.44346e-05
yr_eff(1982)     0.186395 -4.33913e-05
yr_eff(1983)     0.946769 -6.91497e-05
yr_eff(1984)    -0.522567 -3.19996e-05
yr_eff(1985)      0.19448 -4.83045e-05
yr_eff(1986)     -1.38398 -8.49905e-06
yr_eff(1987)    -0.523554 -9.44683e-06
yr_eff(1988)    -0.965512  1.68223e-05
yr_eff(1989)    -0.691759  3.69538e-05
yr_eff(1990)     0.532205  8.27498e-05
yr_eff(1991)     0.254749  8.10957e-05
yr_eff(1992)     0.266519  -1.7661e-05
yr_eff(1993)      1.04645 -5.70706e-05
yr_eff(1994)     0.161365  4.11646e-05
yr_eff(1995)    -0.266973  2.76963e-05
yr_eff(1996)    -0.495524  3.37332e-05
yr_eff(1997)    -0.103362 -1.60028e-05
yr_eff(1998)    -0.399312   -2.917e-05
yr_eff(1999)    -0.222823 -3.69829e-05
yr_eff(2000)    -0.121403  4.56604e-06
yr_eff(2001)     0.660468 -2.13619e-05
yr_eff(2002)     0.129535  4.48732e-05
yr_eff(2003)    0.0186952 -6.31712e-05
yr_eff(2004)    -0.211623  1.81258e-05
yr_eff(2005)    -0.655893  1.88341e-05
yr_eff(2006)   -0.0297589  4.72585e-05
yr_eff(2007)      1.07527 -5.18315e-05
yr_eff(2008)     0.487862  0.000101645
yr_eff(2009)      1.55114  2.60274e-05
yr_eff(2010)     0.723351 -1.87552e-05
yr_eff(2011)     0.870444 -8.54088e-05
yr_eff(2012)     0.236104 -1.13747e-05
yr_eff(2013)     0.655274  1.40789e-05
yr_eff(2014)     0.787419  2.18966e-05
yr_eff(2015)     -2.04374   5.9487e-05
yr_eff(2016)    -0.258236  6.51395e-05
yr_eff(2017)    0.0174494 -9.45961e-06
yr_eff(2018)    -0.798285   3.7966e-06
yr_eff(2019)     0.881217 -4.31569e-05
yr_eff(2020)     -1.54825 -2.77212e-06
yr_eff(2021)     -1.33076 -4.13069e-06
yr_eff(2022)   -0.0141347 -8.65372e-06
yr_eff(2023)     -3.22027  5.50102e-06
yr_eff(2024)     0.945711  3.13599e-05
yr_eff(2025)            0            0
yr_eff(2026)            0            0
yr_eff(2027)            0            0
yr_eff(2028)            0            0
yr_eff(2029)            0            0
