ParName   Value   Gradient
log_avgrec      9.83753  2.34327e-05
log_avginit      4.81335 -3.32666e-06
log_avg_F     -1.41133 -1.54764e-05
log_q_ats    -0.592211 -6.22322e-06
log_Rzero      10.1605  1.37401e-07
steepness     0.601031  1.11817e-08
log_q_cpue     0.102297 -4.12193e-06
log_q_avo     -8.18871 -1.01458e-08
log_initdevs(2)      3.31696 -9.98186e-06
log_initdevs(3)      2.83371 -2.58533e-05
log_initdevs(4)      1.29829 -1.66334e-05
log_initdevs(5)     0.470986  3.65009e-06
log_initdevs(6)      1.14529 -1.45067e-05
log_initdevs(7)     0.351287   6.8681e-06
log_initdevs(8)     -0.78635 -1.31623e-06
log_initdevs(9)     -1.24276  6.92866e-07
log_initdevs(10)     -1.23579 -6.12257e-06
log_initdevs(11)     -1.23081 -1.97409e-07
log_initdevs(12)      -1.2277  3.51971e-06
log_initdevs(13)     -1.22934 -3.35618e-06
log_initdevs(14)     -1.23094 -2.31993e-06
log_initdevs(15)     -1.23284  7.16536e-07
log_rec_devs(1964)     -1.07831 -1.61197e-05
log_rec_devs(1965)     0.109677 -5.47632e-05
log_rec_devs(1966)    -0.221218 -1.91485e-05
log_rec_devs(1967)     0.305516 -1.45842e-05
log_rec_devs(1968)     0.162781 -2.64142e-05
log_rec_devs(1969)     0.330091  -1.6283e-05
log_rec_devs(1970)     0.223659 -1.77914e-05
log_rec_devs(1971)     -0.26479 -2.91557e-06
log_rec_devs(1972)    -0.467674  1.31267e-05
log_rec_devs(1973)     0.351282  2.57729e-05
log_rec_devs(1974)    0.0298638  2.53377e-05
log_rec_devs(1975)     -0.15256  2.48633e-05
log_rec_devs(1976)    -0.437513  3.23939e-05
log_rec_devs(1977)    -0.416807  2.48339e-05
log_rec_devs(1978)     0.161603  9.65009e-05
log_rec_devs(1979)      1.00805  0.000180231
log_rec_devs(1980)     0.314432  4.45572e-05
log_rec_devs(1981)     0.516446  6.15714e-05
log_rec_devs(1982)     -0.11176 -5.25342e-06
log_rec_devs(1983)     0.985508  3.87333e-05
log_rec_devs(1984)    -0.249716 -2.57671e-05
log_rec_devs(1985)     0.628769  3.38494e-05
log_rec_devs(1986)    -0.320569 -1.47148e-05
log_rec_devs(1987)    -0.912846  2.30521e-05
log_rec_devs(1988)     -1.21447  2.64176e-05
log_rec_devs(1989)    -0.501396 -1.20341e-05
log_rec_devs(1990)     0.946743  5.20112e-05
log_rec_devs(1991)     0.274392  3.88053e-05
log_rec_devs(1992)     0.095235 -1.61559e-06
log_rec_devs(1993)     0.799962  8.27426e-05
log_rec_devs(1994)     -0.26545  2.07716e-06
log_rec_devs(1995)    -0.609953  2.94581e-05
log_rec_devs(1996)     0.141392 -3.61678e-06
log_rec_devs(1997)     0.465028  7.58996e-05
log_rec_devs(1998)    -0.231388  2.10523e-05
log_rec_devs(1999)    -0.142041  9.64315e-06
log_rec_devs(2000)     0.287202 -9.79538e-06
log_rec_devs(2001)     0.617337 -4.58585e-05
log_rec_devs(2002)     0.226157  1.38077e-05
log_rec_devs(2003)    -0.210809  1.49796e-06
log_rec_devs(2004)    -0.986859  -4.0319e-05
log_rec_devs(2005)     -1.34638 -4.12514e-05
log_rec_devs(2006)    -0.422795  2.10537e-05
log_rec_devs(2007)     0.325067  3.30005e-06
log_rec_devs(2008)    -0.340766 -3.57845e-06
log_rec_devs(2009)     0.956299 -3.20338e-06
log_rec_devs(2010)     0.192121 -1.52367e-05
log_rec_devs(2011)    -0.303503  4.51793e-06
log_rec_devs(2012)    -0.463122  2.50799e-05
log_rec_devs(2013)     0.803703 -7.30383e-06
log_rec_devs(2014)     0.920443 -2.55869e-05
log_rec_devs(2015)    0.0683899  8.68049e-07
log_rec_devs(2016)    -0.923377  3.18778e-06
log_rec_devs(2017)    -0.920272  2.31195e-05
log_rec_devs(2018)    -0.182303 -3.76608e-05
log_rec_devs(2019)      1.46368 -0.000161744
log_rec_devs(2020)     0.199237 -7.96823e-05
log_rec_devs(2021)    -0.316995   2.5037e-06
log_rec_devs(2022)    -0.191586  8.88386e-07
log_rec_devs(2023)     0.174353 -1.76632e-05
log_rec_devs(2024)     0.122806 -2.65634e-05
log_F_devs(1964)    -0.657303 -1.86296e-05
log_F_devs(1965)    -0.632477  4.97985e-06
log_F_devs(1966)    -0.710512  4.08793e-05
log_F_devs(1967)    -0.170781 -2.48353e-05
log_F_devs(1968)    -0.184874 -3.49695e-05
log_F_devs(1969)    -0.142784  6.17348e-06
log_F_devs(1970)     0.219917  1.15846e-05
log_F_devs(1971)     0.566822 -2.90163e-05
log_F_devs(1972)     0.677655 -2.04634e-05
log_F_devs(1973)     0.808259   -7.297e-05
log_F_devs(1974)     0.871405  1.53036e-05
log_F_devs(1975)     0.679036 -8.55766e-06
log_F_devs(1976)     0.572092  4.21494e-06
log_F_devs(1977)     0.467337  2.43231e-06
log_F_devs(1978)     0.575831  1.04472e-05
log_F_devs(1979)     0.653362   2.6641e-05
log_F_devs(1980)      0.62871 -6.11588e-05
log_F_devs(1981)     0.347184 -4.12029e-05
log_F_devs(1982)    -0.107905  4.51063e-05
log_F_devs(1983)    -0.321297  9.01437e-05
log_F_devs(1984)    -0.357773   0.00012147
log_F_devs(1985)    -0.365765  9.49193e-05
log_F_devs(1986)    -0.474561  9.01475e-05
log_F_devs(1987)    -0.808891  0.000109067
log_F_devs(1988)    -0.531191  7.38301e-05
log_F_devs(1989)    -0.510714  4.72077e-05
log_F_devs(1990)    -0.115192 -6.26769e-05
log_F_devs(1991)      0.11969 -5.13958e-06
log_F_devs(1992)     0.422356 -3.60151e-05
log_F_devs(1993)   -0.0010676 -2.20459e-05
log_F_devs(1994)    -0.227827 -2.00235e-05
log_F_devs(1995)    -0.221661  -4.5287e-05
log_F_devs(1996)   -0.0275015  5.77654e-06
log_F_devs(1997)    0.0265442   4.9298e-05
log_F_devs(1998)    -0.141022 -1.94353e-05
log_F_devs(1999)    -0.390319  1.08486e-05
log_F_devs(2000)    -0.312947 -4.72962e-05
log_F_devs(2001)    -0.205453  1.21178e-05
log_F_devs(2002)   -0.0608588  2.17918e-05
log_F_devs(2003)  -0.00383005   4.6314e-06
log_F_devs(2004)    -0.122956  -4.0266e-05
log_F_devs(2005)    -0.184811  1.91571e-05
log_F_devs(2006)    0.0148995  -4.5691e-05
log_F_devs(2007)    0.0798789  2.52971e-05
log_F_devs(2008)     0.181052 -4.71858e-05
log_F_devs(2009)     0.139395  -4.2452e-05
log_F_devs(2010)   -0.0666577  3.41073e-05
log_F_devs(2011)     0.237659  1.72996e-05
log_F_devs(2012)     0.232802  9.62902e-07
log_F_devs(2013)     0.154409 -1.64059e-05
log_F_devs(2014)     0.109639  1.12126e-05
log_F_devs(2015)     0.196098  1.26704e-06
log_F_devs(2016)   -0.0690472 -1.88366e-06
log_F_devs(2017)    -0.051042 -1.12131e-05
log_F_devs(2018)    -0.243876 -1.11625e-05
log_F_devs(2019)    -0.116731 -3.34509e-05
log_F_devs(2020)     0.158182 -6.35701e-05
log_F_devs(2021)     0.118878  1.55539e-05
log_F_devs(2022)    -0.225754  3.06448e-05
log_F_devs(2023)    -0.259206  0.000108268
log_F_devs(2024)    -0.234508 -0.000279551
sel_devs_fsh(1,1)    0.0529296 -4.38488e-07
sel_devs_fsh(1,2)    0.0926913 -2.77423e-05
sel_devs_fsh(1,3)     0.142998  1.06497e-05
sel_devs_fsh(1,4)   -0.0413812  5.51719e-05
sel_devs_fsh(1,5)   -0.0415918 -0.000134313
sel_devs_fsh(1,6)    -0.055864  0.000367327
sel_devs_fsh(1,7)   -0.0478843 -0.000248298
sel_devs_fsh(1,8)   -0.0386897  0.000111997
sel_devs_fsh(1,9)   -0.0278268 -0.000290055
sel_devs_fsh(1,10)   -0.0182604  6.50145e-05
sel_devs_fsh(1,11)   -0.0110076  9.14254e-05
sel_devs_fsh(1,12)  -0.00611313  1.00455e-06
sel_devs_fsh(2,1)    0.0603929  4.08109e-06
sel_devs_fsh(2,2)    0.0999425 -2.78634e-05
sel_devs_fsh(2,3)     0.243094   2.6059e-05
sel_devs_fsh(2,4)    -0.132543  4.09498e-05
sel_devs_fsh(2,5)   -0.0948774 -0.000151301
sel_devs_fsh(2,6)   -0.0734831  0.000363767
sel_devs_fsh(2,7)    -0.052132 -0.000247882
sel_devs_fsh(2,8)   -0.0325185  0.000121261
sel_devs_fsh(2,9)   -0.0195656 -0.000285557
sel_devs_fsh(2,10)  -0.00829065  6.57482e-05
sel_devs_fsh(2,11)   0.00120359   0.00011343
sel_devs_fsh(2,12)    0.0087779 -6.34876e-06
sel_devs_fsh(3,1)     0.125372 -8.22644e-07
sel_devs_fsh(3,2)     0.100126  -2.6229e-05
sel_devs_fsh(3,3)   0.00626047  1.50402e-05
sel_devs_fsh(3,4)   -0.0061798  3.63362e-05
sel_devs_fsh(3,5)   -0.0473665 -0.000153733
sel_devs_fsh(3,6)   -0.0513615  0.000370611
sel_devs_fsh(3,7)   -0.0482303 -0.000245967
sel_devs_fsh(3,8)   -0.0372127  0.000116704
sel_devs_fsh(3,9)   -0.0242033 -0.000267551
sel_devs_fsh(3,10)   -0.0123235  5.69747e-05
sel_devs_fsh(3,11)    -0.004401    0.0001166
sel_devs_fsh(3,12) -0.000479988 -1.09799e-05
sel_devs_fsh(4,1)     0.132662  4.47988e-06
sel_devs_fsh(4,2)    0.0670242 -3.19572e-05
sel_devs_fsh(4,3)      0.15677  1.19736e-05
sel_devs_fsh(4,4)    -0.105706  4.45887e-05
sel_devs_fsh(4,5)    -0.101932  -0.00015376
sel_devs_fsh(4,6)   -0.0925351  0.000376147
sel_devs_fsh(4,7)   -0.0786355 -0.000254166
sel_devs_fsh(4,8)    -0.022769  8.15095e-05
sel_devs_fsh(4,9)  -0.00471168 -0.000255074
sel_devs_fsh(4,10)   0.00997133  6.82214e-05
sel_devs_fsh(4,11)    0.0170193  0.000116556
sel_devs_fsh(4,12)    0.0228421 -1.22845e-05
sel_devs_fsh(5,1)     0.188885 -2.14318e-05
sel_devs_fsh(5,2)     0.137296 -2.27348e-05
sel_devs_fsh(5,3)    -0.032361  2.23328e-05
sel_devs_fsh(5,4)    -0.252515  4.54702e-05
sel_devs_fsh(5,5)    -0.122787 -0.000142938
sel_devs_fsh(5,6)    -0.107449  0.000345325
sel_devs_fsh(5,7)   -0.0492197 -0.000236882
sel_devs_fsh(5,8)    0.0104495  0.000101462
sel_devs_fsh(5,9)    0.0367922 -0.000249447
sel_devs_fsh(5,10)     0.052221  6.64595e-05
sel_devs_fsh(5,11)    0.0591865  0.000114875
sel_devs_fsh(5,12)    0.0795014 -1.84422e-05
sel_devs_fsh(6,1)    0.0117286 -2.23991e-05
sel_devs_fsh(6,2)    0.0296184 -7.49883e-06
sel_devs_fsh(6,3)   -0.0799124  1.92325e-05
sel_devs_fsh(6,4)   -0.0491341  3.74708e-05
sel_devs_fsh(6,5)  -0.00130855 -0.000127114
sel_devs_fsh(6,6)   -0.0144009  0.000345704
sel_devs_fsh(6,7)   -0.0489371 -0.000248871
sel_devs_fsh(6,8)   0.00665079  9.99331e-05
sel_devs_fsh(6,9)    0.0273652 -0.000249714
sel_devs_fsh(6,10)    0.0322175  6.29445e-05
sel_devs_fsh(6,11)    0.0367573  0.000110334
sel_devs_fsh(6,12)     0.049355 -2.40749e-05
sel_devs_fsh(7,1)    -0.231197  1.18804e-06
sel_devs_fsh(7,2)     0.199244 -2.20018e-05
sel_devs_fsh(7,3)     0.117423  2.45874e-05
sel_devs_fsh(7,4)    0.0806297  3.47204e-05
sel_devs_fsh(7,5)   -0.0208226 -0.000122104
sel_devs_fsh(7,6)  -0.00738861  0.000334276
sel_devs_fsh(7,7)   -0.0171362 -0.000252849
sel_devs_fsh(7,8)   -0.0309912  0.000100184
sel_devs_fsh(7,9)   -0.0146861 -0.000257969
sel_devs_fsh(7,10)    -0.017393  6.54792e-05
sel_devs_fsh(7,11)    -0.023772  0.000116572
sel_devs_fsh(7,12)   -0.0339092 -1.24469e-05
sel_devs_fsh(8,1)    -0.251557 -1.81137e-06
sel_devs_fsh(8,2)      0.10933 -1.30845e-05
sel_devs_fsh(8,3)    0.0708851   2.7914e-05
sel_devs_fsh(8,4)    0.0510154  4.81586e-05
sel_devs_fsh(8,5)    0.0394902 -0.000107106
sel_devs_fsh(8,6)    0.0494339  0.000313456
sel_devs_fsh(8,7)    0.0286265 -0.000235737
sel_devs_fsh(8,8) -0.000295062  0.000102196
sel_devs_fsh(8,9)   -0.0114769 -0.000266782
sel_devs_fsh(8,10)   -0.0190282  7.24955e-05
sel_devs_fsh(8,11)   -0.0270539  0.000103419
sel_devs_fsh(8,12)   -0.0393692 -3.29575e-05
sel_devs_fsh(9,1)    -0.208584 -2.02746e-05
sel_devs_fsh(9,2)      0.14822  -1.0108e-05
sel_devs_fsh(9,3)     0.182356  2.96218e-05
sel_devs_fsh(9,4)    0.0387189  4.22962e-05
sel_devs_fsh(9,5)   0.00849988 -0.000104739
sel_devs_fsh(9,6)  -0.00307818  0.000243969
sel_devs_fsh(9,7)  -0.00248224 -0.000167102
sel_devs_fsh(9,8)    -0.028622  0.000120938
sel_devs_fsh(9,9)   -0.0228647 -0.000267336
sel_devs_fsh(9,10)   -0.0270334  7.02586e-05
sel_devs_fsh(9,11)   -0.0344159  0.000108273
sel_devs_fsh(9,12)   -0.0507127 -1.86607e-05
sel_devs_fsh(10,1)    -0.191716  1.32551e-06
sel_devs_fsh(10,2)    -0.170267 -2.63303e-05
sel_devs_fsh(10,3)     0.131398  2.97554e-05
sel_devs_fsh(10,4)    0.0818122  4.56581e-05
sel_devs_fsh(10,5)    0.0455287 -6.23846e-05
sel_devs_fsh(10,6)    0.0376932  0.000102938
sel_devs_fsh(10,7)    0.0353523 -5.06801e-05
sel_devs_fsh(10,8)  -0.00389093  9.92076e-05
sel_devs_fsh(10,9)   0.00354596 -0.000285833
sel_devs_fsh(10,10)    0.0102516  6.44694e-05
sel_devs_fsh(10,11)    0.0101062  0.000134184
sel_devs_fsh(10,12)    0.0101857 -4.34151e-05
sel_devs_fsh(11,1)    -0.190707  7.46872e-06
sel_devs_fsh(11,2)    -0.064837 -1.60086e-05
sel_devs_fsh(11,3)   -0.0796989  3.32001e-05
sel_devs_fsh(11,4)    0.0907677  2.98631e-05
sel_devs_fsh(11,5)    0.0756904 -5.61133e-05
sel_devs_fsh(11,6)    0.0628759  1.72138e-05
sel_devs_fsh(11,7)    0.0558669 -7.09327e-06
sel_devs_fsh(11,8)      0.01466  0.000136521
sel_devs_fsh(11,9)   0.00914061 -0.000273271
sel_devs_fsh(11,10)   0.00983981  3.72915e-05
sel_devs_fsh(11,11)   0.00908807  0.000163251
sel_devs_fsh(11,12)   0.00731453 -6.48268e-05
sel_devs_fsh(12,1)     -0.18164 -8.31287e-07
sel_devs_fsh(12,2)    0.0260769  -5.2629e-06
sel_devs_fsh(12,3)    -0.125444  4.17902e-05
sel_devs_fsh(12,4)   -0.0504406  4.44977e-05
sel_devs_fsh(12,5)    0.0562927 -4.79347e-05
sel_devs_fsh(12,6)    0.0603956 -2.02445e-05
sel_devs_fsh(12,7)     0.058462  1.82996e-05
sel_devs_fsh(12,8)    0.0355159  0.000130286
sel_devs_fsh(12,9)     0.025475 -0.000287328
sel_devs_fsh(12,10)    0.0307087  4.14377e-05
sel_devs_fsh(12,11)    0.0318976  0.000128319
sel_devs_fsh(12,12)    0.0326994  -5.8699e-05
sel_devs_fsh(13,1)    -0.223621  8.00533e-06
sel_devs_fsh(13,2)    -0.134749 -1.08401e-05
sel_devs_fsh(13,3)   -0.0357937  3.58858e-05
sel_devs_fsh(13,4)   -0.0247267  3.99174e-05
sel_devs_fsh(13,5)    0.0433872 -4.99141e-05
sel_devs_fsh(13,6)     0.053532  7.36618e-06
sel_devs_fsh(13,7)    0.0646667  -2.5869e-05
sel_devs_fsh(13,8)    0.0647647  0.000144955
sel_devs_fsh(13,9)    0.0524001 -0.000276932
sel_devs_fsh(13,10)    0.0463655   0.00011989
sel_devs_fsh(13,11)    0.0471981  7.83787e-05
sel_devs_fsh(13,12)    0.0465766 -6.41875e-05
sel_devs_fsh(14,1)    -0.184342 -3.39887e-08
sel_devs_fsh(14,2)    -0.384202 -1.10707e-05
sel_devs_fsh(14,3)    -0.166826  4.64208e-05
sel_devs_fsh(14,4)   -0.0293324  3.96338e-05
sel_devs_fsh(14,5)    0.0932426 -5.80041e-05
sel_devs_fsh(14,6)     0.133889   4.4342e-05
sel_devs_fsh(14,7)     0.120834 -7.48752e-05
sel_devs_fsh(14,8)     0.120461  0.000176463
sel_devs_fsh(14,9)    0.0974307 -0.000256347
sel_devs_fsh(14,10)    0.0695172  0.000125437
sel_devs_fsh(14,11)    0.0660439  8.05199e-05
sel_devs_fsh(14,12)    0.0632876 -5.32894e-05
sel_devs_fsh(15,1)    -0.208058  8.14981e-06
sel_devs_fsh(15,2)    -0.505862 -2.31048e-05
sel_devs_fsh(15,3)    -0.281765  2.40483e-05
sel_devs_fsh(15,4)    0.0822924  4.92423e-05
sel_devs_fsh(15,5)     0.139087 -5.87838e-05
sel_devs_fsh(15,6)     0.152392  4.95772e-05
sel_devs_fsh(15,7)      0.14707 -7.40514e-05
sel_devs_fsh(15,8)     0.135192  0.000140166
sel_devs_fsh(15,9)    0.0951596   -0.0002162
sel_devs_fsh(15,10)    0.0856894  0.000136422
sel_devs_fsh(15,11)    0.0817106  6.80069e-05
sel_devs_fsh(15,12)    0.0770951 -4.87405e-05
sel_devs_fsh(16,1)    -0.171616   2.0071e-06
sel_devs_fsh(16,2)    -0.290187  7.76119e-06
sel_devs_fsh(16,3)    -0.291027  4.45825e-05
sel_devs_fsh(16,4)   -0.0201422  3.49899e-05
sel_devs_fsh(16,5)     0.140959 -5.71712e-05
sel_devs_fsh(16,6)    0.0931265  4.64327e-05
sel_devs_fsh(16,7)    0.0984126 -8.90869e-05
sel_devs_fsh(16,8)    0.0994541  0.000137569
sel_devs_fsh(16,9)    0.0924311 -0.000188075
sel_devs_fsh(16,10)    0.0851275  0.000120869
sel_devs_fsh(16,11)    0.0814934  7.32929e-05
sel_devs_fsh(16,12)    0.0819734 -5.62582e-05
sel_devs_fsh(17,1)    -0.134937  3.91137e-06
sel_devs_fsh(17,2)    -0.105268  5.19427e-07
sel_devs_fsh(17,3)    -0.280063  4.05836e-05
sel_devs_fsh(17,4)   -0.0113557     3.55e-05
sel_devs_fsh(17,5)    0.0200418 -6.72513e-05
sel_devs_fsh(17,6)     0.062761  1.84206e-05
sel_devs_fsh(17,7)    0.0639456 -0.000115073
sel_devs_fsh(17,8)    0.0715777  0.000105943
sel_devs_fsh(17,9)    0.0758715 -0.000145578
sel_devs_fsh(17,10)    0.0774982  0.000126091
sel_devs_fsh(17,11)    0.0787881  7.67655e-05
sel_devs_fsh(17,12)    0.0811396 -7.17614e-05
sel_devs_fsh(18,1)    -0.153252 -1.28391e-05
sel_devs_fsh(18,2)    0.0966404  1.68719e-05
sel_devs_fsh(18,3)   -0.0711786   3.7129e-05
sel_devs_fsh(18,4)    -0.119547  3.20317e-05
sel_devs_fsh(18,5)   -0.0767593 -5.14891e-05
sel_devs_fsh(18,6)    0.0302273  8.38904e-06
sel_devs_fsh(18,7)    0.0280952 -0.000103264
sel_devs_fsh(18,8)    0.0318693  8.36503e-05
sel_devs_fsh(18,9)    0.0459308  -0.00012444
sel_devs_fsh(18,10)    0.0555396  0.000115348
sel_devs_fsh(18,11)    0.0634197  6.95611e-05
sel_devs_fsh(18,12)    0.0690152  -7.3212e-05
sel_devs_fsh(19,1)    -0.135627  8.22331e-06
sel_devs_fsh(19,2)    -0.162105 -7.11091e-06
sel_devs_fsh(19,3)    0.0359044  6.15621e-05
sel_devs_fsh(19,4)   -0.0825324  3.62171e-05
sel_devs_fsh(19,5)     0.104289  -7.8802e-05
sel_devs_fsh(19,6)    0.0249756  2.17043e-05
sel_devs_fsh(19,7)     0.036514 -0.000107301
sel_devs_fsh(19,8)    0.0282638  6.59627e-05
sel_devs_fsh(19,9)     0.029433 -9.95546e-05
sel_devs_fsh(19,10)    0.0305102  0.000113205
sel_devs_fsh(19,11)    0.0423055  5.29141e-05
sel_devs_fsh(19,12)    0.0480692 -5.82796e-05
sel_devs_fsh(20,1)    -0.150657 -3.98021e-06
sel_devs_fsh(20,2)    0.0403072  1.51123e-05
sel_devs_fsh(20,3)     0.109525  2.64825e-05
sel_devs_fsh(20,4)    -0.105674  3.35808e-05
sel_devs_fsh(20,5)    -0.219994 -5.87967e-05
sel_devs_fsh(20,6)     0.101037  4.05616e-06
sel_devs_fsh(20,7)     0.058918 -9.89314e-05
sel_devs_fsh(20,8)    0.0459438  4.21452e-05
sel_devs_fsh(20,9)    0.0257382 -8.56381e-05
sel_devs_fsh(20,10)    0.0250684  0.000122739
sel_devs_fsh(20,11)    0.0322196  4.96871e-05
sel_devs_fsh(20,12)    0.0375679  -5.1759e-05
sel_devs_fsh(21,1)    -0.155956 -1.48244e-05
sel_devs_fsh(21,2)   -0.0311768 -3.64219e-06
sel_devs_fsh(21,3)    0.0755314  3.71323e-05
sel_devs_fsh(21,4)      0.15207  4.81755e-05
sel_devs_fsh(21,5)   -0.0362362 -6.93277e-05
sel_devs_fsh(21,6)   -0.0296025  7.90966e-06
sel_devs_fsh(21,7)    0.0208399 -0.000121391
sel_devs_fsh(21,8)   -0.0348263   4.3547e-05
sel_devs_fsh(21,9)   0.00899774 -7.76428e-05
sel_devs_fsh(21,10)   0.00450465  0.000112725
sel_devs_fsh(21,11)   0.00616268  8.69569e-05
sel_devs_fsh(21,12)    0.0196923 -4.21341e-05
sel_devs_fsh(22,1)    -0.158293  1.14953e-05
sel_devs_fsh(22,2)   -0.0686459 -3.85826e-06
sel_devs_fsh(22,3)      0.12249  3.59953e-05
sel_devs_fsh(22,4)   -0.0818795  1.34664e-05
sel_devs_fsh(22,5)   0.00668594 -8.46991e-05
sel_devs_fsh(22,6)   -0.0599658  1.22257e-05
sel_devs_fsh(22,7)   -0.0754133  -0.00012151
sel_devs_fsh(22,8)     0.126297  6.30971e-05
sel_devs_fsh(22,9)    0.0866475 -6.68598e-05
sel_devs_fsh(22,10)    0.0605196  9.91828e-05
sel_devs_fsh(22,11)    0.0306852  6.61451e-05
sel_devs_fsh(22,12)    0.0108732 -1.98469e-05
sel_devs_fsh(23,1)    -0.189881  7.49621e-07
sel_devs_fsh(23,2)    -0.101215 -3.40794e-06
sel_devs_fsh(23,3)     0.475798  2.90915e-05
sel_devs_fsh(23,4)    0.0528651  5.80978e-06
sel_devs_fsh(23,5)     0.131146 -9.18148e-05
sel_devs_fsh(23,6)   -0.0418702 -2.08898e-05
sel_devs_fsh(23,7)    0.0901743 -0.000103924
sel_devs_fsh(23,8)    -0.098424  4.42152e-05
sel_devs_fsh(23,9)   -0.0977893 -5.51852e-05
sel_devs_fsh(23,10)    -0.120314  0.000104241
sel_devs_fsh(23,11)    -0.069875  8.84251e-05
sel_devs_fsh(23,12)    -0.030616 -2.59565e-05
sel_devs_fsh(24,1)    -0.159546 -2.31577e-06
sel_devs_fsh(24,2)   -0.0614487  1.32872e-06
sel_devs_fsh(24,3)    -0.371152  2.79912e-05
sel_devs_fsh(24,4)     0.172534   1.8192e-05
sel_devs_fsh(24,5)    0.0282004 -8.75382e-05
sel_devs_fsh(24,6)    0.0843485  1.75033e-05
sel_devs_fsh(24,7)     0.121373 -0.000137128
sel_devs_fsh(24,8)    0.0962162   3.8499e-05
sel_devs_fsh(24,9)    0.0207834 -4.19052e-05
sel_devs_fsh(24,10)    0.0640596  0.000116826
sel_devs_fsh(24,11)    0.0157349  7.71741e-05
sel_devs_fsh(24,12)   -0.0111022  1.36068e-06
sel_devs_fsh(25,1)    -0.150113 -4.11747e-06
sel_devs_fsh(25,2)   -0.0299352  5.34731e-06
sel_devs_fsh(25,3)    -0.342942  3.81586e-05
sel_devs_fsh(25,4)    0.0315564   2.5195e-05
sel_devs_fsh(25,5)     0.187746 -0.000103654
sel_devs_fsh(25,6)    0.0564142   1.3508e-05
sel_devs_fsh(25,7)   -0.0361757 -0.000134058
sel_devs_fsh(25,8)    0.0353355  4.17302e-05
sel_devs_fsh(25,9)    0.0532269 -4.00071e-05
sel_devs_fsh(25,10)   -0.0166897  0.000102087
sel_devs_fsh(25,11)     0.138813  8.45367e-05
sel_devs_fsh(25,12)    0.0727629 -3.07429e-05
sel_devs_fsh(26,1)   -0.0723847   7.7411e-06
sel_devs_fsh(26,2)    0.0179906 -1.02055e-05
sel_devs_fsh(26,3)    -0.372487  1.76751e-05
sel_devs_fsh(26,4)    -0.366232  1.87814e-05
sel_devs_fsh(26,5)    -0.311728 -9.20129e-05
sel_devs_fsh(26,6)    -0.142848 -1.96587e-05
sel_devs_fsh(26,7)     0.137437 -0.000129131
sel_devs_fsh(26,8)  -0.00232287  5.59227e-05
sel_devs_fsh(26,9)     0.214366 -3.64607e-05
sel_devs_fsh(26,10)     0.150607  0.000103681
sel_devs_fsh(26,11)     0.387439  8.54288e-05
sel_devs_fsh(26,12)     0.360163 -5.86224e-06
sel_devs_fsh(27,1)    -0.158496   1.6753e-06
sel_devs_fsh(27,2)   -0.0471523  1.00945e-05
sel_devs_fsh(27,3)     0.513593  2.77845e-05
sel_devs_fsh(27,4)    -0.264795  7.09089e-06
sel_devs_fsh(27,5)    -0.346149 -9.22047e-05
sel_devs_fsh(27,6)   -0.0455422   2.5994e-05
sel_devs_fsh(27,7)   -0.0257308 -0.000130746
sel_devs_fsh(27,8)     0.220158  6.66492e-05
sel_devs_fsh(27,9)    0.0953945 -2.62457e-05
sel_devs_fsh(27,10)     0.221444  8.42311e-05
sel_devs_fsh(27,11)    -0.115659  5.94106e-05
sel_devs_fsh(27,12)   -0.0470631  1.63477e-06
sel_devs_fsh(28,1)    -0.149085 -2.77912e-06
sel_devs_fsh(28,2)    -0.491268 -6.21894e-06
sel_devs_fsh(28,3)  -0.00450959  9.60444e-06
sel_devs_fsh(28,4)     0.803905  1.84245e-05
sel_devs_fsh(28,5)   0.00738354 -9.58111e-05
sel_devs_fsh(28,6)    0.0143253  7.43039e-06
sel_devs_fsh(28,7)    0.0780019 -0.000135022
sel_devs_fsh(28,8)    0.0177377  5.84367e-05
sel_devs_fsh(28,9)   -0.0224368 -3.64944e-05
sel_devs_fsh(28,10)   -0.0561431  9.92785e-05
sel_devs_fsh(28,11)    -0.132267  8.01109e-05
sel_devs_fsh(28,12)    -0.065643  1.33664e-05
sel_devs_fsh(29,1)   -0.0579982  1.60783e-05
sel_devs_fsh(29,2)   -0.0128852 -1.34286e-05
sel_devs_fsh(29,3)    -0.784685  2.39722e-05
sel_devs_fsh(29,4)    -0.275381  3.37069e-05
sel_devs_fsh(29,5)      0.90661 -9.06453e-05
sel_devs_fsh(29,6)     0.266636 -2.19571e-06
sel_devs_fsh(29,7)    0.0341222  -0.00012779
sel_devs_fsh(29,8)   -0.0198429  6.78525e-05
sel_devs_fsh(29,9)   -0.0294924 -4.67007e-05
sel_devs_fsh(29,10)  -0.00608473  9.43728e-05
sel_devs_fsh(29,11)    0.0218749  6.58957e-05
sel_devs_fsh(29,12)   -0.0428736 -2.33714e-05
sel_devs_fsh(30,1)   -0.0251984 -2.74084e-06
sel_devs_fsh(30,2)      0.15921  -1.0601e-06
sel_devs_fsh(30,3)    -0.318598  2.15923e-05
sel_devs_fsh(30,4)    -0.691938   1.8783e-05
sel_devs_fsh(30,5)    -0.336918 -7.47389e-05
sel_devs_fsh(30,6)     0.477423 -2.09629e-06
sel_devs_fsh(30,7)     0.158284 -0.000115452
sel_devs_fsh(30,8)     0.171835  6.22637e-05
sel_devs_fsh(30,9)     0.140261 -4.06173e-05
sel_devs_fsh(30,10)     0.121523  9.31418e-05
sel_devs_fsh(30,11)    0.0887336  5.24698e-05
sel_devs_fsh(30,12)    0.0553839 -1.15354e-05
sel_devs_fsh(31,1)   -0.0367279 -2.28591e-06
sel_devs_fsh(31,2)     0.488833 -2.00453e-05
sel_devs_fsh(31,3)     0.255331  1.13951e-05
sel_devs_fsh(31,4)    -0.821831  2.74653e-06
sel_devs_fsh(31,5)    -0.750403 -8.44465e-05
sel_devs_fsh(31,6)    -0.336276 -1.03163e-05
sel_devs_fsh(31,7)     0.303057 -0.000124321
sel_devs_fsh(31,8)       0.3149  3.51524e-05
sel_devs_fsh(31,9)     0.235119 -1.49445e-05
sel_devs_fsh(31,10)     0.162942  0.000131025
sel_devs_fsh(31,11)     0.107574  7.67456e-05
sel_devs_fsh(31,12)    0.0774821 -2.10361e-06
sel_devs_fsh(32,1)    -0.134786 -5.96302e-06
sel_devs_fsh(32,2)     0.319657 -1.25827e-05
sel_devs_fsh(32,3)     0.132026  5.42228e-06
sel_devs_fsh(32,4)     0.642582  2.55733e-05
sel_devs_fsh(32,5)   -0.0383498 -5.75334e-05
sel_devs_fsh(32,6)    -0.408943 -5.80466e-06
sel_devs_fsh(32,7)    -0.394287 -0.000103528
sel_devs_fsh(32,8)    -0.272145  2.79562e-05
sel_devs_fsh(32,9)   0.00557823 -2.78804e-05
sel_devs_fsh(32,10)    0.0417852  0.000110335
sel_devs_fsh(32,11)    0.0498423  6.20194e-05
sel_devs_fsh(32,12)    0.0570422  8.61701e-07
sel_devs_fsh(33,1)    -0.105334 -4.49014e-06
sel_devs_fsh(33,2)    -0.401696 -1.79194e-05
sel_devs_fsh(33,3)       0.2588  2.05076e-05
sel_devs_fsh(33,4)     0.230022  3.21122e-05
sel_devs_fsh(33,5)     0.193743 -4.71995e-05
sel_devs_fsh(33,6)     0.253393 -1.59203e-05
sel_devs_fsh(33,7)    -0.256112 -0.000111475
sel_devs_fsh(33,8)    -0.046478  3.17292e-05
sel_devs_fsh(33,9)   -0.0457938 -1.54297e-05
sel_devs_fsh(33,10)   -0.0273684  8.54542e-05
sel_devs_fsh(33,11)   -0.0298909  4.63059e-05
sel_devs_fsh(33,12)   -0.0232852 -2.30568e-05
sel_devs_fsh(34,1)    -0.154384  1.02976e-05
sel_devs_fsh(34,2)     -0.38153  -2.8928e-05
sel_devs_fsh(34,3)     0.814763   3.5274e-05
sel_devs_fsh(34,4)     0.447534  1.79776e-05
sel_devs_fsh(34,5)      0.15129 -8.72428e-05
sel_devs_fsh(34,6)    -0.231644 -4.70611e-06
sel_devs_fsh(34,7)     0.244091 -0.000115145
sel_devs_fsh(34,8)     -0.12692  3.69921e-05
sel_devs_fsh(34,9)    -0.271686 -1.40063e-05
sel_devs_fsh(34,10)     -0.23015  9.34244e-05
sel_devs_fsh(34,11)    -0.161584  7.53412e-05
sel_devs_fsh(34,12)   -0.0997818 -3.97185e-05
sel_devs_fsh(35,1)   -0.0804316  -1.8827e-05
sel_devs_fsh(35,2)    -0.143324 -5.78803e-06
sel_devs_fsh(35,3)    -0.548144  2.02356e-05
sel_devs_fsh(35,4)     0.301225  1.50978e-05
sel_devs_fsh(35,5)     0.420985 -6.67784e-05
sel_devs_fsh(35,6)    0.0208855 -1.43304e-05
sel_devs_fsh(35,7)   -0.0199208 -0.000106673
sel_devs_fsh(35,8)     0.229837  2.04177e-05
sel_devs_fsh(35,9)   0.00900307  -4.2401e-06
sel_devs_fsh(35,10)   -0.0600148  6.50163e-05
sel_devs_fsh(35,11)     -0.05797  5.55103e-05
sel_devs_fsh(35,12)   -0.0721313  1.16473e-05
sel_devs_fsh(36,1)   -0.0363171  5.43078e-06
sel_devs_fsh(36,2)    -0.188546  1.14854e-05
sel_devs_fsh(36,3)     -0.43376  2.43663e-05
sel_devs_fsh(36,4)     -0.28814  1.52235e-05
sel_devs_fsh(36,5)     0.267291 -6.81035e-05
sel_devs_fsh(36,6)     0.624379 -1.57804e-05
sel_devs_fsh(36,7)     0.139073 -0.000127069
sel_devs_fsh(36,8)    -0.103622  1.40659e-05
sel_devs_fsh(36,9)    0.0169252 -1.32412e-05
sel_devs_fsh(36,10)    0.0187894  8.55791e-05
sel_devs_fsh(36,11)   0.00979006  6.90806e-05
sel_devs_fsh(36,12)   -0.0258627 -5.37774e-06
sel_devs_fsh(37,1)   -0.0778684 -3.48989e-07
sel_devs_fsh(37,2)     0.185411  5.41104e-06
sel_devs_fsh(37,3)    0.0913834  2.64621e-05
sel_devs_fsh(37,4)   -0.0119753  4.94383e-06
sel_devs_fsh(37,5)    -0.239043 -6.59913e-05
sel_devs_fsh(37,6)    0.0419273 -2.15553e-05
sel_devs_fsh(37,7)    0.0693377 -9.82754e-05
sel_devs_fsh(37,8)    0.0636109  2.36749e-05
sel_devs_fsh(37,9)    0.0497237 -2.60206e-05
sel_devs_fsh(37,10)   -0.0158491  0.000103193
sel_devs_fsh(37,11)   -0.0813618  4.65916e-05
sel_devs_fsh(37,12)   -0.0752967 -6.12875e-06
sel_devs_fsh(38,1)   -0.0837594  1.25634e-05
sel_devs_fsh(38,2)    -0.332735   -6.931e-06
sel_devs_fsh(38,3)     0.703086  3.15515e-05
sel_devs_fsh(38,4)   -0.0422814  1.84299e-05
sel_devs_fsh(38,5)    0.0468442 -4.91789e-05
sel_devs_fsh(38,6)    -0.173584 -3.99676e-05
sel_devs_fsh(38,7)    0.0338668  -8.3659e-05
sel_devs_fsh(38,8)    0.0366476  2.97043e-05
sel_devs_fsh(38,9)   0.00145582 -4.37106e-05
sel_devs_fsh(38,10)   -0.0212352  0.000106656
sel_devs_fsh(38,11)   -0.0888771   3.5594e-05
sel_devs_fsh(38,12)   -0.0794296 -2.05186e-05
sel_devs_fsh(39,1)   -0.0356972  -5.3042e-06
sel_devs_fsh(39,2)    -0.146756  1.18634e-07
sel_devs_fsh(39,3)    -0.676816  2.53095e-05
sel_devs_fsh(39,4)     0.745564  3.06294e-07
sel_devs_fsh(39,5)     0.047507 -6.45399e-05
sel_devs_fsh(39,6)    -0.102013 -3.72939e-05
sel_devs_fsh(39,7)   0.00241842 -6.41792e-05
sel_devs_fsh(39,8)    0.0242174   4.3909e-05
sel_devs_fsh(39,9)    0.0414908  -1.8106e-05
sel_devs_fsh(39,10)    0.0435451  0.000125121
sel_devs_fsh(39,11)    0.0588374  5.15755e-05
sel_devs_fsh(39,12)  -0.00229562 -1.78778e-05
sel_devs_fsh(40,1)   -0.0596746 -9.74216e-06
sel_devs_fsh(40,2)     0.082722 -6.82618e-06
sel_devs_fsh(40,3)   -0.0235519  2.43047e-05
sel_devs_fsh(40,4)    -0.345539  7.24465e-06
sel_devs_fsh(40,5)     0.436855 -6.03804e-05
sel_devs_fsh(40,6)     0.259131 -3.32777e-05
sel_devs_fsh(40,7)    -0.106342 -6.63102e-05
sel_devs_fsh(40,8)    -0.151295  3.33517e-05
sel_devs_fsh(40,9)   -0.0552044 -5.38246e-05
sel_devs_fsh(40,10)   0.00641361   0.00010086
sel_devs_fsh(40,11)   0.00228686  5.39269e-05
sel_devs_fsh(40,12)   -0.0458018 -8.76747e-06
sel_devs_fsh(41,1)   -0.0879116 -1.77646e-06
sel_devs_fsh(41,2)     0.104517 -7.96756e-06
sel_devs_fsh(41,3)     0.550828  1.46645e-05
sel_devs_fsh(41,4)    -0.105894 -4.75711e-06
sel_devs_fsh(41,5)    -0.328107 -3.53395e-05
sel_devs_fsh(41,6)   -0.0551545 -4.31694e-05
sel_devs_fsh(41,7)   -0.0524424 -4.89505e-05
sel_devs_fsh(41,8)   -0.0187834  3.97478e-05
sel_devs_fsh(41,9)   -0.0655149 -4.23049e-05
sel_devs_fsh(41,10)   -0.0237716  0.000107084
sel_devs_fsh(41,11)    0.0263919  3.99186e-05
sel_devs_fsh(41,12)    0.0558426 -1.27691e-05
sel_devs_fsh(42,1)   -0.0481093 -1.05633e-06
sel_devs_fsh(42,2)    0.0456788 -8.07177e-06
sel_devs_fsh(42,3)    -0.035897  2.55267e-05
sel_devs_fsh(42,4)   0.00700611  7.61446e-06
sel_devs_fsh(42,5)   -0.0705771 -3.79116e-05
sel_devs_fsh(42,6)   -0.0124322 -5.85079e-05
sel_devs_fsh(42,7)    0.0134649 -5.53265e-05
sel_devs_fsh(42,8)   -0.0622004  4.61672e-05
sel_devs_fsh(42,9)   -0.0230888 -5.03799e-05
sel_devs_fsh(42,10)    0.0116323  0.000104026
sel_devs_fsh(42,11)    0.0631569  3.61318e-05
sel_devs_fsh(42,12)     0.111365 -1.37915e-05
sel_devs_fsh(43,1)  0.000691856  4.46092e-06
sel_devs_fsh(43,2)    -0.042506 -8.45531e-06
sel_devs_fsh(43,3)    -0.521267  5.56343e-07
sel_devs_fsh(43,4)    -0.116582  9.01248e-06
sel_devs_fsh(43,5)   -0.0841744 -3.60117e-05
sel_devs_fsh(43,6)    0.0125766 -5.43293e-05
sel_devs_fsh(43,7)    0.0429668 -4.18186e-05
sel_devs_fsh(43,8)      0.11948  5.87893e-05
sel_devs_fsh(43,9)     0.141576 -6.08431e-05
sel_devs_fsh(43,10)    0.0797253  0.000108896
sel_devs_fsh(43,11)     0.167023  4.26151e-05
sel_devs_fsh(43,12)     0.200491 -2.14033e-05
sel_devs_fsh(44,1)   -0.0325103  8.61434e-06
sel_devs_fsh(44,2)    -0.313282 -1.64106e-05
sel_devs_fsh(44,3)     0.226702  2.77851e-05
sel_devs_fsh(44,4)    0.0491465  1.77715e-06
sel_devs_fsh(44,5)    -0.130976 -4.54072e-05
sel_devs_fsh(44,6)   -0.0959241 -4.98707e-05
sel_devs_fsh(44,7)   -0.0685779 -5.43919e-05
sel_devs_fsh(44,8)    -0.027615  5.53259e-05
sel_devs_fsh(44,9)   -0.0102143 -4.31387e-05
sel_devs_fsh(44,10)     0.141783   0.00011404
sel_devs_fsh(44,11)     0.143789  3.03075e-05
sel_devs_fsh(44,12)     0.117678  -2.4106e-05
sel_devs_fsh(45,1)   0.00198423  3.34776e-06
sel_devs_fsh(45,2)     0.102867 -2.13278e-05
sel_devs_fsh(45,3)    -0.568449  2.04096e-05
sel_devs_fsh(45,4)     0.479389   1.1604e-05
sel_devs_fsh(45,5)     0.175589 -3.35404e-05
sel_devs_fsh(45,6)    -0.238107 -2.74939e-05
sel_devs_fsh(45,7)   -0.0910412 -5.01059e-05
sel_devs_fsh(45,8)    0.0539439  2.74228e-05
sel_devs_fsh(45,9)    0.0755113 -5.53192e-05
sel_devs_fsh(45,10)    0.0101614  0.000100991
sel_devs_fsh(45,11)   -0.0457861  4.43796e-05
sel_devs_fsh(45,12)    0.0439375   -2.022e-05
sel_devs_fsh(46,1)   0.00595819  7.96828e-06
sel_devs_fsh(46,2)   -0.0508573 -2.29291e-05
sel_devs_fsh(46,3)    0.0674099  4.85165e-06
sel_devs_fsh(46,4)      -1.0324  -9.0895e-06
sel_devs_fsh(46,5)     0.457113 -3.04879e-05
sel_devs_fsh(46,6)     0.366018 -4.01248e-05
sel_devs_fsh(46,7)     0.151825 -3.97532e-05
sel_devs_fsh(46,8)  -0.00748059  3.89182e-05
sel_devs_fsh(46,9)   -0.0236977 -3.97703e-05
sel_devs_fsh(46,10)    0.0731849  0.000106089
sel_devs_fsh(46,11)    0.0394716  2.84298e-05
sel_devs_fsh(46,12)   -0.0465475 -3.86125e-06
sel_devs_fsh(47,1)   -0.0268843   2.7313e-06
sel_devs_fsh(47,2)     0.202562  -5.7279e-06
sel_devs_fsh(47,3)     0.175686  1.04225e-05
sel_devs_fsh(47,4)       0.6212  8.62213e-06
sel_devs_fsh(47,5)      -1.0522 -2.28982e-05
sel_devs_fsh(47,6)   0.00118714 -4.14897e-05
sel_devs_fsh(47,7)    0.0243856 -5.17783e-05
sel_devs_fsh(47,8)    0.0454027  2.49705e-05
sel_devs_fsh(47,9)    0.0210104 -2.40735e-05
sel_devs_fsh(47,10)   -0.0783722   7.2793e-05
sel_devs_fsh(47,11)   0.00448812  1.53636e-05
sel_devs_fsh(47,12)    0.0615349  2.45529e-06
sel_devs_fsh(48,1)   0.00387863  1.95038e-05
sel_devs_fsh(48,2)     -0.19782 -3.68009e-06
sel_devs_fsh(48,3)    0.0271744  8.66773e-06
sel_devs_fsh(48,4)     -0.12731  1.40397e-05
sel_devs_fsh(48,5)     0.530069 -3.47317e-05
sel_devs_fsh(48,6)    -0.564641 -5.26347e-05
sel_devs_fsh(48,7)    -0.143334 -5.86659e-05
sel_devs_fsh(48,8)    0.0722077   1.3746e-05
sel_devs_fsh(48,9)      0.11537 -1.65025e-05
sel_devs_fsh(48,10)     0.127785  9.06698e-05
sel_devs_fsh(48,11)    0.0847405  2.77984e-05
sel_devs_fsh(48,12)    0.0718789 -6.66142e-06
sel_devs_fsh(49,1)   -0.0228547  2.49816e-07
sel_devs_fsh(49,2)     0.159599 -2.92315e-07
sel_devs_fsh(49,3)   -0.0322367  4.39763e-06
sel_devs_fsh(49,4)    -0.151722  9.93043e-06
sel_devs_fsh(49,5)    -0.116827  5.71613e-07
sel_devs_fsh(49,6)     0.289152 -4.22357e-05
sel_devs_fsh(49,7)     0.167809 -5.68107e-05
sel_devs_fsh(49,8)    -0.114291  1.32363e-05
sel_devs_fsh(49,9)    -0.125857  5.91331e-06
sel_devs_fsh(49,10)   -0.0142413  8.63747e-05
sel_devs_fsh(49,11)   -0.0203097  1.40467e-05
sel_devs_fsh(49,12)    -0.018218 -8.56568e-06
sel_devs_fsh(50,1)    -0.021432  2.07664e-05
sel_devs_fsh(50,2)    -0.514863 -1.77657e-05
sel_devs_fsh(50,3)      1.09669  2.10247e-05
sel_devs_fsh(50,4)     0.194449  1.14377e-05
sel_devs_fsh(50,5)    -0.185046 -9.86708e-06
sel_devs_fsh(50,6)    -0.105969 -5.59601e-05
sel_devs_fsh(50,7)    -0.146945 -3.97698e-05
sel_devs_fsh(50,8)    -0.103537 -9.70407e-07
sel_devs_fsh(50,9)     -0.11336 -1.39799e-05
sel_devs_fsh(50,10)   -0.0482874  8.30475e-05
sel_devs_fsh(50,11)   -0.0270821   3.0416e-05
sel_devs_fsh(50,12)   -0.0246192  3.19214e-06
sel_devs_fsh(51,1)    0.0700989  7.41212e-06
sel_devs_fsh(51,2)    -0.119882  2.71002e-06
sel_devs_fsh(51,3)     -1.47209  2.25645e-05
sel_devs_fsh(51,4)      1.06235  5.03802e-07
sel_devs_fsh(51,5)     0.293488 -1.79734e-05
sel_devs_fsh(51,6)   0.00359188 -5.67754e-05
sel_devs_fsh(51,7)   -0.0983425 -1.59451e-05
sel_devs_fsh(51,8)     0.219795  1.09879e-06
sel_devs_fsh(51,9)     0.136898 -2.03748e-05
sel_devs_fsh(51,10)   -0.0510724  8.10337e-05
sel_devs_fsh(51,11)   -0.0174993  2.20815e-06
sel_devs_fsh(51,12)   -0.0273369  -3.4454e-08
sel_devs_fsh(52,1)    0.0548577  5.98483e-06
sel_devs_fsh(52,2)     0.131887 -1.57991e-06
sel_devs_fsh(52,3)    -0.299881  2.22112e-05
sel_devs_fsh(52,4)      -1.1177 -9.13744e-06
sel_devs_fsh(52,5)     0.605032 -5.74385e-06
sel_devs_fsh(52,6)     0.348966 -7.15475e-05
sel_devs_fsh(52,7)     0.203952 -1.36805e-05
sel_devs_fsh(52,8)   -0.0760158 -1.54052e-05
sel_devs_fsh(52,9)    0.0995049 -6.86672e-06
sel_devs_fsh(52,10)    0.0724354  7.99879e-05
sel_devs_fsh(52,11)  -0.00913645 -2.66302e-06
sel_devs_fsh(52,12)   -0.0139001  6.37413e-06
sel_devs_fsh(53,1)    0.0286529  6.47785e-06
sel_devs_fsh(53,2)     0.179347 -1.44103e-05
sel_devs_fsh(53,3)    0.0649964  1.39833e-05
sel_devs_fsh(53,4)    -0.549182 -1.72091e-05
sel_devs_fsh(53,5)    0.0489225 -2.72819e-05
sel_devs_fsh(53,6)     0.213631 -5.27539e-05
sel_devs_fsh(53,7)     0.124225 -1.08848e-05
sel_devs_fsh(53,8)     0.100962  2.08898e-05
sel_devs_fsh(53,9)   -0.0413201  5.23751e-06
sel_devs_fsh(53,10)   -0.0648231  7.21802e-05
sel_devs_fsh(53,11)   -0.0558601  -2.3486e-06
sel_devs_fsh(53,12)   -0.0495505  1.07798e-05
sel_devs_fsh(54,1)    0.0664848  1.45592e-06
sel_devs_fsh(54,2)      0.72665 -3.24611e-06
sel_devs_fsh(54,3)     0.127712  8.91278e-06
sel_devs_fsh(54,4)    -0.629362  4.84521e-06
sel_devs_fsh(54,5)     -1.35929 -1.60578e-05
sel_devs_fsh(54,6)    0.0816224 -5.02169e-05
sel_devs_fsh(54,7)     0.499021  2.49026e-06
sel_devs_fsh(54,8)     0.290476  8.64914e-07
sel_devs_fsh(54,9)     0.182096 -1.87531e-05
sel_devs_fsh(54,10)     0.160549  5.33948e-05
sel_devs_fsh(54,11)   -0.0464005 -1.44142e-05
sel_devs_fsh(54,12)   -0.0995608  2.78193e-05
sel_devs_fsh(55,1)     0.115577  3.72308e-06
sel_devs_fsh(55,2)     0.935556  4.84524e-07
sel_devs_fsh(55,3)      0.61317  3.38441e-06
sel_devs_fsh(55,4)     0.728548 -7.94909e-06
sel_devs_fsh(55,5)     0.224621 -2.07079e-05
sel_devs_fsh(55,6)    -0.529583 -3.59774e-05
sel_devs_fsh(55,7)    -0.644525 -9.03473e-06
sel_devs_fsh(55,8)    -0.572383  2.79768e-05
sel_devs_fsh(55,9)    -0.327779 -1.39687e-05
sel_devs_fsh(55,10)    -0.272031  4.82601e-05
sel_devs_fsh(55,11)    -0.114016 -2.18104e-05
sel_devs_fsh(55,12)    -0.157154  1.41253e-05
sel_devs_fsh(56,1)   -0.0312569  1.00514e-05
sel_devs_fsh(56,2)     0.348298  2.45245e-06
sel_devs_fsh(56,3)     0.879149  1.69003e-05
sel_devs_fsh(56,4)    -0.207869 -1.45701e-05
sel_devs_fsh(56,5)    -0.117982 -2.35735e-05
sel_devs_fsh(56,6)    -0.549907 -3.72518e-05
sel_devs_fsh(56,7)    -0.154407  2.32135e-06
sel_devs_fsh(56,8)      0.12439  1.37746e-05
sel_devs_fsh(56,9)   -0.0681927   1.2197e-06
sel_devs_fsh(56,10)   -0.0860071  2.75949e-05
sel_devs_fsh(56,11)   -0.0802695 -2.77378e-05
sel_devs_fsh(56,12)   -0.0559468  8.85659e-06
sel_devs_fsh(57,1)   0.00259151  2.55255e-06
sel_devs_fsh(57,2)      0.11433  2.04824e-06
sel_devs_fsh(57,3)    -0.375996  8.42251e-06
sel_devs_fsh(57,4)     0.591171  -1.5913e-05
sel_devs_fsh(57,5)    0.0799613 -3.85739e-05
sel_devs_fsh(57,6)   -0.0260918 -2.04504e-05
sel_devs_fsh(57,7)    -0.171154  1.04142e-05
sel_devs_fsh(57,8)   -0.0264207  1.99717e-05
sel_devs_fsh(57,9)   -0.0623783 -1.35424e-05
sel_devs_fsh(57,10)    -0.109911  4.04801e-05
sel_devs_fsh(57,11)   -0.0274236 -2.58548e-05
sel_devs_fsh(57,12)    0.0113206  2.65038e-05
sel_devs_fsh(58,1)    0.0294268  3.71758e-07
sel_devs_fsh(58,2)    -0.398268  7.96733e-07
sel_devs_fsh(58,3)    -0.107918  5.61815e-06
sel_devs_fsh(58,4)   -0.0578607 -1.78671e-05
sel_devs_fsh(58,5)       0.5744 -7.12382e-06
sel_devs_fsh(58,6)     0.270862 -4.82226e-05
sel_devs_fsh(58,7)    -0.295624 -3.57542e-06
sel_devs_fsh(58,8)    -0.144902  3.54025e-07
sel_devs_fsh(58,9)   0.00203435 -7.72649e-06
sel_devs_fsh(58,10)    0.0563662  4.71894e-05
sel_devs_fsh(58,11)     0.027633 -1.42983e-05
sel_devs_fsh(58,12)    0.0438508  3.48475e-05
sel_devs_fsh(59,1)  2.40929e-06 -1.39325e-07
sel_devs_fsh(59,2)   0.00162347  4.14485e-06
sel_devs_fsh(59,3)   0.00636698 -5.13218e-06
sel_devs_fsh(59,4)       0.1058 -9.82083e-06
sel_devs_fsh(59,5)   -0.0689088  -1.8402e-05
sel_devs_fsh(59,6)   -0.0853438 -4.50227e-05
sel_devs_fsh(59,7)   0.00843079  6.68094e-06
sel_devs_fsh(59,8)   -0.0422167  7.55753e-06
sel_devs_fsh(59,9)   -0.0466743  1.88754e-07
sel_devs_fsh(59,10)  -0.00576537  2.63318e-05
sel_devs_fsh(59,11)    0.0146741  -6.4655e-06
sel_devs_fsh(59,12)     0.112011  3.76321e-05
sel_devs_ats(1,2)     0.321183  5.50295e-06
sel_devs_ats(1,3)     0.333551  3.54028e-06
sel_devs_ats(1,4)     0.311313 -6.28901e-07
sel_devs_ats(1,5)     0.309018  -5.9368e-06
sel_devs_ats(1,6)     0.324103 -1.94839e-07
sel_devs_ats(1,7)     0.328391  1.21922e-05
sel_devs_ats(1,8)     0.322599  8.69063e-06
sel_devs_ats(2,2)     0.364975 -8.78061e-07
sel_devs_ats(2,3)     0.366932 -9.19452e-07
sel_devs_ats(2,4)     0.367012 -2.11272e-05
sel_devs_ats(2,5)      0.36369 -1.52271e-05
sel_devs_ats(2,6)     0.366099 -1.20213e-05
sel_devs_ats(2,7)     0.371374  -1.1396e-05
sel_devs_ats(2,8)     0.371194  6.84284e-06
sel_devs_ats(3,2)      0.43983  4.77416e-06
sel_devs_ats(3,3)     0.432653  7.17818e-06
sel_devs_ats(3,4)     0.403129  1.01554e-06
sel_devs_ats(3,5)     0.422064 -5.51962e-06
sel_devs_ats(3,6)     0.410565  1.12644e-05
sel_devs_ats(3,7)     0.416807 -6.18428e-06
sel_devs_ats(3,8)     0.407288  1.62622e-05
sel_devs_ats(4,2)     0.417053  9.74036e-06
sel_devs_ats(4,3)     0.498133 -4.06674e-06
sel_devs_ats(4,4)     0.488709 -1.09648e-05
sel_devs_ats(4,5)     0.450632 -4.89706e-06
sel_devs_ats(4,6)     0.460502  -3.2119e-07
sel_devs_ats(4,7)     0.469873  1.38567e-07
sel_devs_ats(4,8)     0.448077  2.76907e-05
sel_devs_ats(5,2)     0.449472  3.46067e-06
sel_devs_ats(5,3)     0.535422 -1.20586e-05
sel_devs_ats(5,4)     0.531117 -1.26382e-05
sel_devs_ats(5,5)     0.496102 -1.35667e-05
sel_devs_ats(5,6)     0.491149 -4.37723e-06
sel_devs_ats(5,7)     0.512842  2.06379e-06
sel_devs_ats(5,8)     0.488162  2.39977e-05
sel_devs_ats(6,2)     0.494182   9.0087e-06
sel_devs_ats(6,3)     0.515304 -3.71942e-06
sel_devs_ats(6,4)     0.569302  2.42323e-06
sel_devs_ats(6,5)     0.533722 -1.37466e-05
sel_devs_ats(6,6)     0.540137  9.64803e-06
sel_devs_ats(6,7)     0.513186  1.29501e-05
sel_devs_ats(6,8)      0.52596  7.30632e-07
sel_devs_ats(7,2)     0.571163  7.40238e-06
sel_devs_ats(7,3)      0.56206 -2.72811e-05
sel_devs_ats(7,4)      0.54063 -9.71898e-07
sel_devs_ats(7,5)     0.566143 -9.18553e-06
sel_devs_ats(7,6)     0.572521 -2.40257e-06
sel_devs_ats(7,7)     0.556581 -4.98904e-06
sel_devs_ats(7,8)     0.548857  8.17378e-06
sel_devs_ats(8,2)     0.575192  1.07868e-05
sel_devs_ats(8,3)      0.58857 -1.89117e-05
sel_devs_ats(8,4)     0.572821  6.82569e-06
sel_devs_ats(8,5)     0.583737  1.76943e-06
sel_devs_ats(8,6)      0.59064   4.4893e-06
sel_devs_ats(8,7)     0.581121 -3.19901e-08
sel_devs_ats(8,8)     0.570896  2.40399e-05
sel_devs_ats(9,2)     0.539759  1.38579e-05
sel_devs_ats(9,3)     0.538183 -1.82879e-06
sel_devs_ats(9,4)     0.607035 -3.62388e-06
sel_devs_ats(9,5)     0.619922 -1.26414e-05
sel_devs_ats(9,6)     0.603896  1.47943e-05
sel_devs_ats(9,7)     0.595206 -3.04149e-06
sel_devs_ats(9,8)     0.599204  1.10758e-05
sel_devs_ats(10,2)     0.536245 -9.77207e-06
sel_devs_ats(10,3)     0.552803  -1.4051e-05
sel_devs_ats(10,4)     0.635879 -1.55432e-05
sel_devs_ats(10,5)     0.632769 -2.18497e-05
sel_devs_ats(10,6)     0.615188  -5.5258e-06
sel_devs_ats(10,7)     0.611177  2.18731e-06
sel_devs_ats(10,8)     0.614132  1.14372e-05
sel_devs_ats(11,2)     0.644828  1.28307e-05
sel_devs_ats(11,3)     0.607615   4.7554e-06
sel_devs_ats(11,4)     0.541649  6.61267e-07
sel_devs_ats(11,5)     0.571566   1.1974e-06
sel_devs_ats(11,6)     0.602161  1.21852e-05
sel_devs_ats(11,7)     0.613977  9.71177e-06
sel_devs_ats(11,8)       0.6239   2.7093e-06
sel_devs_ats(12,2)     0.625822   9.3042e-07
sel_devs_ats(12,3)     0.600917 -6.93129e-06
sel_devs_ats(12,4)     0.552799 -5.44828e-06
sel_devs_ats(12,5)     0.568641 -1.92907e-05
sel_devs_ats(12,6)     0.596186  1.00148e-06
sel_devs_ats(12,7)     0.611139 -4.35085e-06
sel_devs_ats(12,8)     0.621418 -1.00682e-05
sel_devs_ats(13,2)     0.639965  1.16333e-05
sel_devs_ats(13,3)     0.626381 -5.39857e-06
sel_devs_ats(13,4)     0.591545  2.19072e-06
sel_devs_ats(13,5)     0.596877 -5.85839e-07
sel_devs_ats(13,6)     0.605284  6.97234e-06
sel_devs_ats(13,7)     0.597837  2.58812e-07
sel_devs_ats(13,8)     0.606354 -4.65526e-06
sel_devs_ats(14,2)     0.659937  1.21913e-05
sel_devs_ats(14,3)     0.629204  3.77471e-06
sel_devs_ats(14,4)     0.577299  1.27169e-05
sel_devs_ats(14,5)     0.565334 -1.33329e-06
sel_devs_ats(14,6)     0.573825  1.46878e-05
sel_devs_ats(14,7)     0.589311  5.75018e-06
sel_devs_ats(14,8)     0.602664  5.72477e-07
sel_devs_ats(15,2)     0.615718 -7.71878e-06
sel_devs_ats(15,3)     0.617255  -1.5187e-05
sel_devs_ats(15,4)     0.583338 -3.14305e-06
sel_devs_ats(15,5)     0.577185 -2.29818e-05
sel_devs_ats(15,6)     0.583825  -2.4978e-06
sel_devs_ats(15,7)     0.593509 -8.43957e-06
sel_devs_ats(15,8)     0.595181 -1.90081e-05
sel_devs_ats(16,2)     0.621996  9.68561e-06
sel_devs_ats(16,3)     0.582242  1.55322e-05
sel_devs_ats(16,4)     0.604323    1.482e-05
sel_devs_ats(16,5)     0.577428 -1.50759e-06
sel_devs_ats(16,6)     0.579181  1.67066e-05
sel_devs_ats(16,7)     0.585848  1.79765e-05
sel_devs_ats(16,8)     0.582085  6.61897e-06
sel_devs_ats(17,2)      0.60846 -9.86001e-07
sel_devs_ats(17,3)     0.588621 -1.15626e-06
sel_devs_ats(17,4)     0.570601 -9.60301e-06
sel_devs_ats(17,5)     0.576834 -1.04574e-05
sel_devs_ats(17,6)     0.578581 -9.30632e-06
sel_devs_ats(17,7)     0.583629 -9.39631e-06
sel_devs_ats(17,8)     0.576894 -9.99099e-06
sel_devs_ats(18,2)     0.616921  -2.0113e-06
sel_devs_ats(18,3)     0.582969  3.95583e-06
sel_devs_ats(18,4)     0.568523  4.39469e-08
sel_devs_ats(18,5)     0.573188  -8.1494e-06
sel_devs_ats(18,6)      0.57805 -7.74802e-07
sel_devs_ats(18,7)     0.584282 -2.96035e-06
sel_devs_ats(18,8)     0.576922 -9.75241e-06
sel_devs_ats(19,2)      0.59171  2.55248e-05
sel_devs_ats(19,3)     0.602513  1.71584e-05
sel_devs_ats(19,4)     0.632673  1.27109e-05
sel_devs_ats(19,5)     0.624567  1.27668e-05
sel_devs_ats(19,6)     0.615369  2.21937e-06
sel_devs_ats(19,7)     0.601622  1.69753e-05
sel_devs_ats(19,8)     0.576982  7.39476e-06
sel_devs_ats(20,2)     0.626334 -1.05958e-05
sel_devs_ats(20,3)     0.607119 -3.30864e-07
sel_devs_ats(20,4)     0.652431 -1.47937e-05
sel_devs_ats(20,5)     0.638352 -1.07334e-05
sel_devs_ats(20,6)     0.632383 -2.47908e-05
sel_devs_ats(20,7)     0.624287 -1.12021e-07
sel_devs_ats(20,8)     0.594697 -2.17075e-05
sel_devs_ats(21,2)     0.536573  5.76862e-06
sel_devs_ats(21,3)     0.661334  2.27372e-05
sel_devs_ats(21,4)     0.707663  2.22919e-06
sel_devs_ats(21,5)     0.686821  1.14522e-05
sel_devs_ats(21,6)      0.65579  -6.1666e-06
sel_devs_ats(21,7)     0.634837  1.05735e-05
sel_devs_ats(21,8)     0.638228 -3.33351e-06
sel_devs_ats(22,2)     0.575571 -3.14208e-07
sel_devs_ats(22,3)      0.68732  4.32375e-06
sel_devs_ats(22,4)      0.76053 -5.70002e-06
sel_devs_ats(22,5)     0.715559 -1.04691e-05
sel_devs_ats(22,6)     0.691118 -2.21453e-05
sel_devs_ats(22,7)     0.677603 -9.10478e-07
sel_devs_ats(22,8)     0.674901 -1.78844e-05
sel_devs_ats(23,2)     0.691213  1.46245e-06
sel_devs_ats(23,3)     0.650766  2.77153e-06
sel_devs_ats(23,4)     0.616366  7.22013e-07
sel_devs_ats(23,5)      0.71874 -1.49857e-06
sel_devs_ats(23,6)     0.731712 -1.90776e-05
sel_devs_ats(23,7)     0.718733  1.68721e-05
sel_devs_ats(23,8)     0.719172  6.65723e-06
sel_devs_ats(24,2)     0.706063  9.97796e-06
sel_devs_ats(24,3)     0.675311  1.67209e-05
sel_devs_ats(24,4)     0.652582  6.23444e-06
sel_devs_ats(24,5)     0.744773  9.23162e-06
sel_devs_ats(24,6)     0.756363  -9.6676e-06
sel_devs_ats(24,7)     0.747616  2.04502e-05
sel_devs_ats(24,8)     0.745244  1.02679e-05
sel_devs_ats(25,2)     0.728017   4.2956e-06
sel_devs_ats(25,3)     0.739334 -5.08762e-06
sel_devs_ats(25,4)     0.771007 -9.47829e-06
sel_devs_ats(25,5)     0.754999 -4.14612e-06
sel_devs_ats(25,6)     0.769021 -1.46644e-05
sel_devs_ats(25,7)     0.769152 -2.75607e-07
sel_devs_ats(25,8)     0.765267 -6.56642e-06
sel_devs_ats(26,2)     0.744314  1.72957e-06
sel_devs_ats(26,3)     0.761711 -7.32558e-06
sel_devs_ats(26,4)     0.797691 -2.78674e-06
sel_devs_ats(26,5)     0.787098  -1.1478e-05
sel_devs_ats(26,6)     0.794815 -1.94039e-05
sel_devs_ats(26,7)     0.795823  1.22274e-06
sel_devs_ats(26,8)     0.790444 -1.82277e-06
sel_devs_ats(27,2)     0.761899  1.75565e-05
sel_devs_ats(27,3)     0.773529  7.34682e-06
sel_devs_ats(27,4)     0.822851  4.29177e-06
sel_devs_ats(27,5)      0.81134  9.69511e-08
sel_devs_ats(27,6)     0.818484 -3.29893e-06
sel_devs_ats(27,7)     0.819476  1.10655e-05
sel_devs_ats(27,8)     0.813745 -4.73536e-06
sel_devs_ats(28,2)     0.767085  8.69338e-06
sel_devs_ats(28,3)     0.781463   3.4829e-07
sel_devs_ats(28,4)      0.85862 -4.82714e-06
sel_devs_ats(28,5)     0.827879  2.19747e-06
sel_devs_ats(28,6)     0.839874  -1.5492e-05
sel_devs_ats(28,7)     0.840767  2.06358e-06
sel_devs_ats(28,8)     0.831942  1.02091e-06
sel_devs_ats(29,2)      0.83831  2.77575e-05
sel_devs_ats(29,3)      0.82818  1.01817e-05
sel_devs_ats(29,4)     0.762847  4.61394e-06
sel_devs_ats(29,5)     0.831072  1.14383e-05
sel_devs_ats(29,6)     0.866736  5.37422e-06
sel_devs_ats(29,7)     0.863233  -1.1966e-06
sel_devs_ats(29,8)     0.845662 -4.83085e-06
sel_devs_ats(30,2)     0.828129  6.17656e-06
sel_devs_ats(30,3)     0.825209 -1.95956e-05
sel_devs_ats(30,4)     0.783784 -2.79121e-06
sel_devs_ats(30,5)     0.832872 -1.02212e-06
sel_devs_ats(30,6)     0.880632 -1.36892e-05
sel_devs_ats(30,7)     0.872911 -1.87014e-05
sel_devs_ats(30,8)     0.850865  6.81897e-06
sel_coffs_fsh(1)     -4.10483 -1.85749e-07
sel_coffs_fsh(2)     -2.16547 -3.03075e-06
sel_coffs_fsh(3)    -0.884043  1.31896e-06
sel_coffs_fsh(4)     0.358722  7.73939e-06
sel_coffs_fsh(5)     0.339089  -2.0255e-05
sel_coffs_fsh(6)     0.310083  4.36993e-05
sel_coffs_fsh(7)     0.269831 -2.79575e-05
sel_coffs_fsh(8)     0.229551  1.55581e-05
sel_coffs_fsh(9)     0.194514 -4.10027e-05
sel_coffs_fsh(10)     0.166872  8.80721e-06
sel_coffs_fsh(11)      0.14507  1.73309e-05
sel_coffs_fsh(12)     0.128196 -3.14958e-06
sel_coffs_ats(2)    -0.155845  1.30789e-06
sel_coffs_ats(3)    -0.151675 -2.67403e-07
sel_coffs_ats(4)    0.0378473 -1.06035e-06
sel_coffs_ats(5)     0.165495 -8.51779e-07
sel_coffs_ats(6)     0.210667 -1.33933e-07
sel_coffs_ats(7)     0.298802 -1.87389e-07
sel_coffs_ats(8)      0.41192  7.43033e-07
sel_slp_bts      1.03134  0.000212155
sel_a50_bts      6.10712   0.00014077
sel_age_one_bts     -3.21386 -8.47262e-06
sel_a50_bts_dev(1982)     -0.23552  -7.0858e-05
sel_a50_bts_dev(1983)    -0.178326 -2.01581e-05
sel_a50_bts_dev(1984)   -0.0536828 -8.62092e-06
sel_a50_bts_dev(1985)   -0.0460316  6.84934e-06
sel_a50_bts_dev(1986)   -0.0133605  1.68327e-05
sel_a50_bts_dev(1987)   -0.0634089  3.87921e-05
sel_a50_bts_dev(1988)    -0.166799 -1.04607e-08
sel_a50_bts_dev(1989)    -0.160039 -8.50155e-05
sel_a50_bts_dev(1990)     -0.12395 -5.13796e-05
sel_a50_bts_dev(1991)   -0.0532011 -1.61324e-05
sel_a50_bts_dev(1992)   -0.0801492 -2.28284e-05
sel_a50_bts_dev(1993)     -0.10361 -4.90584e-05
sel_a50_bts_dev(1994)    -0.021583 -2.58469e-05
sel_a50_bts_dev(1995)    0.0761876 -5.92247e-06
sel_a50_bts_dev(1996)      0.14514  0.000131284
sel_a50_bts_dev(1997)     0.133633  -2.6594e-05
sel_a50_bts_dev(1998)     0.153545  5.47079e-05
sel_a50_bts_dev(1999)    0.0628763 -1.61249e-05
sel_a50_bts_dev(2000)     0.030436  2.38678e-06
sel_a50_bts_dev(2001)      0.02982 -3.55573e-05
sel_a50_bts_dev(2002)    0.0452534  2.76014e-06
sel_a50_bts_dev(2003)    0.0823719 -5.04851e-06
sel_a50_bts_dev(2004)    0.0813244   4.9361e-05
sel_a50_bts_dev(2005)    0.0547466 -1.32536e-05
sel_a50_bts_dev(2006)    0.0904087  0.000131201
sel_a50_bts_dev(2007)    0.0289295   -4.913e-05
sel_a50_bts_dev(2008)    0.0575239   6.4508e-05
sel_a50_bts_dev(2009)    0.0796399  8.50203e-05
sel_a50_bts_dev(2010)    0.0136814  -3.3721e-05
sel_a50_bts_dev(2011)     0.067088   4.2581e-05
sel_a50_bts_dev(2012)    0.0200874 -3.47334e-06
sel_a50_bts_dev(2013)   -0.0100437 -2.83863e-05
sel_a50_bts_dev(2014)   -0.0704652 -3.82788e-05
sel_a50_bts_dev(2015)     -0.12746 -4.27886e-05
sel_a50_bts_dev(2016)   -0.0446005 -2.18117e-05
sel_a50_bts_dev(2017)   -0.0189715  3.05735e-05
sel_a50_bts_dev(2018)    0.0637101  6.25278e-05
sel_a50_bts_dev(2019)   -0.0183985 -6.33734e-05
sel_a50_bts_dev(2020)    0.0231587 -1.85458e-05
sel_a50_bts_dev(2021)    0.0611602  8.46262e-06
sel_a50_bts_dev(2022)    0.0418443 -3.38488e-05
sel_a50_bts_dev(2023)     0.119505  6.08797e-05
sel_a50_bts_dev(2024)    0.0275278 -3.59278e-05
sel_age_one_bts_dev(1982)   -0.0628928  1.13743e-06
sel_age_one_bts_dev(1983)  -0.00581995 -1.63723e-05
sel_age_one_bts_dev(1984)    0.0446429  8.48608e-06
sel_age_one_bts_dev(1985)    -0.206099 -2.16589e-05
sel_age_one_bts_dev(1986)     -0.39765 -9.48171e-06
sel_age_one_bts_dev(1987)    -0.250583 -4.85605e-06
sel_age_one_bts_dev(1988)     -0.31655 -8.85001e-06
sel_age_one_bts_dev(1989)    -0.076633  5.63781e-06
sel_age_one_bts_dev(1990)    0.0921685  7.76783e-06
sel_age_one_bts_dev(1991)    -0.189733  8.49059e-06
sel_age_one_bts_dev(1992)   -0.0693517  7.60475e-06
sel_age_one_bts_dev(1993)  -0.00758386 -7.67604e-06
sel_age_one_bts_dev(1994)    -0.106753 -2.95627e-06
sel_age_one_bts_dev(1995)    -0.107955  9.25072e-07
sel_age_one_bts_dev(1996)    -0.128509 -1.20309e-05
sel_age_one_bts_dev(1997)   -0.0358049  8.86423e-06
sel_age_one_bts_dev(1998)       0.0199  4.86223e-06
sel_age_one_bts_dev(1999)    0.0578703  1.19447e-05
sel_age_one_bts_dev(2000)     0.157847  8.97138e-06
sel_age_one_bts_dev(2001)    0.0412925 -2.56353e-06
sel_age_one_bts_dev(2002)    0.0727953  9.78306e-06
sel_age_one_bts_dev(2003)     0.255347 -1.82541e-06
sel_age_one_bts_dev(2004)    0.0777666  1.00221e-06
sel_age_one_bts_dev(2005)   0.00727406 -5.65468e-06
sel_age_one_bts_dev(2006)   -0.0255142 -9.77073e-06
sel_age_one_bts_dev(2007)   -0.0143782  3.90547e-06
sel_age_one_bts_dev(2008)     0.190587 -1.18544e-05
sel_age_one_bts_dev(2009)     0.339568  5.61433e-06
sel_age_one_bts_dev(2010)     0.330743  1.10696e-05
sel_age_one_bts_dev(2011)   -0.0834373 -1.05642e-05
sel_age_one_bts_dev(2012)    -0.089038   6.8477e-06
sel_age_one_bts_dev(2013)     0.170058  6.97553e-06
sel_age_one_bts_dev(2014)     0.126258 -1.42947e-05
sel_age_one_bts_dev(2015)  -0.00953023  1.42316e-05
sel_age_one_bts_dev(2016)      -0.1047 -3.86283e-06
sel_age_one_bts_dev(2017)    -0.117852  1.43306e-05
sel_age_one_bts_dev(2018)   -0.0972178 -2.39121e-06
sel_age_one_bts_dev(2019)     0.226776 -1.46205e-05
sel_age_one_bts_dev(2020)     0.116516 -5.51061e-07
sel_age_one_bts_dev(2021)   0.00625682  1.26241e-05
sel_age_one_bts_dev(2022)     0.102271  -1.0346e-05
sel_age_one_bts_dev(2023)    0.0552071  1.15688e-05
sel_age_one_bts_dev(2024)    0.0124366 -1.19792e-05
L1      28.2771 -9.20799e-05
L2      46.1029  6.16336e-05
log_K    -0.127657 -5.51477e-05
d_scale(1,3)       0.5236  1.19265e-06
d_scale(1,4)     0.704441  1.20741e-06
d_scale(1,5)     0.765531 -1.35451e-06
d_scale(1,6)     0.829738  3.67301e-06
d_scale(1,7)     0.870009  1.51874e-06
d_scale(1,8)      0.93339  3.44748e-06
d_scale(1,9)     0.978959  4.36302e-06
d_scale(1,10)     0.974786  2.76083e-06
d_scale(1,11)     0.995057  2.80899e-06
d_scale(1,12)     0.934379 -1.81967e-06
d_scale(1,13)     0.954279 -1.03053e-06
d_scale(1,14)     0.863685  1.10765e-06
d_scale(1,15)      1.00357 -1.90672e-07
coh_eff(1955)            0            0
coh_eff(1956)            0            0
coh_eff(1957)            0            0
coh_eff(1958)            0            0
coh_eff(1959)            0            0
coh_eff(1960)            0            0
coh_eff(1961)            0            0
coh_eff(1962)            0            0
coh_eff(1963)            0            0
coh_eff(1964)            0            0
coh_eff(1965)            0            0
coh_eff(1966)            0            0
coh_eff(1967)            0            0
coh_eff(1968)            0            0
coh_eff(1969)            0            0
coh_eff(1970)            0            0
coh_eff(1971)    -0.174323  1.81644e-07
coh_eff(1972)     0.306421  2.01298e-07
coh_eff(1973)    0.0390724 -1.66791e-07
coh_eff(1974)     0.531743 -1.09492e-06
coh_eff(1975)    -0.412214  5.50231e-06
coh_eff(1976)     0.532175 -4.76436e-06
coh_eff(1977)    -0.453931  5.05333e-07
coh_eff(1978)     0.450572 -3.44701e-06
coh_eff(1979)    0.0472289 -9.75171e-07
coh_eff(1980)   -0.0884758 -4.22217e-06
coh_eff(1981)    -0.393548 -1.22441e-06
coh_eff(1982)    -0.577961 -2.84739e-06
coh_eff(1983)     0.581888  9.36872e-06
coh_eff(1984)     0.662105 -1.57373e-05
coh_eff(1985)      1.15135 -4.64595e-06
coh_eff(1986)   -0.0378489  1.11405e-05
coh_eff(1987)     0.619849  5.91532e-06
coh_eff(1988)   -0.0222037 -7.86264e-06
coh_eff(1989)     -1.01852  5.22548e-06
coh_eff(1990)    -0.872082  9.31209e-07
coh_eff(1991)    -0.963217 -1.09761e-05
coh_eff(1992)     0.852762  2.57052e-06
coh_eff(1993)      1.78828  2.65517e-05
coh_eff(1994)      0.50675  5.32523e-06
coh_eff(1995)    -0.980142 -1.65287e-05
coh_eff(1996)   -0.0701877  4.01378e-05
coh_eff(1997)     0.969765  2.40542e-05
coh_eff(1998)     0.468247 -3.30411e-05
coh_eff(1999)     0.395471  8.73546e-06
coh_eff(2000)   -0.0684585  9.52907e-06
coh_eff(2001)      0.38565 -2.15255e-06
coh_eff(2002)     0.878651  2.95797e-06
coh_eff(2003)      1.45759 -1.43766e-06
coh_eff(2004)     0.414359 -1.29213e-05
coh_eff(2005)    -0.801252  1.35476e-05
coh_eff(2006)     -1.12025 -7.78418e-06
coh_eff(2007)    -0.451529 -1.98921e-05
coh_eff(2008)     -1.66794  1.41334e-05
coh_eff(2009)    -0.772619 -1.08648e-05
coh_eff(2010)     -1.53472  -3.2219e-06
coh_eff(2011)     -2.03099  1.33815e-05
coh_eff(2012)     -1.88351 -9.69202e-08
coh_eff(2013)     -1.15567   1.2706e-05
coh_eff(2014)     0.725716 -2.96406e-05
coh_eff(2015)     0.775548  -3.0847e-05
coh_eff(2016)    0.0220587  -6.5573e-06
coh_eff(2017)     0.326546  4.91138e-06
coh_eff(2018)     0.567605 -3.19218e-06
coh_eff(2019)      1.41456 -5.33423e-06
coh_eff(2020)     0.374874   2.4105e-05
coh_eff(2021)     0.189904  3.83847e-06
coh_eff(2022)      1.11949  1.10489e-05
coh_eff(2023)      1.66812  1.06821e-07
coh_eff(2024)     0.354273  -3.2372e-08
coh_eff(2025)            0            0
coh_eff(2026)            0            0
yr_eff(1970)            0            0
yr_eff(1971)     0.173551 -1.14406e-07
yr_eff(1972)  -0.00300704  1.37747e-07
yr_eff(1973)     0.308491  6.57564e-07
yr_eff(1974)      0.36507  1.73807e-07
yr_eff(1975)       1.5963  3.42198e-06
yr_eff(1976)     0.449983  4.88285e-06
yr_eff(1977)      2.08953  1.39271e-06
yr_eff(1978)     0.408935  3.04209e-06
yr_eff(1979)      1.21191  1.34797e-06
yr_eff(1980)      1.29396 -3.70732e-08
yr_eff(1981)     0.913715 -3.74659e-06
yr_eff(1982)     0.186395  -1.9939e-06
yr_eff(1983)     0.946769  9.94976e-06
yr_eff(1984)    -0.522568  -3.7853e-05
yr_eff(1985)      0.19448  8.38302e-07
yr_eff(1986)     -1.38398  3.29747e-05
yr_eff(1987)    -0.523554  -2.5256e-05
yr_eff(1988)    -0.965512 -1.84688e-05
yr_eff(1989)    -0.691759  2.29191e-05
yr_eff(1990)     0.532205  1.67211e-05
yr_eff(1991)     0.254749  5.27436e-06
yr_eff(1992)     0.266519 -1.51972e-05
yr_eff(1993)      1.04645 -2.26982e-05
yr_eff(1994)     0.161365  1.59398e-05
yr_eff(1995)    -0.266973  -4.0884e-06
yr_eff(1996)    -0.495524 -1.31259e-05
yr_eff(1997)    -0.103362  2.04449e-05
yr_eff(1998)    -0.399312  4.20512e-05
yr_eff(1999)    -0.222823   8.3238e-06
yr_eff(2000)    -0.121403 -1.15769e-05
yr_eff(2001)     0.660468 -2.65012e-05
yr_eff(2002)     0.129535 -2.25956e-05
yr_eff(2003)    0.0186953 -1.03088e-06
yr_eff(2004)    -0.211623 -8.51534e-06
yr_eff(2005)    -0.655893 -1.37743e-05
yr_eff(2006)   -0.0297589  7.75481e-06
yr_eff(2007)      1.07527  1.41289e-06
yr_eff(2008)     0.487862 -8.29285e-06
yr_eff(2009)      1.55114  1.52388e-05
yr_eff(2010)     0.723351  1.61745e-06
yr_eff(2011)     0.870444  5.18592e-07
yr_eff(2012)     0.236104   7.7421e-06
yr_eff(2013)     0.655274  2.46456e-05
yr_eff(2014)     0.787419  4.76625e-06
yr_eff(2015)     -2.04374 -3.59909e-06
yr_eff(2016)    -0.258236 -1.55635e-05
yr_eff(2017)    0.0174494 -1.28356e-06
yr_eff(2018)    -0.798285  1.00066e-05
yr_eff(2019)     0.881217 -2.09309e-06
yr_eff(2020)     -1.54825  2.10209e-06
yr_eff(2021)     -1.33076  1.06695e-05
yr_eff(2022)   -0.0141347  9.73297e-06
yr_eff(2023)     -3.22027  2.63696e-06
yr_eff(2024)     0.945711  3.39604e-06
yr_eff(2025)            0            0
yr_eff(2026)            0            0
yr_eff(2027)            0            0
yr_eff(2028)            0            0
yr_eff(2029)            0            0
