# Number of parameters = 1366 Objective function value = 7052.88170589065  Maximum gradient component = 0.00175074497187271
# log_avgrec:
9.83422019330
# log_avginit:
4.81642753315
# log_avg_F:
-1.41997159622
# natmort_phi:
0.00000000000
# log_q_bts:
0.00000000000
# log_q_std_area:
-0.600000000000
# bt_slope:
0.00000000000
# log_q_ats:
-0.616740805428
# log_Rzero:
10.0787478305
# steepness:
0.622270892940
# log_q_cpue:
0.100305495699
# log_q_avo:
-8.20434177532
# log_initdevs:
 3.31619643777 2.83282765939 1.29806557017 0.470932998217 1.14533635605 0.351436036465 -0.786178462552 -1.24259127613 -1.23559140512 -1.23060185716 -1.22747568493 -1.22909301766 -1.23067785474 -1.23257321848
# log_rec_devs:
 -1.07409353379 0.114959828418 -0.216144099214 0.310894113998 0.167871960693 0.335058219991 0.228781577183 -0.259532828524 -0.461744873727 0.358805493015 0.0413081366077 -0.128319607540 -0.391435353857 -0.339251659360 0.266047301311 1.11705295111 0.379044612991 0.535772379464 -0.0225194948006 1.00695696397 -0.285780738186 0.555861814246 -0.398691067986 -0.970036160760 -1.23547937084 -0.495761352764 0.973539572266 0.346568325404 0.194007549820 0.873989140896 -0.204720598003 -0.561949860348 0.166243759824 0.465895114796 -0.250865156499 -0.167704158824 0.263781422996 0.606256754275 0.196996729276 -0.278774829387 -1.07676414752 -1.42758548804 -0.504932257008 0.274598250517 -0.360325453133 0.953346886136 0.178442994476 -0.320115753342 -0.463199233481 0.826934819246 0.966935099351 0.131289453483 -0.839471327732 -0.834812195883 -0.111512969542 1.48591709984 0.127792107883 -0.437029886125 -0.396683228803 0.00520670467970 0.0590769285277
# larv_rec_devs:
 0.00000000000 0.00000000000 0.00000000000 0.00000000000 0.00000000000 0.00000000000 0.00000000000 0.00000000000 0.00000000000 0.00000000000 0.00000000000
 0.00000000000 0.00000000000 0.00000000000 0.00000000000 0.00000000000 0.00000000000 0.00000000000 0.00000000000 0.00000000000 0.00000000000 0.00000000000
 0.00000000000 0.00000000000 0.00000000000 0.00000000000 0.00000000000 0.00000000000 0.00000000000 0.00000000000 0.00000000000 0.00000000000 0.00000000000
 0.00000000000 0.00000000000 0.00000000000 0.00000000000 0.00000000000 0.00000000000 0.00000000000 0.00000000000 0.00000000000 0.00000000000 0.00000000000
 0.00000000000 0.00000000000 0.00000000000 0.00000000000 0.00000000000 0.00000000000 0.00000000000 0.00000000000 0.00000000000 0.00000000000 0.00000000000
 0.00000000000 0.00000000000 0.00000000000 0.00000000000 0.00000000000 0.00000000000 0.00000000000 0.00000000000 0.00000000000 0.00000000000 0.00000000000
 0.00000000000 0.00000000000 0.00000000000 0.00000000000 0.00000000000 0.00000000000 0.00000000000 0.00000000000 0.00000000000 0.00000000000 0.00000000000
 0.00000000000 0.00000000000 0.00000000000 0.00000000000 0.00000000000 0.00000000000 0.00000000000 0.00000000000 0.00000000000 0.00000000000 0.00000000000
 0.00000000000 0.00000000000 0.00000000000 0.00000000000 0.00000000000 0.00000000000 0.00000000000 0.00000000000 0.00000000000 0.00000000000 0.00000000000
 0.00000000000 0.00000000000 0.00000000000 0.00000000000 0.00000000000 0.00000000000 0.00000000000 0.00000000000 0.00000000000 0.00000000000 0.00000000000
 0.00000000000 0.00000000000 0.00000000000 0.00000000000 0.00000000000 0.00000000000 0.00000000000 0.00000000000 0.00000000000 0.00000000000 0.00000000000
# log_F_devs:
 -0.651952215888 -0.627037845023 -0.704896011986 -0.165010022235 -0.178936722995 -0.136821827503 0.226009057668 0.573022293812 0.683894637894 0.814167819695 0.877308024709 0.684387103249 0.575489889659 0.464458962107 0.558525336644 0.609843629520 0.547801518205 0.243170332598 -0.190084767720 -0.388891645511 -0.429804822089 -0.433408919608 -0.518230125106 -0.835073679841 -0.528391636416 -0.500484037835 -0.0867994942143 0.121507993549 0.428630384232 -0.000811893037049 -0.248135356175 -0.265234671640 -0.0932854353010 -0.0619077497493 -0.241253968137 -0.475745687833 -0.379975335038 -0.242830926732 -0.0782519312361 -0.00248479710267 -0.103977199762 -0.166810855135 0.0404278603994 0.121567172940 0.232510676328 0.214384434884 0.0339661728056 0.344336155997 0.358129919428 0.311782243805 0.260364277434 0.336019369602 0.0197015537598 -0.00446631785374 -0.217662037529 -0.104336397764 0.130193256330 0.0695383459259 -0.286748549312 -0.312894222956 -0.218501316920
# sigr:
1.00000000000
# sel_devs_fsh:
 0.0526224928629 0.0925841825982 0.142962806287 -0.0414234370532 -0.0416491838139 -0.0559133040248 -0.0478927852583 -0.0386621063470 -0.0277509391905 -0.0181339072388 -0.0108411016982 -0.00591829240310
 0.0599683871770 0.0998178076405 0.242986333757 -0.132444439759 -0.0949564609273 -0.0735612405755 -0.0521952948736 -0.0325358605876 -0.0194852140287 -0.00809814268124 0.00145494074130 0.00905318187185
 0.124751954425 0.0999707158976 0.00634179422820 -0.00627214553852 -0.0473366204802 -0.0514325786017 -0.0484424374775 -0.0375517652920 -0.0241560157131 -0.0118346390520 -0.00393144906743 -0.000108517321507
 0.131862954257 0.0667701709966 0.156831879721 -0.105662880535 -0.101925904900 -0.0925056842136 -0.0790483169750 -0.0231839464639 -0.00459987088117 0.0105427182588 0.0176451945560 0.0232717026205
 0.187842350297 0.136880252019 -0.0323703669867 -0.252171428357 -0.122968553107 -0.107601239807 -0.0495871782501 0.0100543914495 0.0369892001359 0.0529182260330 0.0599279377175 0.0800865189006
 0.0103676360093 0.0287751662032 -0.0800716600293 -0.0490029336008 -0.00133602764112 -0.0144549951843 -0.0491533656967 0.00644593185123 0.0277360115074 0.0330282423277 0.0375858013678 0.0500690482275
 -0.232717470405 0.197839415633 0.116694131735 0.0804648265513 -0.0209538809587 -0.00755290023246 -0.0171229788227 -0.0308599219653 -0.0139376968163 -0.0162755311464 -0.0227169682966 -0.0328638689301
 -0.253206376368 0.107691401237 0.0695180883477 0.0501811121397 0.0393555898271 0.0488991709557 0.0287200397074 6.50690310025e-05 -0.0103157263148 -0.0175012295779 -0.0256112441755 -0.0377980102358
 -0.210755114954 0.145986770159 0.181022061850 0.0372968854402 0.00773722441503 -0.00334838391100 -0.00267920427043 -0.0280470324489 -0.0211417794651 -0.0250154709652 -0.0325145093051 -0.0485423191950
 -0.193900722155 -0.175002827419 0.130580080544 0.0807594443718 0.0444601536771 0.0370662261340 0.0349887975596 -0.00325273253077 0.00567199986750 0.0129117417583 0.0127884898163 0.0129299372533
 -0.192544956976 -0.0722306160573 -0.0839536537247 0.0900712401012 0.0755110215953 0.0630856370534 0.0563478287160 0.0155886066132 0.0119146431992 0.0131291003711 0.0124051954965 0.0106747533880
 -0.182749011231 0.0177987031024 -0.132321135998 -0.0527664016150 0.0576042946061 0.0618631037621 0.0606398194088 0.0359478984614 0.0283738888390 0.0341031045514 0.0353282780722 0.0361673204640
 -0.223943415569 -0.140964186743 -0.0441988413285 -0.0296581291016 0.0435814418318 0.0540940946004 0.0681308866879 0.0678000885812 0.0550569397380 0.0494862986187 0.0505981829720 0.0500134770495
 -0.179592019774 -0.379714730573 -0.173042463552 -0.0429990626373 0.0824558523071 0.139990822373 0.123489958535 0.123496619997 0.0993172911692 0.0718447066433 0.0685389501063 0.0662185654654
 -0.198470346612 -0.487386256047 -0.274721894591 0.0658154365642 0.115051528677 0.151151734799 0.148204212017 0.139347228515 0.0949271382537 0.0840580550661 0.0825186364788 0.0795015927817
 -0.164911487381 -0.272820519107 -0.279761368390 -0.0226777485030 0.116768017196 0.0849585907298 0.0935493771176 0.0978823555958 0.0922875494206 0.0860486870065 0.0835857023449 0.0851062718586
 -0.130275043458 -0.101830812457 -0.300703145022 -0.0210846784415 0.0259657605605 0.0654365761263 0.0649672599446 0.0734381872031 0.0778810806943 0.0797290845528 0.0817332173102 0.0847521815146
 -0.147236224362 0.102913372625 -0.0845447787594 -0.162086682523 -0.0762499093867 0.0425964614418 0.0363897293606 0.0329711162969 0.0514380933280 0.0595119699050 0.0686977841437 0.0755936060687
 -0.135812837960 -0.150467093573 0.0631246135996 -0.0679811043681 0.0615413120895 0.00690144273057 0.0350497243859 0.0267551147606 0.0272183735208 0.0324537709508 0.0467943087602 0.0544107669529
 -0.151714920676 0.0457669203411 0.139491554721 -0.0778186812302 -0.230014959712 0.0734410598625 0.0425117485189 0.0423553944492 0.0183552774995 0.0242380471710 0.0332373416320 0.0401498804223
 -0.159452100298 -0.0309399760401 0.0777504283196 0.164471455708 -0.0159650238276 -0.0743139270052 0.0222325490331 -0.0306702613291 0.0229409310115 0.00372544474628 0.00257930066885 0.0176391359265
 -0.161078403964 -0.0780080686791 0.122347539362 -0.0839454331395 0.0139193980016 -0.0374244206028 -0.0958644025300 0.136104178975 0.0865054905643 0.0636101748046 0.0281054367516 0.00573483967966
 -0.194285964675 -0.114694174261 0.461258832234 0.0451773872811 0.124459888650 -0.0526864231788 0.133598195770 -0.0935515833569 -0.0905010999763 -0.112026746847 -0.0655788485794 -0.0411309126659
 -0.162919872651 -0.0738041591946 -0.382369902551 0.167721199741 0.0364368136157 0.0826091754514 0.127016824512 0.105095476506 0.0260340842130 0.0688671981362 0.0215733250381 -0.0162619257772
 -0.153434882600 -0.0416609224699 -0.345620791457 0.0383935240741 0.183476917521 0.0584425114277 -0.0281253842427 0.0457704499796 0.0593515770661 -0.0170087832162 0.128423596384 0.0719832737107
 -0.0808391939939 0.00259569782582 -0.371072511208 -0.322602321294 -0.223360142302 -0.0621470771656 0.126716595755 -0.0284056582204 0.165161711681 0.104513667982 0.353684497651 0.335772832558
 -0.156492397514 -0.0672429717784 0.503095624872 -0.261907089144 -0.344234017432 -0.0429050659070 -0.0279186957242 0.215271249242 0.108108687168 0.233141805497 -0.113104161831 -0.0458078676645
 -0.144851075500 -0.489541713214 -0.0305582996952 0.796225849366 -7.35310089048e-05 0.0152556581142 0.0857744370826 0.0254122355617 -0.0125515584926 -0.0511473224444 -0.124613145790 -0.0693406776622
 -0.0509468072832 0.00936921426660 -0.776686992224 -0.295423086122 0.908104641633 0.259725697001 0.0250065324643 -0.0247341245085 -0.0332879523988 -0.00732201788767 0.0217316020086 -0.0355355883222
 -0.0208303486038 0.186481881851 -0.288896596458 -0.687625928299 -0.358735773819 0.466106420940 0.148347831850 0.163771687767 0.133721955223 0.116442631888 0.0859382230754 0.0552953974858
 -0.0354679105312 0.515636444806 0.280196241903 -0.792664707113 -0.743902825125 -0.356814025348 0.274906514376 0.306754551311 0.226045653608 0.154357483260 0.0998281224021 0.0711254005272
 -0.135046549617 0.347186065176 0.155112234062 0.658926955935 -0.0159344049921 -0.410203058021 -0.412960157774 -0.301833785522 -0.00417307910324 0.0317481522632 0.0401413323829 0.0469928017894
 -0.107561468970 -0.382126656379 0.281041927318 0.240064073508 0.197279639921 0.278557339011 -0.242090106058 -0.0662756885520 -0.0732071097428 -0.0470491179681 -0.0448606955085 -0.0337420768156
 -0.153289720058 -0.379139708290 0.828171662616 0.459956073361 0.150791706477 -0.237077602564 0.250481374646 -0.113797736815 -0.280948016757 -0.245731514441 -0.176701586408 -0.102707289055
 -0.0807318126256 -0.152779150546 -0.549428256407 0.304748271536 0.422212252028 0.0117266678681 -0.0216342904357 0.234185122976 0.0190821593773 -0.0545682284087 -0.0550209465978 -0.0777828811297
 -0.0358389036584 -0.203657666770 -0.453823503376 -0.299478276586 0.259283826216 0.617419154186 0.136627603134 -0.0942958562222 0.0326109820299 0.0379476390506 0.0237636433095 -0.0205517203750
 -0.0800044881199 0.170500280237 0.0742644464862 -0.0157087121522 -0.223503842406 0.0622223568364 0.0797688687162 0.0661953887950 0.0479466136462 -0.0208920730276 -0.0843960968356 -0.0763722922251
 -0.0844538351989 -0.335548497857 0.679481238965 -0.0632895568245 0.0334180964923 -0.172049437555 0.0383107971934 0.0432842766174 0.00978573882932 -0.00853198732397 -0.0747707764401 -0.0656450022916
 -0.0397773302447 -0.146645427029 -0.667350800180 0.731397197391 0.0305410216143 -0.118238420053 -0.00458045271913 0.0244703131666 0.0484003471273 0.0539371400884 0.0727628084693 0.0151176359717
 -0.0687574506621 0.0756610006748 0.00177680402416 -0.325206904101 0.439663959740 0.254821672746 -0.111553772184 -0.157203918933 -0.0612930315774 0.00246316949482 -0.00103573719545 -0.0493051590874
 -0.0968836020695 0.0936632560745 0.562519014342 -0.0740229660381 -0.304499091029 -0.0495023454716 -0.0592943494919 -0.0297849226128 -0.0761622833707 -0.0336540554274 0.0184500211974 0.0491856826460
 -0.0564430468416 0.0336577563593 -0.0513292758954 0.0164565049217 -0.0436592155662 0.00815567538035 0.0281373207885 -0.0595314229486 -0.0278183943911 0.00297860699858 0.0514528375517 0.0979437387699
 -0.00580511654868 -0.0665104421441 -0.540413282868 -0.136723008394 -0.0750891860992 0.0426954414869 0.0610523554026 0.130074345708 0.145872059809 0.0804785883934 0.167477103291 0.196903689221
 -0.0353964121482 -0.342805355647 0.187823210033 0.0388144073866 -0.144741226532 -0.0844697501329 -0.0458244629654 -0.0108139055971 0.00716855604505 0.152168038655 0.151876537265 0.126198018740
 0.00355744564694 0.0808932486133 -0.604847976798 0.436586230959 0.161903417093 -0.251132881224 -0.0662652348939 0.0922296376791 0.0953846537781 0.0280294793725 -0.0317557264313 0.0553967130785
 0.00969403375390 -0.0548269641609 0.0434192522986 -1.07060441758 0.420461656773 0.353700625013 0.128510204182 0.0173356791665 0.0252164186226 0.0954412239988 0.0590814908658 -0.0274198649173
 -0.0246011677363 0.197449713714 0.185753753169 0.610489686866 -1.08720987738 -0.0207342997815 0.00703664289737 0.0358436765488 0.0220201228661 -0.0402837272002 0.0312090977416 0.0830249355622
 0.0103985259547 -0.204311862922 0.0241053662294 -0.129561066878 0.505874738949 -0.621224869724 -0.137245328325 0.0645592696374 0.130306750123 0.144030581151 0.113171984015 0.0998755482953
 -0.0197921928922 0.148853380089 -0.0400281247849 -0.142762236600 -0.100760896320 0.289211802666 0.125195236217 -0.142989665267 -0.120109812813 0.00147927863358 -0.00246359133396 0.00413754817495
 -0.0144076390496 -0.517356154269 1.08532825019 0.189465660803 -0.175850987317 -0.0941795447659 -0.162763644164 -0.129695206217 -0.112952439854 -0.0332019915361 -0.0199726441171 -0.0144155713945
 0.0694965757101 -0.112230390321 -1.45892182091 1.07207467926 0.299826181163 0.0279376256674 -0.0716902028611 0.234197514109 0.0844152175854 -0.0849476093564 -0.0260386785995 -0.0341228800056
 0.0580545860360 0.142971592244 -0.290029825381 -1.10716249405 0.609174258342 0.348134103502 0.211509243771 -0.0746060991354 0.106348520414 0.0515090970198 -0.0288331536067 -0.0270639903619
 0.0346723566036 0.192235176322 0.0675714339783 -0.546502296274 0.0576147983966 0.207355197987 0.115406802465 0.111473742900 -0.0492079628003 -0.0733213364169 -0.0667364573369 -0.0505700867013
 0.0917582556120 0.766675990299 0.142004565833 -0.641840561893 -1.36970997481 0.0746969129032 0.487791357947 0.273762835788 0.176200765964 0.155297819763 -0.0489996997621 -0.107641018380
 0.142121121472 0.997961492958 0.651113277783 0.744199662581 0.213966690199 -0.524092744443 -0.648342442178 -0.608150237785 -0.341737351992 -0.294098410124 -0.142772428748 -0.190169415314
 -0.0307534652456 0.434425499810 0.923999694845 -0.172846631099 -0.119019890070 -0.575764889836 -0.166919968968 0.106556283163 -0.119008154866 -0.119753614573 -0.0974512685404 -0.0634641411067
 0.000555803880128 0.158861146616 -0.290280691826 0.619341242264 0.0963901515791 -0.0412030672243 -0.199442414896 -0.0492805456579 -0.102464399628 -0.170184272376 -0.0259828592244 0.00371677563175
 0.0233168336890 -0.370928435269 -0.0868928048956 0.00962787052099 0.594830846418 0.279620277282 -0.300608855946 -0.176725634852 -0.0217692771472 0.0318524667810 -0.00480372389559 0.0224590588962
 3.47225437558e-06 0.00273864310139 0.00288711383652 0.113416387856 -0.129177983626 -0.0994790454174 0.0117537189478 -0.0236891598861 -0.0302516170161 0.00594458427202 0.0326143795530 0.113243765251
# sel_devs_bts:
 0.00000000000 0.00000000000 0.00000000000 0.00000000000 0.00000000000 0.00000000000 0.00000000000 0.00000000000
 0.00000000000 0.00000000000 0.00000000000 0.00000000000 0.00000000000 0.00000000000 0.00000000000 0.00000000000
 0.00000000000 0.00000000000 0.00000000000 0.00000000000 0.00000000000 0.00000000000 0.00000000000 0.00000000000
 0.00000000000 0.00000000000 0.00000000000 0.00000000000 0.00000000000 0.00000000000 0.00000000000 0.00000000000
 0.00000000000 0.00000000000 0.00000000000 0.00000000000 0.00000000000 0.00000000000 0.00000000000 0.00000000000
 0.00000000000 0.00000000000 0.00000000000 0.00000000000 0.00000000000 0.00000000000 0.00000000000 0.00000000000
 0.00000000000 0.00000000000 0.00000000000 0.00000000000 0.00000000000 0.00000000000 0.00000000000 0.00000000000
 0.00000000000 0.00000000000 0.00000000000 0.00000000000 0.00000000000 0.00000000000 0.00000000000 0.00000000000
 0.00000000000 0.00000000000 0.00000000000 0.00000000000 0.00000000000 0.00000000000 0.00000000000 0.00000000000
 0.00000000000 0.00000000000 0.00000000000 0.00000000000 0.00000000000 0.00000000000 0.00000000000 0.00000000000
 0.00000000000 0.00000000000 0.00000000000 0.00000000000 0.00000000000 0.00000000000 0.00000000000 0.00000000000
 0.00000000000 0.00000000000 0.00000000000 0.00000000000 0.00000000000 0.00000000000 0.00000000000 0.00000000000
 0.00000000000 0.00000000000 0.00000000000 0.00000000000 0.00000000000 0.00000000000 0.00000000000 0.00000000000
 0.00000000000 0.00000000000 0.00000000000 0.00000000000 0.00000000000 0.00000000000 0.00000000000 0.00000000000
 0.00000000000 0.00000000000 0.00000000000 0.00000000000 0.00000000000 0.00000000000 0.00000000000 0.00000000000
 0.00000000000 0.00000000000 0.00000000000 0.00000000000 0.00000000000 0.00000000000 0.00000000000 0.00000000000
 0.00000000000 0.00000000000 0.00000000000 0.00000000000 0.00000000000 0.00000000000 0.00000000000 0.00000000000
 0.00000000000 0.00000000000 0.00000000000 0.00000000000 0.00000000000 0.00000000000 0.00000000000 0.00000000000
 0.00000000000 0.00000000000 0.00000000000 0.00000000000 0.00000000000 0.00000000000 0.00000000000 0.00000000000
 0.00000000000 0.00000000000 0.00000000000 0.00000000000 0.00000000000 0.00000000000 0.00000000000 0.00000000000
 0.00000000000 0.00000000000 0.00000000000 0.00000000000 0.00000000000 0.00000000000 0.00000000000 0.00000000000
 0.00000000000 0.00000000000 0.00000000000 0.00000000000 0.00000000000 0.00000000000 0.00000000000 0.00000000000
 0.00000000000 0.00000000000 0.00000000000 0.00000000000 0.00000000000 0.00000000000 0.00000000000 0.00000000000
 0.00000000000 0.00000000000 0.00000000000 0.00000000000 0.00000000000 0.00000000000 0.00000000000 0.00000000000
 0.00000000000 0.00000000000 0.00000000000 0.00000000000 0.00000000000 0.00000000000 0.00000000000 0.00000000000
 0.00000000000 0.00000000000 0.00000000000 0.00000000000 0.00000000000 0.00000000000 0.00000000000 0.00000000000
 0.00000000000 0.00000000000 0.00000000000 0.00000000000 0.00000000000 0.00000000000 0.00000000000 0.00000000000
 0.00000000000 0.00000000000 0.00000000000 0.00000000000 0.00000000000 0.00000000000 0.00000000000 0.00000000000
 0.00000000000 0.00000000000 0.00000000000 0.00000000000 0.00000000000 0.00000000000 0.00000000000 0.00000000000
 0.00000000000 0.00000000000 0.00000000000 0.00000000000 0.00000000000 0.00000000000 0.00000000000 0.00000000000
 0.00000000000 0.00000000000 0.00000000000 0.00000000000 0.00000000000 0.00000000000 0.00000000000 0.00000000000
 0.00000000000 0.00000000000 0.00000000000 0.00000000000 0.00000000000 0.00000000000 0.00000000000 0.00000000000
 0.00000000000 0.00000000000 0.00000000000 0.00000000000 0.00000000000 0.00000000000 0.00000000000 0.00000000000
 0.00000000000 0.00000000000 0.00000000000 0.00000000000 0.00000000000 0.00000000000 0.00000000000 0.00000000000
 0.00000000000 0.00000000000 0.00000000000 0.00000000000 0.00000000000 0.00000000000 0.00000000000 0.00000000000
 0.00000000000 0.00000000000 0.00000000000 0.00000000000 0.00000000000 0.00000000000 0.00000000000 0.00000000000
 0.00000000000 0.00000000000 0.00000000000 0.00000000000 0.00000000000 0.00000000000 0.00000000000 0.00000000000
 0.00000000000 0.00000000000 0.00000000000 0.00000000000 0.00000000000 0.00000000000 0.00000000000 0.00000000000
 0.00000000000 0.00000000000 0.00000000000 0.00000000000 0.00000000000 0.00000000000 0.00000000000 0.00000000000
 0.00000000000 0.00000000000 0.00000000000 0.00000000000 0.00000000000 0.00000000000 0.00000000000 0.00000000000
 0.00000000000 0.00000000000 0.00000000000 0.00000000000 0.00000000000 0.00000000000 0.00000000000 0.00000000000
 0.00000000000 0.00000000000 0.00000000000 0.00000000000 0.00000000000 0.00000000000 0.00000000000 0.00000000000
# sel_devs_ats:
 0.319825246621 0.330747076276 0.304655967967 0.297529048152 0.314103786123 0.319320344358 0.314990010315
 0.360403929245 0.360550759357 0.355706633299 0.348239933308 0.351121128132 0.356851023648 0.359771515052
 0.431974700621 0.424510121489 0.394231072158 0.407702165317 0.395247796153 0.399809046221 0.390435777975
 0.404645209520 0.487029979240 0.477642199353 0.440075234857 0.446725697478 0.451461962407 0.425571197642
 0.435288431658 0.521632400128 0.516655467630 0.481592425429 0.473872505385 0.489187389528 0.462680033634
 0.472495837764 0.495806536207 0.552003284936 0.516451434223 0.522033871395 0.492914503296 0.498314032727
 0.543353192771 0.537882678149 0.520997515918 0.548952241300 0.553633020185 0.534897382216 0.519927148703
 0.547316294556 0.563990060619 0.552161439892 0.565355449393 0.570705445987 0.557432259453 0.541080900561
 0.514133625186 0.512381370368 0.583660967659 0.599256398803 0.583065335123 0.571001884876 0.568472881299
 0.510517413608 0.526557983154 0.611740870330 0.611661482153 0.593711509619 0.586133487319 0.582636946926
 0.614257958650 0.580919794960 0.518822689823 0.548907453712 0.579137989184 0.588148017651 0.592348647679
 0.595310255657 0.573896016218 0.529909468584 0.546110718765 0.573238686356 0.585843455505 0.589438452200
 0.606754788076 0.594894341811 0.563522559129 0.573194677368 0.581906416221 0.570894628466 0.575137121260
 0.624396583707 0.597840005291 0.548067203846 0.537774781520 0.548051686939 0.561979934626 0.573072824047
 0.582171325055 0.584067565426 0.553658838842 0.547519965794 0.554302344805 0.564365903631 0.565905622902
 0.590350330844 0.549249928174 0.572744330130 0.546608864674 0.548048553322 0.554459508801 0.552320870124
 0.577831401176 0.554935070514 0.534328339441 0.542481320495 0.547172498685 0.552161173610 0.546618470228
 0.583698630129 0.547872772565 0.531556434309 0.537859722767 0.546701806900 0.552569572476 0.545005112511
 0.554218327135 0.564502614706 0.594385043358 0.585969269609 0.575960802177 0.564566733879 0.543762080357
 0.584650842564 0.566645889459 0.611793752587 0.597319363175 0.591975622307 0.585300457702 0.558571424972
 0.499708765540 0.619071343397 0.663121181955 0.640639373021 0.608844578609 0.592310912492 0.600030057614
 0.533753962059 0.641726418578 0.712951057312 0.666189177061 0.641832035240 0.632169782887 0.633104080997
 0.651115447268 0.607925419693 0.566724455160 0.664893968558 0.677776360805 0.667829562761 0.672383954179
 0.660241192573 0.627658735531 0.598188176092 0.685884849891 0.698011345307 0.692110062868 0.693358592991
 0.681839519269 0.691398297358 0.717684650771 0.696422914957 0.705492401103 0.706177687118 0.706066899494
 0.692837666531 0.709210861816 0.738887800704 0.722940259909 0.726023530704 0.727489572601 0.725907859294
 0.707052538747 0.717381394212 0.758633855732 0.742063565425 0.744720675962 0.746240279160 0.743879088340
 0.708796205653 0.722443883547 0.788933838633 0.754294205978 0.760877741776 0.762485019183 0.757741461671
 0.769703776564 0.761852456461 0.697452940460 0.758569479842 0.784040694643 0.781368976513 0.768145950775
 0.759219487283 0.759273704705 0.715046039197 0.759812159065 0.793481696798 0.788550177976 0.771728636130
# sel_coffs_fsh:
 -4.10613171280 -2.16489535576 -0.883202981807 0.358654087016 0.339008369016 0.310009573714 0.269753348094 0.229490167176 0.194486256973 0.166879687057 0.145110379801 0.128259755312
# sel_coffs_bts:
 -0.0100000000000 -0.0100000000000 -0.0100000000000 -0.0100000000000 -0.0100000000000 -0.0100000000000 -0.0100000000000 -0.0100000000000
# sel_coffs_ats:
 -0.155600014362 -0.158057852207 0.0215322948037 0.145406907479 0.185935542694 0.283345460419 0.415224461892
# sel_slp_bts:
0.989773260360
# sel_a50_bts:
6.23891056157
# sel_age_one_bts:
-3.20437442633
# sel_slp_bts_dev:
 -0.706274471454 0.0452899411302 0.00746136783807 -0.401974826364 -0.344203644092 -0.443304851811 -0.546933771109 -0.438753125025 0.326601755184 0.220886460483 0.170447492666 0.311237217849 0.279118160887 0.232300112637 -0.138037102818 -0.289994542601 -0.511502379037 -0.605988008740 -0.339755261471 -0.481235200044 -0.0644036681352 0.172237552113 0.0804296980756 0.206976223015 -0.0839059012011 0.333824478098 0.539265709264 0.234229194220 0.746994901760 0.545861949248 0.200327848356 0.296749476793 0.530798863351 0.436360905562 0.432851607779 0.255509522785 -0.333332068941 0.00759365639819 -0.113880731007 -0.201622712692 -0.0301943354025 -0.323367584191 -0.214689909356
# sel_a50_bts_dev:
 -0.00980544589097 -0.157518353010 -0.0349798769501 0.0766707471462 0.0999571592866 0.0619623597189 -0.0517927032325 -0.0983691690622 -0.209145750721 -0.130529214910 -0.133453005654 -0.168995122112 -0.0886144265994 0.00299686079656 0.185741198788 0.222672882836 0.313039865300 0.277019979010 0.143017507892 0.177824035200 0.0547124617073 0.00624088294462 0.0393790638267 -0.0186723546416 0.0895032382560 -0.0845118273094 -0.118908852642 -0.0285868821693 -0.210484529875 -0.0935577485363 -0.0492000945847 -0.0785683981268 -0.163089415667 -0.210063330759 -0.150133949729 -0.0718821223539 0.151622997076 -0.0206669031482 0.0584529065527 0.129830837593 0.0464340253202 0.197854007697 0.0465964607370
# sel_age_one_bts_dev:
 -0.0374609409823 0.00212630286449 0.0359884532853 -0.218974598881 -0.403298438878 -0.238836402321 -0.292745133763 -0.0561775342743 0.0899699850231 -0.171186651625 -0.0341033985910 0.0213138584616 -0.0983715171021 -0.122788436198 -0.110100853570 -0.0114382433908 0.0462795383478 0.0978188261238 0.179110783520 0.0626446334610 0.0629670909753 0.216760581948 0.0406308152324 -0.0340989707963 -0.0401969600265 -0.0642366544082 0.157423535807 0.333836956601 0.299447728629 -0.104360975737 -0.0891361218277 0.174927378892 0.135640101593 0.0299395435727 -0.0729307234227 -0.0828505605782 -0.0427333719703 0.233861916709 0.0990817709434 -0.0356986136616 0.0398743737698 0.00850556169222 -0.00642463544743
# sel_dif1_fsh:
1.00000000000
# sel_a501_fsh:
3.00000000000
# sel_trm2_fsh:
0.900000000000
# sel_dif2_fsh:
5.00000000000
# sel_dif1_fsh_dev:
 0.00000000000 0.00000000000 0.00000000000 0.00000000000 0.00000000000 0.00000000000 0.00000000000 0.00000000000 0.00000000000 0.00000000000 0.00000000000 0.00000000000 0.00000000000 0.00000000000 0.00000000000 0.00000000000 0.00000000000 0.00000000000 0.00000000000 0.00000000000 0.00000000000 0.00000000000 0.00000000000 0.00000000000 0.00000000000 0.00000000000 0.00000000000 0.00000000000 0.00000000000 0.00000000000 0.00000000000 0.00000000000 0.00000000000 0.00000000000 0.00000000000 0.00000000000 0.00000000000 0.00000000000 0.00000000000 0.00000000000 0.00000000000 0.00000000000 0.00000000000 0.00000000000 0.00000000000 0.00000000000 0.00000000000 0.00000000000 0.00000000000 0.00000000000 0.00000000000 0.00000000000 0.00000000000 0.00000000000 0.00000000000 0.00000000000 0.00000000000 0.00000000000 0.00000000000 0.00000000000 0.00000000000
# sel_a501_fsh_dev:
 0.00000000000 0.00000000000 0.00000000000 0.00000000000 0.00000000000 0.00000000000 0.00000000000 0.00000000000 0.00000000000 0.00000000000 0.00000000000 0.00000000000 0.00000000000 0.00000000000 0.00000000000 0.00000000000 0.00000000000 0.00000000000 0.00000000000 0.00000000000 0.00000000000 0.00000000000 0.00000000000 0.00000000000 0.00000000000 0.00000000000 0.00000000000 0.00000000000 0.00000000000 0.00000000000 0.00000000000 0.00000000000 0.00000000000 0.00000000000 0.00000000000 0.00000000000 0.00000000000 0.00000000000 0.00000000000 0.00000000000 0.00000000000 0.00000000000 0.00000000000 0.00000000000 0.00000000000 0.00000000000 0.00000000000 0.00000000000 0.00000000000 0.00000000000 0.00000000000 0.00000000000 0.00000000000 0.00000000000 0.00000000000 0.00000000000 0.00000000000 0.00000000000 0.00000000000 0.00000000000 0.00000000000
# sel_trm2_fsh_dev:
 0.00000000000 0.00000000000 0.00000000000 0.00000000000 0.00000000000 0.00000000000 0.00000000000 0.00000000000 0.00000000000 0.00000000000 0.00000000000 0.00000000000 0.00000000000 0.00000000000 0.00000000000 0.00000000000 0.00000000000 0.00000000000 0.00000000000 0.00000000000 0.00000000000 0.00000000000 0.00000000000 0.00000000000 0.00000000000 0.00000000000 0.00000000000 0.00000000000 0.00000000000 0.00000000000 0.00000000000 0.00000000000 0.00000000000 0.00000000000 0.00000000000 0.00000000000 0.00000000000 0.00000000000 0.00000000000 0.00000000000 0.00000000000 0.00000000000 0.00000000000 0.00000000000 0.00000000000 0.00000000000 0.00000000000 0.00000000000 0.00000000000 0.00000000000 0.00000000000 0.00000000000 0.00000000000 0.00000000000 0.00000000000 0.00000000000 0.00000000000 0.00000000000 0.00000000000 0.00000000000 0.00000000000
# rec_dev_future:
 0.00000000000 0.00000000000 0.00000000000 0.00000000000 0.00000000000
# M_dev:
 0.00000000000 0.00000000000 0.00000000000 0.00000000000 0.00000000000 0.00000000000 0.00000000000 0.00000000000 0.00000000000 0.00000000000 0.00000000000 0.00000000000 0.00000000000 0.00000000000 0.00000000000 0.00000000000 0.00000000000 0.00000000000 0.00000000000 0.00000000000 0.00000000000 0.00000000000 0.00000000000 0.00000000000 0.00000000000 0.00000000000 0.00000000000 0.00000000000 0.00000000000 0.00000000000 0.00000000000 0.00000000000 0.00000000000 0.00000000000 0.00000000000 0.00000000000 0.00000000000 0.00000000000 0.00000000000 0.00000000000 0.00000000000 0.00000000000 0.00000000000 0.00000000000 0.00000000000 0.00000000000 0.00000000000 0.00000000000 0.00000000000 0.00000000000 0.00000000000 0.00000000000 0.00000000000 0.00000000000 0.00000000000 0.00000000000 0.00000000000 0.00000000000 0.00000000000 0.00000000000
# L1:
28.2780669284
# L2:
46.0963291605
# log_alpha:
-11.0000000000
# log_K:
-0.127712245414
# d_scale:
 0.524271052513 0.704796066897 0.765596335785 0.829605791449 0.869713546320 0.932864152577 0.978332034957 0.974084130221 0.994010010229 0.933090143049 0.952799195017 0.861008015221 1.00250076338
# coh_eff:
 0.00000000000 0.00000000000 0.00000000000 0.00000000000 0.00000000000 0.00000000000 0.00000000000 0.00000000000 0.00000000000 0.00000000000 0.00000000000 0.00000000000 0.00000000000 0.00000000000 0.00000000000 0.00000000000 -0.195730578472 0.270190075161 0.0178871095748 0.507850437822 -0.424943284300 0.557309240165 -0.494051801623 0.447588234166 0.0390378043509 -0.116124591603 -0.431930399260 -0.590149454954 0.549418568399 0.649129313939 1.12421016638 -0.0507823043692 0.605563354077 -0.0270271768894 -1.01445167682 -0.880885577406 -0.972450009104 0.848661436693 1.78563172591 0.499990026039 -0.989846667781 -0.0785232720878 0.964749479571 0.464439856221 0.393605597264 -0.0710532574115 0.382437911793 0.875274432745 1.45540085619 0.411144376494 -0.804029096409 -1.12250315565 -0.453700836230 -1.67131717030 -0.775239970088 -1.53854970192 -2.03471550702 -1.88593697551 -1.15802448463 0.720734849683 0.774457808051 0.0191161333553 0.321799902492 0.564117691908 1.40880576031 0.370852690972 0.189006837093 1.11705026883 1.66502132866 0.353911766376 0.00000000000 0.00000000000
# yr_eff:
 0.00000000000 0.182048405960 -0.0368493259642 0.255809523367 0.285235554057 1.41123381513 0.323893774214 1.80156450139 0.261993573354 0.994118493725 1.05416258682 0.686784102230 -0.0135107729105 0.710121761630 -0.714577582741 -0.0426538092703 -1.56817924091 -0.750079869297 -1.17331645103 -0.904121296707 0.295504766442 0.0313390529492 0.0445350531787 0.820971671753 -0.0655038553846 -0.492021900054 -0.720847380356 -0.326736316279 -0.623959600688 -0.447259974169 -0.347642176388 0.433006701477 -0.0962549632112 -0.206934588931 -0.437963383149 -0.880863193297 -0.255303358619 0.847882004061 0.262083560578 1.32470163519 0.497071219279 0.644254213355 0.0107439274119 0.428681097727 0.558671318870 -2.25876020827 -0.485372772693 -0.209311832789 -1.02216161353 0.652145141463 -1.76718711596 -1.55095950242 -0.242906985270 -3.43125765442 0.849623463590 0.00000000000 0.00000000000 0.00000000000 0.00000000000 0.00000000000
# resid_temp_x1:
0.00000000000
# resid_temp_x2:
0.00000000000
# log_a_II:
 -6.00000000000 -6.00000000000 -6.00000000000
 -6.00000000000 -6.00000000000 -6.00000000000
# log_b_II:
 6.00000000000 6.00000000000 6.00000000000
 6.00000000000 6.00000000000 6.00000000000
# log_a_II_vec:
 -4.00000000000 -4.00000000000
# log_b_II_vec:
 2.50000000000 2.50000000000
# log_rho:
 -2.50000000000 -2.50000000000 -2.50000000000
 -2.50000000000 -2.50000000000 -2.50000000000
# log_resid_M:
 -1.45000000000 -1.45000000000 -1.45000000000
