EBS	pollock	dW												
1	3													
1964	2024													
1	15													
1														
0.0066	0.17	0.303	0.447	0.589	0.722	0.84	0.942	1.029	1.102	1.163	1.212	1.253	1.286	1.312
0.0066	0.17	0.303	0.447	0.589	0.722	0.84	0.942	1.029	1.102	1.163	1.212	1.253	1.286	1.312
0.0066	0.17	0.303	0.447	0.589	0.722	0.84	0.942	1.029	1.102	1.163	1.212	1.253	1.286	1.312
0.0066	0.17	0.303	0.447	0.589	0.722	0.84	0.942	1.029	1.102	1.163	1.212	1.253	1.286	1.312
0.0066	0.17	0.303	0.447	0.589	0.722	0.84	0.942	1.029	1.102	1.163	1.212	1.253	1.286	1.312
0.0066	0.17	0.303	0.447	0.589	0.722	0.84	0.942	1.029	1.102	1.163	1.212	1.253	1.286	1.312
0.0066	0.17	0.303	0.447	0.589	0.722	0.84	0.942	1.029	1.102	1.163	1.212	1.253	1.286	1.312
0.0066	0.17	0.303	0.447	0.589	0.722	0.84	0.942	1.029	1.102	1.163	1.212	1.253	1.286	1.312
0.0066	0.17	0.303	0.447	0.589	0.722	0.84	0.942	1.029	1.102	1.163	1.212	1.253	1.286	1.312
0.0066	0.17	0.303	0.447	0.589	0.722	0.84	0.942	1.029	1.102	1.163	1.212	1.253	1.286	1.312
0.0066	0.17	0.303	0.447	0.589	0.722	0.84	0.942	1.029	1.102	1.163	1.212	1.253	1.286	1.312
0.0066	0.17	0.303	0.447	0.589	0.722	0.84	0.942	1.029	1.102	1.163	1.212	1.253	1.286	1.312
0.0066	0.17	0.303	0.447	0.589	0.722	0.84	0.942	1.029	1.102	1.163	1.212	1.253	1.286	1.312
0.0066	0.17	0.303	0.447	0.589	0.722	0.84	0.942	1.029	1.102	1.163	1.212	1.253	1.286	1.312
0.0066	0.17	0.303	0.447	0.589	0.722	0.84	0.942	1.029	1.102	1.163	1.212	1.253	1.286	1.312
0.0066	0.17	0.303	0.447	0.589	0.722	0.84	0.942	1.029	1.102	1.163	1.212	1.253	1.286	1.312
0.0066	0.17	0.303	0.447	0.589	0.722	0.84	0.942	1.029	1.102	1.163	1.212	1.253	1.286	1.312
0.0066	0.17	0.303	0.447	0.589	0.722	0.84	0.942	1.029	1.102	1.163	1.212	1.253	1.286	1.312
0.0066	0.17	0.303	0.447	0.589	0.722	0.84	0.942	1.029	1.102	1.163	1.212	1.253	1.286	1.312
0.0066	0.17	0.303	0.447	0.589	0.722	0.84	0.942	1.029	1.102	1.163	1.212	1.253	1.286	1.312
0.0066	0.17	0.303	0.447	0.589	0.722	0.84	0.942	1.029	1.102	1.163	1.212	1.253	1.286	1.312
0.0066	0.17	0.303	0.447	0.589	0.722	0.84	0.942	1.029	1.102	1.163	1.212	1.253	1.286	1.312
0.0066	0.17	0.303	0.447	0.589	0.722	0.84	0.942	1.029	1.102	1.163	1.212	1.253	1.286	1.312
0.0066	0.17	0.303	0.447	0.589	0.722	0.84	0.942	1.029	1.102	1.163	1.212	1.253	1.286	1.312
0.0066	0.17	0.303	0.447	0.589	0.722	0.84	0.942	1.029	1.102	1.163	1.212	1.253	1.286	1.312
0.0066	0.17	0.303	0.447	0.589	0.722	0.84	0.942	1.029	1.102	1.163	1.212	1.253	1.286	1.312
0.0066	0.17	0.303	0.447	0.589	0.722	0.84	0.942	1.029	1.102	1.163	1.212	1.253	1.286	1.312
0.0066	0.149613	0.284523	0.4825	0.604389	0.729959	0.843771	0.882392	1.020126	1.122591	1.134854	1.237159	1.235978	1.295608	1.246728
0.0066	0.179094	0.396803	0.464697	0.65119	0.713676	0.818543	0.985787	1.03042	1.199786	1.236505	1.26924	1.19314	1.35743	1.431386
0.0066	0.33131	0.494728	0.612071	0.651817	0.774858	0.934476	1.062411	1.197734	1.240419	1.423335	1.539832	1.575729	1.608702	1.507688
0.0066	0.233091	0.40005	0.651626	0.73239	0.745803	0.726973	1.070046	1.379894	1.324863	1.33502	1.409007	1.39704	1.277838	1.369793
0.0066	0.15348	0.385611	0.505265	0.728522	0.843245	0.847296	0.969592	1.231843	1.296302	1.400678	1.401951	1.392233	1.094948	1.305507
0.0066	0.292889	0.335606	0.445074	0.684364	0.796765	0.948379	0.955519	1.025466	1.099698	1.418002	1.489233	1.520591	1.701901	1.601963
0.0066	0.187184	0.326717	0.47687	0.559045	0.747564	0.888808	1.074089	1.095178	1.235658	1.286725	1.399735	1.561271	1.363416	1.337754
0.0066	0.190536	0.369384	0.589302	0.618376	0.621628	0.779568	1.040016	1.169286	1.275858	1.316131	1.427718	1.448363	1.436974	1.528371
0.0066	0.187805	0.404456	0.507016	0.643392	0.702294	0.728632	0.893662	1.037729	1.252724	1.223968	1.42242	0.99487	1.402203	1.238645
0.0066	0.217708	0.352967	0.525657	0.629916	0.731738	0.779708	0.806638	0.967905	1.014843	1.252876	1.286418	1.108137	1.083882	1.358762
0.0065	0.226725	0.328987	0.504776	0.667912	0.785504	0.963814	0.98564	1.061105	1.132863	1.319515	1.411108	1.568255	1.472392	1.494921
0.0067	0.231265	0.384943	0.509822	0.667343	0.798844	0.910852	1.025741	1.112964	1.101521	1.283517	1.442173	1.578749	1.289712	1.567803
0.0065	0.27607	0.489241	0.548784	0.651561	0.768839	0.863004	0.952784	1.08565	1.201529	1.211577	1.194453	1.374064	1.354663	1.709442
0.0067	0.134785	0.408486	0.583891	0.641247	0.759872	0.887632	0.924377	1.035505	1.176252	1.126812	1.166779	1.309497	1.253624	1.184688
0.0066	0.282639	0.35107	0.508227	0.641091	0.74171	0.880134	0.959955	1.061691	1.074204	1.21628	1.267985	1.217488	1.075505	1.342282
0.0066	0.174065	0.305522	0.448377	0.606399	0.755331	0.857665	0.958631	1.06031	1.116617	1.190103	1.218201	1.279677	1.384137	1.417078
0.006633333	0.154728	0.349006	0.507433	0.642345	0.782934	0.960534	1.100324	1.192178	1.266491	1.326893	1.487726	1.443788	1.728544	1.511781
0.006611111	0.2076326	0.328222	0.518714	0.652689	0.773937	0.899905	1.054227	1.116566	1.288861	1.452421	1.527705	1.56043	1.873552	1.644688
0.006604444	0.135797	0.339606	0.52513	0.704768	0.878626	0.999417	1.130492	1.398287	1.479225	1.557881	1.576152	1.806939	2.025702	2.222079
0.0497677	0.174856	0.380773	0.489989	0.66753	0.909047	1.114265	1.276856	1.373608	1.585756	1.679019	1.923453	1.947904	2.077039	2.271161
0.030688207	0.204737208	0.290306	0.508277	0.665552	0.809441	0.971459	1.223768	1.342173	1.513015	1.58174	1.623338	2.079569	1.707231	2.242237
0.029020117	0.141972725	0.270608	0.409476	0.643213	0.824138	0.97392	1.169735	1.302818	1.509451	1.598869	1.636675	1.680013	2.031152	2.062133
0.0949551	0.1439405	0.289565	0.442138	0.564462	0.780572	1.130108	1.281472	1.439581	1.684725	1.827352	1.785734	1.933904	2.159083	2.182183
0.014342609	0.19287	0.318821	0.454132	0.616879	0.751256	0.893856	1.156345	1.306716	1.386355	1.669198	1.773348	1.704242	1.623389	2.215234
0.025182262	0.181323803	0.403995	0.462211	0.57058	0.690256	0.786074	0.886708	1.140721	1.195296	1.315406	1.670917	1.389203	1.559162	2.600077
0.025182262	0.181323803	0.408559	0.531117	0.557025	0.645972	0.731821	0.799736	0.940505	1.043411	1.177987	0.78776	0.911178	1.683923	1.42947
0.025182262	0.191119721	0.408307	0.498516	0.650287	0.693721	0.751852	0.827407	0.893922	0.911155	1.027504	0.961318	1.359364	0.701148	1.539997
0.025182262	0.186221762	0.377245	0.466753	0.573182	0.7337	0.808813	0.85317	0.906351	1.038827	0.935594	1.110072	1.359364	1.402203	1.129641
0.025182262	0.186221762	0.421912	0.565247	0.643225	0.759398	0.878483	0.962276	1.006798	1.064675	1.034985	1.181892	0.754173	1.402203	1.539997
0.025182262	0.186221762	0.387279	0.521579	0.631983	0.715572	0.799211	0.955081	1.005954	1.040258	1.189235	1.072451	1.208377	0.960739	1.539997
0.025182262	0.186221762	0.393063	0.479856	0.573715	0.689782	0.756873	0.841316	1.010658	1.129811	1.159749	1.26933	1.2145	1.402203	1.539997
0.025182262	0.186221762	0.440141	0.50607	0.573913	0.724034	0.837484	0.883259	0.983697	0.972326	1.271469	1.044234	1.234535	0.910308	1.539997
0.025182262	0.186221762	0.492447	0.481642	0.524421	0.605881	0.79623	0.919782	0.955355	1.045836	1.088177	1.267231	1.354656	1.325267	0.950582
0.025182262	0.186221762	0.492447	0.481642	0.524421	0.605881	0.79623	0.919782	0.955355	1.045836	1.088177	1.267231	1.354656	1.325267	0.950582
