ParName   Value   Gradient
log_avgrec      9.76185  1.46321e-05
log_avginit      4.25223  1.37249e-05
log_avg_F     -1.07723  6.56632e-06
log_Rzero      10.0516 -1.96645e-07
log_q_cpue      1.10266  6.69365e-06
log_q_avo      -8.5307  1.23502e-06
log_initdevs(2)      3.67524  6.95168e-05
log_initdevs(3)      3.15588  5.92002e-05
log_initdevs(4)       1.6426  3.23379e-05
log_initdevs(5)     0.536281 -3.07686e-07
log_initdevs(6)      1.02212  0.000100236
log_initdevs(7)     0.186377   6.8258e-06
log_initdevs(8)    -0.914806 -1.91283e-06
log_initdevs(9)     -1.35239  6.05176e-06
log_initdevs(10)      -1.3388 -9.97865e-07
log_initdevs(11)     -1.33092  7.12382e-06
log_initdevs(12)     -1.32316  1.37975e-05
log_initdevs(13)     -1.32028  6.35341e-06
log_initdevs(14)      -1.3186  6.42304e-06
log_initdevs(15)     -1.31954  1.55874e-05
log_rec_devs(1964)     -1.17178  8.84589e-05
log_rec_devs(1965)   -0.0394553  0.000108503
log_rec_devs(1966)    -0.504637  4.55586e-06
log_rec_devs(1967)     0.109989  1.03114e-05
log_rec_devs(1968)     0.127644 -1.33845e-06
log_rec_devs(1969)     0.393418  3.31413e-05
log_rec_devs(1970)     0.323999 -3.23836e-05
log_rec_devs(1971)    -0.113062  1.00726e-05
log_rec_devs(1972)     -0.28307   2.2837e-06
log_rec_devs(1973)     0.379373   2.0883e-05
log_rec_devs(1974)    -0.149654 -2.00346e-05
log_rec_devs(1975)    -0.250943 -3.16618e-06
log_rec_devs(1976)    -0.229079  1.64131e-05
log_rec_devs(1977)     0.052226 -1.33997e-06
log_rec_devs(1978)     0.491299 -7.91576e-06
log_rec_devs(1979)      1.29025  3.59425e-05
log_rec_devs(1980)      0.25957 -7.69096e-06
log_rec_devs(1981)     0.653675 -3.63931e-06
log_rec_devs(1982)  -0.00164429 -4.65848e-06
log_rec_devs(1983)      1.09811  1.66329e-06
log_rec_devs(1984)     -0.21891  9.29233e-07
log_rec_devs(1985)     0.621645  1.51616e-06
log_rec_devs(1986)    -0.513452 -5.13558e-06
log_rec_devs(1987)    -0.997223  -6.2341e-06
log_rec_devs(1988)     -1.27701  2.00297e-05
log_rec_devs(1989)    -0.536656 -5.84227e-06
log_rec_devs(1990)      1.10609 -1.37107e-05
log_rec_devs(1991)     0.337698 -6.72935e-06
log_rec_devs(1992) -0.000340489 -4.59273e-06
log_rec_devs(1993)     0.797335 -3.13187e-06
log_rec_devs(1994)     -0.32675 -7.65036e-06
log_rec_devs(1995)    -0.711406 -1.72934e-05
log_rec_devs(1996)     0.240053   1.0932e-06
log_rec_devs(1997)     0.675497 -2.76804e-05
log_rec_devs(1998)    -0.173836 -1.13373e-06
log_rec_devs(1999)     -0.13648 -1.26763e-05
log_rec_devs(2000)     0.319799  -1.7804e-05
log_rec_devs(2001)     0.732765 -4.26636e-05
log_rec_devs(2002)     0.309388 -7.60231e-06
log_rec_devs(2003)    -0.165764  4.73803e-06
log_rec_devs(2004)    -0.947998  5.04779e-05
log_rec_devs(2005)     -1.31158  0.000201774
log_rec_devs(2006)    -0.325408  1.07772e-05
log_rec_devs(2007)     0.531821 -2.27474e-05
log_rec_devs(2008)    -0.492787  6.88622e-05
log_rec_devs(2009)     0.993268  5.16241e-05
log_rec_devs(2010)     0.218103  -7.4815e-06
log_rec_devs(2011)    -0.324648 -1.67661e-05
log_rec_devs(2012)     -0.44712  1.08446e-05
log_rec_devs(2013)      1.09781  2.55064e-05
log_rec_devs(2014)      1.00817  5.18313e-07
log_rec_devs(2015)     -0.11785 -2.08283e-05
log_rec_devs(2016)     -1.35342 -0.000101636
log_rec_devs(2017)     -1.43106 -6.81188e-05
log_rec_devs(2018)    -0.622878 -3.44334e-05
log_rec_devs(2019)      1.64192  7.80409e-07
log_rec_devs(2020)     0.328117 -2.49515e-06
log_rec_devs(2021)    -0.183974 -5.67423e-06
log_rec_devs(2022)    -0.447853 -4.25628e-06
log_rec_devs(2023)    -0.267268  -5.9114e-07
log_rec_devs(2024)    -0.064032 -8.74734e-07
log_F_devs(1964)   -0.0379075  5.79603e-05
log_F_devs(1965)     0.199762 -1.90493e-05
log_F_devs(1966)    0.0881229 -1.39855e-05
log_F_devs(1967)     0.645931  8.89067e-05
log_F_devs(1968)     0.742022  6.39863e-05
log_F_devs(1969)     0.786319  4.42118e-05
log_F_devs(1970)      1.06217 -0.000106932
log_F_devs(1971)      1.38805  -2.3806e-05
log_F_devs(1972)      1.50752  -1.0109e-05
log_F_devs(1973)      1.54907  4.07549e-05
log_F_devs(1974)      1.75724 -5.77569e-05
log_F_devs(1975)      1.84909  5.55012e-05
log_F_devs(1976)      1.56713 -1.56018e-06
log_F_devs(1977)      1.24244  -3.8182e-05
log_F_devs(1978)      1.19221  1.54555e-05
log_F_devs(1979)      1.05397 -4.53564e-06
log_F_devs(1980)     0.772366  1.64858e-05
log_F_devs(1981)     0.250022 -4.85897e-06
log_F_devs(1982)     -0.33557   1.3008e-05
log_F_devs(1983)    -0.699389  1.12078e-06
log_F_devs(1984)    -0.804356   1.5304e-05
log_F_devs(1985)    -0.839271  1.53184e-05
log_F_devs(1986)    -0.911629  -1.3283e-05
log_F_devs(1987)      -1.2581 -1.10803e-05
log_F_devs(1988)    -0.932142  3.65835e-06
log_F_devs(1989)    -0.829336 -2.89686e-07
log_F_devs(1990)    -0.449176 -5.37235e-06
log_F_devs(1991)    -0.295175  3.20605e-06
log_F_devs(1992)     0.102606 -1.24617e-05
log_F_devs(1993)    -0.152449 -5.17332e-06
log_F_devs(1994)    -0.359614 -1.39814e-05
log_F_devs(1995)    -0.511405 -4.37561e-06
log_F_devs(1996)    -0.586214  5.81193e-06
log_F_devs(1997)    -0.635476 -6.20322e-07
log_F_devs(1998)    -0.607854  2.48916e-06
log_F_devs(1999)    -0.667824 -3.46754e-06
log_F_devs(2000)    -0.534017 -6.06641e-06
log_F_devs(2001)    -0.408754   -9.593e-06
log_F_devs(2002)    -0.275958 -2.43372e-06
log_F_devs(2003)    -0.183821   1.6253e-07
log_F_devs(2004)    -0.213592  -8.2374e-06
log_F_devs(2005)    -0.214425  1.28003e-07
log_F_devs(2006)    -0.134084 -9.84059e-06
log_F_devs(2007)    -0.140633 -2.67121e-05
log_F_devs(2008)    -0.129401 -1.49595e-05
log_F_devs(2009)    -0.263405 -2.67902e-06
log_F_devs(2010)    -0.387585 -2.51463e-05
log_F_devs(2011)    -0.109733 -3.66266e-06
log_F_devs(2012)    -0.240571  8.51282e-06
log_F_devs(2013)    -0.399156  1.46096e-05
log_F_devs(2014)    -0.389825  3.12295e-06
log_F_devs(2015)    -0.191703 -1.49518e-05
log_F_devs(2016)     -0.20408 -9.12857e-06
log_F_devs(2017)    -0.356064  -4.2353e-06
log_F_devs(2018)    -0.379629 -5.15804e-06
log_F_devs(2019)    -0.328354 -2.23323e-05
log_F_devs(2020)   0.00541867    3.679e-06
log_F_devs(2021)     0.150827 -1.31318e-05
log_F_devs(2022)    -0.389931 -2.98725e-05
log_F_devs(2023)    -0.415088 -4.52535e-05
log_F_devs(2024)    -0.709601 -2.61437e-05
sel_coffs_fsh(1)      -8.0448 -3.53418e-07
sel_coffs_fsh(2)     -4.04089 -7.28811e-07
sel_coffs_fsh(3)     -1.99823  4.56653e-06
sel_coffs_fsh(4)    -0.783776  3.82443e-06
sel_coffs_fsh(5)   -0.0837586 -1.69322e-06
sel_coffs_fsh(6)     0.337754  8.74702e-07
sel_coffs_fsh(7)     0.447858  5.42987e-06
sel_coffs_fsh(8)     0.445575 -2.06723e-06
sel_coffs_fsh(9)      0.42278 -2.81245e-06
sel_coffs_fsh(10)     0.397889 -1.03524e-06
sel_coffs_fsh(11)     0.386624 -1.54226e-07
sel_coffs_fsh(12)     0.375124 -6.04182e-06
sel_coffs_ats(2)    -0.150208 -1.15347e-07
sel_coffs_ats(3)  -0.00843248 -6.13113e-07
sel_coffs_ats(4)     0.179683  3.80629e-07
sel_coffs_ats(5)     0.249131 -6.11548e-08
sel_coffs_ats(6)     0.276748  1.16709e-06
sel_coffs_ats(7)     0.398018   6.9669e-07
sel_coffs_ats(8)    -0.373888 -1.47807e-06
sel_slp_bts     0.765065 -1.27962e-05
sel_a50_bts      6.94613 -1.78383e-06
sel_age_one_bts     -3.41639  3.36526e-07
sel_age_one_bts_dev(1982)    0.0934231 -6.77966e-06
sel_age_one_bts_dev(1983)    0.0762295 -3.99914e-06
sel_age_one_bts_dev(1984)     0.164778  6.46781e-06
sel_age_one_bts_dev(1985)    -0.209279 -4.26099e-06
sel_age_one_bts_dev(1986)     -0.58108 -4.57163e-06
sel_age_one_bts_dev(1987)   -0.0746454 -6.09383e-06
sel_age_one_bts_dev(1988)    -0.489593 -3.26123e-06
sel_age_one_bts_dev(1989)   0.00264971  5.83328e-06
sel_age_one_bts_dev(1990)     0.229352 -7.57803e-06
sel_age_one_bts_dev(1991)    -0.272756 -5.27832e-06
sel_age_one_bts_dev(1992)   -0.0995288 -6.03291e-06
sel_age_one_bts_dev(1993)    0.0475629 -4.44579e-06
sel_age_one_bts_dev(1994)    -0.163381 -5.19175e-06
sel_age_one_bts_dev(1995)    -0.258556   -4.565e-06
sel_age_one_bts_dev(1996)    -0.228667 -4.69218e-06
sel_age_one_bts_dev(1997)    -0.088579 -4.18997e-06
sel_age_one_bts_dev(1998)   0.00103746  -6.5309e-06
sel_age_one_bts_dev(1999)   0.00806764 -5.93789e-06
sel_age_one_bts_dev(2000)     0.160009 -7.31245e-06
sel_age_one_bts_dev(2001)     0.031147 -3.11148e-06
sel_age_one_bts_dev(2002)     0.011648 -2.68722e-06
sel_age_one_bts_dev(2003)     0.217096 -6.48073e-06
sel_age_one_bts_dev(2004)    -0.028305 -4.65657e-06
sel_age_one_bts_dev(2005)   -0.0606259 -6.51563e-06
sel_age_one_bts_dev(2006)   -0.0778346 -2.50745e-06
sel_age_one_bts_dev(2007)  -0.00177724   -4.678e-06
sel_age_one_bts_dev(2008)    0.0635534 -3.66758e-06
sel_age_one_bts_dev(2009)     0.259339 -2.64058e-06
sel_age_one_bts_dev(2010)     0.313735 -7.86747e-06
sel_age_one_bts_dev(2011)    -0.262662 -3.40825e-06
sel_age_one_bts_dev(2012)     -0.17302 -4.85883e-06
sel_age_one_bts_dev(2013)     0.265827  1.10032e-05
sel_age_one_bts_dev(2014)     0.138296 -2.96029e-06
sel_age_one_bts_dev(2015)    -0.105896 -2.92748e-06
sel_age_one_bts_dev(2016)    -0.307882 -4.15331e-06
sel_age_one_bts_dev(2017)    -0.344969 -4.13061e-06
sel_age_one_bts_dev(2018)    -0.328466 -3.58495e-06
sel_age_one_bts_dev(2019)     0.267702 -4.75129e-06
sel_age_one_bts_dev(2020)      2.14071    4.081e-06
sel_age_one_bts_dev(2021)   -0.0439366 -1.75249e-06
sel_age_one_bts_dev(2022)   -0.0333652 -4.60489e-06
sel_age_one_bts_dev(2023)    -0.149657  -4.2902e-06
sel_age_one_bts_dev(2024)    -0.107698 -5.30628e-06
L1      28.2771 -5.79389e-05
L2      46.1029 -9.07068e-05
log_K    -0.127657  9.10647e-05
d_scale(1,3)       0.5236  1.46821e-06
d_scale(1,4)     0.704441 -6.53185e-06
d_scale(1,5)     0.765531 -3.75697e-08
d_scale(1,6)     0.829738   3.7949e-07
d_scale(1,7)     0.870009 -6.08955e-06
d_scale(1,8)      0.93339 -3.58475e-06
d_scale(1,9)     0.978959 -2.88652e-06
d_scale(1,10)     0.974786 -1.18279e-06
d_scale(1,11)     0.995057 -7.33985e-07
d_scale(1,12)     0.934379 -1.27261e-07
d_scale(1,13)     0.954279  8.21515e-07
d_scale(1,14)     0.863685  2.66788e-07
d_scale(1,15)      1.00357  4.98769e-06
coh_eff(1955)            0            0
coh_eff(1956)            0            0
coh_eff(1957)            0            0
coh_eff(1958)            0            0
coh_eff(1959)            0            0
coh_eff(1960)            0            0
coh_eff(1961)            0            0
coh_eff(1962)            0            0
coh_eff(1963)            0            0
coh_eff(1964)            0            0
coh_eff(1965)            0            0
coh_eff(1966)            0            0
coh_eff(1967)            0            0
coh_eff(1968)            0            0
coh_eff(1969)            0            0
coh_eff(1970)            0            0
coh_eff(1971)    -0.174323  6.72546e-08
coh_eff(1972)     0.306421  4.61784e-07
coh_eff(1973)    0.0390724  4.21071e-07
coh_eff(1974)     0.531743  9.97668e-07
coh_eff(1975)    -0.412214 -1.47453e-06
coh_eff(1976)     0.532175 -7.97671e-07
coh_eff(1977)    -0.453931  1.17942e-06
coh_eff(1978)     0.450572   2.9668e-07
coh_eff(1979)    0.0472288  3.38241e-06
coh_eff(1980)   -0.0884758  1.31982e-06
coh_eff(1981)    -0.393548 -5.87123e-06
coh_eff(1982)    -0.577961 -2.17491e-06
coh_eff(1983)     0.581888  3.66221e-06
coh_eff(1984)     0.662105 -1.33595e-05
coh_eff(1985)      1.15135 -2.10413e-06
coh_eff(1986)   -0.0378492   -1.481e-06
coh_eff(1987)     0.619849 -1.39879e-05
coh_eff(1988)   -0.0222034 -6.95505e-07
coh_eff(1989)     -1.01852 -1.26827e-06
coh_eff(1990)    -0.872082  3.65372e-06
coh_eff(1991)    -0.963217 -2.83448e-06
coh_eff(1992)     0.852762 -7.60499e-06
coh_eff(1993)      1.78828 -1.63329e-05
coh_eff(1994)      0.50675 -1.88178e-05
coh_eff(1995)    -0.980142 -3.75406e-05
coh_eff(1996)   -0.0701877 -1.32248e-05
coh_eff(1997)     0.969765  -1.2526e-05
coh_eff(1998)     0.468247 -2.77641e-05
coh_eff(1999)     0.395471 -2.68033e-05
coh_eff(2000)   -0.0684585 -1.18838e-05
coh_eff(2001)     0.385649 -1.09591e-05
coh_eff(2002)     0.878651  1.78375e-05
coh_eff(2003)      1.45759  -9.3207e-07
coh_eff(2004)     0.414359   -9.373e-06
coh_eff(2005)    -0.801252  2.58772e-06
coh_eff(2006)     -1.12025   1.8052e-06
coh_eff(2007)    -0.451529  -1.6747e-05
coh_eff(2008)     -1.66794  1.14678e-06
coh_eff(2009)    -0.772619  2.04176e-05
coh_eff(2010)     -1.53472  -8.0675e-06
coh_eff(2011)     -2.03099 -1.52587e-05
coh_eff(2012)     -1.88351 -4.84389e-06
coh_eff(2013)     -1.15567 -3.60319e-06
coh_eff(2014)     0.725716 -1.07704e-05
coh_eff(2015)     0.775548  1.58224e-05
coh_eff(2016)    0.0220587 -2.65808e-05
coh_eff(2017)     0.326546 -5.08616e-06
coh_eff(2018)     0.567605  1.16312e-05
coh_eff(2019)      1.41456  2.60866e-07
coh_eff(2020)     0.374874 -6.56817e-06
coh_eff(2021)     0.189904 -5.43612e-06
coh_eff(2022)      1.11949 -7.73337e-06
coh_eff(2023)      1.66812  1.79905e-06
coh_eff(2024)     0.354273 -5.52815e-07
coh_eff(2025)            0            0
coh_eff(2026)            0            0
yr_eff(1970)            0            0
yr_eff(1971)     0.173551 -3.90563e-08
yr_eff(1972)  -0.00300703  2.90677e-07
yr_eff(1973)     0.308491  4.80583e-07
yr_eff(1974)     0.365071  9.56525e-07
yr_eff(1975)       1.5963  3.66583e-07
yr_eff(1976)     0.449983 -1.94524e-06
yr_eff(1977)      2.08953 -7.06452e-06
yr_eff(1978)     0.408935  1.09668e-06
yr_eff(1979)      1.21191 -1.19407e-06
yr_eff(1980)      1.29396  1.05872e-05
yr_eff(1981)     0.913715  1.17204e-05
yr_eff(1982)     0.186395  -4.6383e-06
yr_eff(1983)     0.946769 -7.96284e-06
yr_eff(1984)    -0.522567  6.47672e-06
yr_eff(1985)      0.19448 -1.84465e-05
yr_eff(1986)     -1.38398 -1.49645e-05
yr_eff(1987)    -0.523553  1.09315e-05
yr_eff(1988)    -0.965512 -9.64946e-06
yr_eff(1989)     -0.69176 -3.31869e-05
yr_eff(1990)     0.532205 -2.80918e-05
yr_eff(1991)     0.254749 -1.32149e-05
yr_eff(1992)     0.266519 -1.90902e-05
yr_eff(1993)      1.04645  -3.2187e-05
yr_eff(1994)     0.161365 -2.80327e-05
yr_eff(1995)    -0.266973 -2.20321e-05
yr_eff(1996)    -0.495524 -4.58046e-05
yr_eff(1997)    -0.103362 -9.84149e-05
yr_eff(1998)    -0.399312 -6.43412e-05
yr_eff(1999)    -0.222823 -7.85166e-05
yr_eff(2000)    -0.121403 -6.46827e-05
yr_eff(2001)     0.660468 -5.86652e-05
yr_eff(2002)     0.129535 -4.07752e-05
yr_eff(2003)    0.0186953 -1.57242e-05
yr_eff(2004)    -0.211623   8.5114e-07
yr_eff(2005)    -0.655893  6.37822e-06
yr_eff(2006)   -0.0297589 -3.23021e-05
yr_eff(2007)      1.07527 -1.38101e-05
yr_eff(2008)     0.487862 -1.23563e-06
yr_eff(2009)      1.55114 -4.11306e-06
yr_eff(2010)     0.723351  4.40392e-05
yr_eff(2011)     0.870444  9.58979e-06
yr_eff(2012)     0.236104  6.75132e-06
yr_eff(2013)     0.655274 -1.65444e-05
yr_eff(2014)     0.787419   7.7387e-06
yr_eff(2015)     -2.04374 -1.71273e-07
yr_eff(2016)    -0.258236 -1.27521e-05
yr_eff(2017)    0.0174494 -5.24185e-06
yr_eff(2018)    -0.798285 -1.14539e-05
yr_eff(2019)     0.881217 -1.12791e-06
yr_eff(2020)     -1.54825  6.40678e-06
yr_eff(2021)     -1.33076 -2.96969e-06
yr_eff(2022)   -0.0141347  3.64814e-05
yr_eff(2023)     -3.22027 -3.72214e-06
yr_eff(2024)      0.94571 -1.11154e-06
yr_eff(2025)            0            0
yr_eff(2026)            0            0
yr_eff(2027)            0            0
yr_eff(2028)            0            0
yr_eff(2029)            0            0
