ParName   Value   Gradient
log_avgrec      9.78266 -0.000120042
log_avginit      4.69729  1.28629e-05
log_avg_F     -1.23743 -1.45659e-05
log_q_ats     -0.53279 -3.91138e-05
log_Rzero      10.1043  4.13883e-07
steepness     0.594371  1.30476e-06
log_q_cpue      0.22698  3.64635e-06
log_q_avo     -8.09203  3.81796e-05
log_initdevs(2)      3.36548  8.17795e-05
log_initdevs(3)      2.86857  6.75503e-05
log_initdevs(4)      1.31089  2.73249e-05
log_initdevs(5)     0.477061  2.05646e-05
log_initdevs(6)      1.14664  4.19173e-05
log_initdevs(7)     0.346992  1.39634e-05
log_initdevs(8)    -0.793444  5.95983e-06
log_initdevs(9)     -1.25165  1.57753e-06
log_initdevs(10)     -1.24701  4.63284e-06
log_initdevs(11)     -1.24387  2.49752e-07
log_initdevs(12)     -1.24202 -3.47482e-06
log_initdevs(13)     -1.24398  9.28974e-06
log_initdevs(14)     -1.24581  1.13305e-05
log_initdevs(15)     -1.24784  1.29579e-07
log_rec_devs(1964)     -1.07192  1.63573e-05
log_rec_devs(1965)     0.133598 -1.41654e-06
log_rec_devs(1966)    -0.184468    2.584e-05
log_rec_devs(1967)     0.359294  7.46171e-05
log_rec_devs(1968)     0.224778  6.23051e-05
log_rec_devs(1969)     0.397721  0.000100983
log_rec_devs(1970)     0.290406  8.00598e-05
log_rec_devs(1971)    -0.203589  1.18093e-05
log_rec_devs(1972)    -0.409612 -4.48759e-05
log_rec_devs(1973)     0.419754 -7.84395e-05
log_rec_devs(1974)     0.107443 -0.000166375
log_rec_devs(1975)   -0.0406608 -0.000135358
log_rec_devs(1976)    -0.310003 -0.000180001
log_rec_devs(1977)    -0.193228 -0.000262514
log_rec_devs(1978)     0.312878 -0.000335984
log_rec_devs(1979)      1.19696 -0.000580144
log_rec_devs(1980)     0.228211 -0.000224388
log_rec_devs(1981)     0.589422 -0.000107475
log_rec_devs(1982)   -0.0641748  5.15698e-05
log_rec_devs(1983)      1.00997  0.000131837
log_rec_devs(1984)    -0.274072  7.18554e-05
log_rec_devs(1985)     0.563928  0.000172786
log_rec_devs(1986)    -0.439491 -3.58372e-05
log_rec_devs(1987)    -0.940139   0.00018815
log_rec_devs(1988)      -1.1723  5.71407e-06
log_rec_devs(1989)    -0.420366   9.7578e-05
log_rec_devs(1990)      1.00933  1.90723e-06
log_rec_devs(1991)     0.320822 -5.40564e-05
log_rec_devs(1992)    0.0965434 -0.000141109
log_rec_devs(1993)      0.86284  6.73012e-06
log_rec_devs(1994)    -0.174037 -4.81549e-05
log_rec_devs(1995)    -0.569037 -0.000121793
log_rec_devs(1996)      0.25223 -0.000227733
log_rec_devs(1997)     0.578366 -0.000277444
log_rec_devs(1998)    -0.179079  2.07807e-05
log_rec_devs(1999)    -0.121723 -6.36859e-05
log_rec_devs(2000)     0.332629  -0.00011713
log_rec_devs(2001)     0.665523 -1.38445e-06
log_rec_devs(2002)      0.27177  2.13883e-05
log_rec_devs(2003)     -0.23796  7.87042e-05
log_rec_devs(2004)     -1.03276  8.52157e-05
log_rec_devs(2005)     -1.36444  3.94913e-05
log_rec_devs(2006)    -0.428125 -0.000117239
log_rec_devs(2007)     0.271094 -5.42215e-06
log_rec_devs(2008)    -0.484236 -2.21885e-05
log_rec_devs(2009)     0.877756 -0.000209417
log_rec_devs(2010)     0.194264  2.72971e-05
log_rec_devs(2011)    -0.281946  4.28048e-05
log_rec_devs(2012)    -0.480878  3.61793e-05
log_rec_devs(2013)     0.831746  0.000148422
log_rec_devs(2014)     0.957424 -8.19161e-05
log_rec_devs(2015)     0.101228 -3.52834e-05
log_rec_devs(2016)     -1.01564 -6.06263e-05
log_rec_devs(2017)     -1.07584  6.81429e-05
log_rec_devs(2018)    -0.249898 -7.79646e-05
log_rec_devs(2019)      1.61252  0.000242167
log_rec_devs(2020)    0.0493393 -2.21555e-05
log_rec_devs(2021)    -0.624642  1.63269e-05
log_rec_devs(2022)    -0.719054  1.30589e-05
log_rec_devs(2023)     -0.33227 -2.06949e-05
log_rec_devs(2024)   -0.0242046 -2.41036e-06
log_F_devs(1964)    -0.693488  0.000123059
log_F_devs(1965)    -0.671606  5.52275e-05
log_F_devs(1966)    -0.751035  2.48794e-05
log_F_devs(1967)    -0.207056  0.000128707
log_F_devs(1968)    -0.229198 -4.49146e-05
log_F_devs(1969)    -0.186734 -0.000144904
log_F_devs(1970)      0.17929  9.69404e-06
log_F_devs(1971)     0.527038  8.56685e-05
log_F_devs(1972)     0.634975  0.000148469
log_F_devs(1973)      0.76405  0.000174249
log_F_devs(1974)     0.825266  3.49501e-05
log_F_devs(1975)     0.626807  0.000185443
log_F_devs(1976)     0.507267  0.000306522
log_F_devs(1977)     0.377109  7.88553e-05
log_F_devs(1978)     0.446151 -7.25668e-05
log_F_devs(1979)     0.465671  6.63958e-06
log_F_devs(1980)     0.372759  0.000165149
log_F_devs(1981)    0.0558126 -0.000132282
log_F_devs(1982)     -0.36224 -0.000566814
log_F_devs(1983)    -0.525314 -0.000838667
log_F_devs(1984)    -0.521444 -0.000447887
log_F_devs(1985)    -0.510309 -0.000463896
log_F_devs(1986)    -0.592051 -0.000604712
log_F_devs(1987)    -0.909623  4.45246e-05
log_F_devs(1988)    -0.598289  0.000237203
log_F_devs(1989)    -0.567757   3.9492e-05
log_F_devs(1990)    -0.135171  0.000158836
log_F_devs(1991)     0.115335  0.000171243
log_F_devs(1992)     0.500983  0.000297876
log_F_devs(1993)     0.102782  0.000267021
log_F_devs(1994)    -0.156513  0.000317794
log_F_devs(1995)    -0.192066  0.000213696
log_F_devs(1996)   -0.0315981   0.00019224
log_F_devs(1997)    0.0212399  0.000150716
log_F_devs(1998)    -0.159467  2.58634e-05
log_F_devs(1999)    -0.378942  0.000310392
log_F_devs(2000)    -0.307013  0.000189791
log_F_devs(2001)    -0.215318  0.000227271
log_F_devs(2002)    -0.076309  0.000253199
log_F_devs(2003)   -0.0433454  0.000186902
log_F_devs(2004)    -0.197988   0.00021787
log_F_devs(2005)    -0.281424 -2.38677e-05
log_F_devs(2006)   -0.0695172  0.000124034
log_F_devs(2007)    0.0133799 -4.38066e-05
log_F_devs(2008)     0.132762 -5.81507e-06
log_F_devs(2009)     0.126537  7.69062e-05
log_F_devs(2010)   -0.0336932   7.8229e-05
log_F_devs(2011)       0.2944 -9.61704e-05
log_F_devs(2012)     0.349147  -5.6164e-05
log_F_devs(2013)     0.353436  3.60183e-05
log_F_devs(2014)     0.378418  9.29007e-05
log_F_devs(2015)     0.519143  1.37008e-05
log_F_devs(2016)     0.208519 -0.000123266
log_F_devs(2017)     0.182941  9.80547e-05
log_F_devs(2018)   -0.0631909  3.79803e-05
log_F_devs(2019)    0.0283883 -9.96788e-05
log_F_devs(2020)     0.313147 -0.000356725
log_F_devs(2021)     0.314297 -0.000339464
log_F_devs(2022)    0.0252427 -0.000215819
log_F_devs(2023)   0.00878585 -3.27563e-05
log_F_devs(2024)    -0.103377 -0.000358022
sel_devs_fsh(1,1)    0.0524528  3.72247e-05
sel_devs_fsh(1,2)    0.0887631 -6.23896e-05
sel_devs_fsh(1,3)     0.136285   5.3722e-05
sel_devs_fsh(1,4)   -0.0461334 -0.000222404
sel_devs_fsh(1,5)    -0.044448  9.49586e-05
sel_devs_fsh(1,6)   -0.0573852 -0.000645243
sel_devs_fsh(1,7)   -0.0486541  7.14379e-05
sel_devs_fsh(1,8)   -0.0381648  0.000184959
sel_devs_fsh(1,9)    -0.025655 -0.000592075
sel_devs_fsh(1,10)   -0.0138597   0.00194303
sel_devs_fsh(1,11)   -0.0046129  -0.00117651
sel_devs_fsh(1,12)   0.00139741  8.79408e-05
sel_devs_fsh(2,1)     0.060657  2.49142e-05
sel_devs_fsh(2,2)    0.0961263   4.3063e-05
sel_devs_fsh(2,3)      0.23528 -1.54031e-05
sel_devs_fsh(2,4)    -0.145748 -0.000246624
sel_devs_fsh(2,5)    -0.096595  0.000114707
sel_devs_fsh(2,6)   -0.0771178 -0.000660077
sel_devs_fsh(2,7)   -0.0558541  0.000163283
sel_devs_fsh(2,8)   -0.0341381  0.000208168
sel_devs_fsh(2,9)    -0.018997 -0.000547719
sel_devs_fsh(2,10)  -0.00048588   0.00193075
sel_devs_fsh(2,11)    0.0148189  -0.00113782
sel_devs_fsh(2,12)    0.0220537  0.000119866
sel_devs_fsh(3,1)     0.127579  1.22616e-05
sel_devs_fsh(3,2)    0.0978317  -9.8657e-05
sel_devs_fsh(3,3)   0.00111717  8.58078e-06
sel_devs_fsh(3,4)   -0.0111058 -0.000199088
sel_devs_fsh(3,5)   -0.0632545  0.000127099
sel_devs_fsh(3,6)   -0.0659338 -0.000642032
sel_devs_fsh(3,7)   -0.0642051   0.00015965
sel_devs_fsh(3,8)    -0.039715  0.000253688
sel_devs_fsh(3,9)   -0.0175026 -0.000567347
sel_devs_fsh(3,10)   0.00233857   0.00190147
sel_devs_fsh(3,11)    0.0149352  -0.00115076
sel_devs_fsh(3,12)    0.0179119  0.000148638
sel_devs_fsh(4,1)      0.13573  3.05651e-05
sel_devs_fsh(4,2)    0.0667591 -4.92809e-05
sel_devs_fsh(4,3)     0.152635  3.17744e-05
sel_devs_fsh(4,4)    -0.115934  -0.00022059
sel_devs_fsh(4,5)    -0.114462  9.60424e-05
sel_devs_fsh(4,6)    -0.107835 -0.000639182
sel_devs_fsh(4,7)   -0.0832066  0.000112635
sel_devs_fsh(4,8)   -0.0262717  0.000308121
sel_devs_fsh(4,9) -0.000795436 -0.000641388
sel_devs_fsh(4,10)     0.021982   0.00193296
sel_devs_fsh(4,11)     0.032243  -0.00115407
sel_devs_fsh(4,12)    0.0391552  0.000193674
sel_devs_fsh(5,1)     0.195012  2.83302e-05
sel_devs_fsh(5,2)     0.140006 -2.14997e-05
sel_devs_fsh(5,3)   -0.0328984  3.65697e-05
sel_devs_fsh(5,4)    -0.272377 -0.000175171
sel_devs_fsh(5,5)    -0.130494  6.59757e-05
sel_devs_fsh(5,6)    -0.116601 -0.000528432
sel_devs_fsh(5,7)   -0.0572241  5.87971e-05
sel_devs_fsh(5,8)   0.00390789  0.000464828
sel_devs_fsh(5,9)    0.0386473 -0.000741044
sel_devs_fsh(5,10)    0.0631517   0.00188659
sel_devs_fsh(5,11)     0.073741  -0.00119931
sel_devs_fsh(5,12)    0.0951342  0.000194676
sel_devs_fsh(6,1)    0.0171836 -9.25863e-07
sel_devs_fsh(6,2)    0.0323903  9.00231e-05
sel_devs_fsh(6,3)   -0.0785178  3.60981e-05
sel_devs_fsh(6,4)   -0.0587594 -0.000203493
sel_devs_fsh(6,5)   -0.0107173  2.32166e-05
sel_devs_fsh(6,6)   -0.0239819 -0.000491427
sel_devs_fsh(6,7)   -0.0574759  4.92578e-05
sel_devs_fsh(6,8)  -0.00159163  0.000449061
sel_devs_fsh(6,9)    0.0271837 -0.000709582
sel_devs_fsh(6,10)     0.042037   0.00193764
sel_devs_fsh(6,11)    0.0497721   -0.0012705
sel_devs_fsh(6,12)    0.0624833  0.000185708
sel_devs_fsh(7,1)    -0.228266   2.4294e-05
sel_devs_fsh(7,2)     0.199433  -2.9075e-07
sel_devs_fsh(7,3)     0.117995  2.69393e-05
sel_devs_fsh(7,4)    0.0755014 -0.000209814
sel_devs_fsh(7,5)   -0.0273968 -6.65526e-05
sel_devs_fsh(7,6)   -0.0139646 -0.000430596
sel_devs_fsh(7,7)   -0.0279656  8.65981e-05
sel_devs_fsh(7,8)    -0.038009    0.0005374
sel_devs_fsh(7,9)   -0.0150375 -0.000826066
sel_devs_fsh(7,10)  -0.00850821   0.00193516
sel_devs_fsh(7,11)   -0.0116222  -0.00127095
sel_devs_fsh(7,12)   -0.0221597  0.000198858
sel_devs_fsh(8,1)     -0.24923  5.09134e-05
sel_devs_fsh(8,2)     0.108313 -2.30709e-05
sel_devs_fsh(8,3)    0.0706579  1.71275e-05
sel_devs_fsh(8,4)     0.047131 -0.000267022
sel_devs_fsh(8,5)    0.0328465 -9.71986e-05
sel_devs_fsh(8,6)    0.0457633 -0.000294266
sel_devs_fsh(8,7)    0.0187937 -3.65127e-05
sel_devs_fsh(8,8)  -0.00711069  0.000523593
sel_devs_fsh(8,9)   -0.0121888 -0.000788638
sel_devs_fsh(8,10)   -0.0106322   0.00197938
sel_devs_fsh(8,11)     -0.01572  -0.00130304
sel_devs_fsh(8,12)   -0.0286238  0.000233336
sel_devs_fsh(9,1)    -0.205989  7.74423e-05
sel_devs_fsh(9,2)      0.14496 -6.33018e-05
sel_devs_fsh(9,3)     0.182324 -1.84031e-05
sel_devs_fsh(9,4)     0.036856 -0.000232603
sel_devs_fsh(9,5)   0.00468461 -0.000132784
sel_devs_fsh(9,6)  -0.00971432 -0.000282617
sel_devs_fsh(9,7)  -0.00996796 -4.28665e-05
sel_devs_fsh(9,8)   -0.0343862  0.000473553
sel_devs_fsh(9,9)   -0.0231604 -0.000771228
sel_devs_fsh(9,10)   -0.0191668   0.00199668
sel_devs_fsh(9,11)   -0.0244917   -0.0012571
sel_devs_fsh(9,12)   -0.0419485  0.000258842
sel_devs_fsh(10,1)    -0.186103 -6.71283e-06
sel_devs_fsh(10,2)    -0.174659  5.19985e-06
sel_devs_fsh(10,3)     0.131709  1.46415e-05
sel_devs_fsh(10,4)    0.0802362 -0.000209737
sel_devs_fsh(10,5)    0.0381526 -0.000137688
sel_devs_fsh(10,6)    0.0325412 -0.000264547
sel_devs_fsh(10,7)     0.026455 -2.89444e-05
sel_devs_fsh(10,8)   -0.0108838  0.000405676
sel_devs_fsh(10,9)    0.0029876  -0.00064382
sel_devs_fsh(10,10)    0.0180041    0.0017118
sel_devs_fsh(10,11)    0.0207668   -0.0011262
sel_devs_fsh(10,12)    0.0207921   0.00026139
sel_devs_fsh(11,1)    -0.183666  5.77264e-06
sel_devs_fsh(11,2)   -0.0707636 -3.68814e-05
sel_devs_fsh(11,3)   -0.0882053 -4.32679e-05
sel_devs_fsh(11,4)     0.090821 -0.000240605
sel_devs_fsh(11,5)    0.0752928 -9.24176e-05
sel_devs_fsh(11,6)    0.0622133 -0.000279587
sel_devs_fsh(11,7)    0.0546827  2.11804e-06
sel_devs_fsh(11,8)   0.00662189  0.000453462
sel_devs_fsh(11,9)   0.00754745 -0.000394323
sel_devs_fsh(11,10)    0.0137917   0.00146833
sel_devs_fsh(11,11)    0.0174081  -0.00108647
sel_devs_fsh(11,12)    0.0142576  0.000276153
sel_devs_fsh(12,1)    -0.172586 -3.63426e-05
sel_devs_fsh(12,2)    0.0257987 -3.64707e-05
sel_devs_fsh(12,3)    -0.126864 -6.75289e-05
sel_devs_fsh(12,4)   -0.0505478 -0.000245359
sel_devs_fsh(12,5)    0.0593842 -7.72485e-05
sel_devs_fsh(12,6)    0.0626296 -0.000309238
sel_devs_fsh(12,7)    0.0612101  2.31507e-05
sel_devs_fsh(12,8)    0.0234587  0.000332585
sel_devs_fsh(12,9)    0.0201071 -0.000247849
sel_devs_fsh(12,10)     0.026509   0.00139112
sel_devs_fsh(12,11)    0.0354719  -0.00100191
sel_devs_fsh(12,12)    0.0354308   0.00030018
sel_devs_fsh(13,1)    -0.212757  3.29918e-06
sel_devs_fsh(13,2)    -0.133497 -3.06364e-05
sel_devs_fsh(13,3)   -0.0327423 -7.16302e-05
sel_devs_fsh(13,4)   -0.0288065 -0.000304733
sel_devs_fsh(13,5)    0.0448692 -6.40512e-05
sel_devs_fsh(13,6)    0.0539328 -0.000313583
sel_devs_fsh(13,7)    0.0687628  6.24819e-05
sel_devs_fsh(13,8)    0.0576317  0.000238151
sel_devs_fsh(13,9)    0.0468837 -0.000137877
sel_devs_fsh(13,10)    0.0415226   0.00115688
sel_devs_fsh(13,11)    0.0472615 -0.000887505
sel_devs_fsh(13,12)    0.0469378  0.000337335
sel_devs_fsh(14,1)     -0.17194  4.33308e-05
sel_devs_fsh(14,2)    -0.325649 -7.10171e-05
sel_devs_fsh(14,3)    -0.179805 -9.37757e-05
sel_devs_fsh(14,4)   -0.0367051 -0.000281375
sel_devs_fsh(14,5)    0.0732192 -0.000106287
sel_devs_fsh(14,6)     0.133328 -0.000284189
sel_devs_fsh(14,7)     0.115182 -4.36378e-08
sel_devs_fsh(14,8)     0.113976  0.000221835
sel_devs_fsh(14,9)    0.0924461 -7.90964e-05
sel_devs_fsh(14,10)    0.0653805  0.000970559
sel_devs_fsh(14,11)    0.0604541 -0.000792381
sel_devs_fsh(14,12)    0.0601046  0.000335943
sel_devs_fsh(15,1)    -0.191392  0.000119285
sel_devs_fsh(15,2)    -0.465436 -8.66025e-05
sel_devs_fsh(15,3)    -0.200209 -7.62253e-05
sel_devs_fsh(15,4)    0.0507855 -0.000229105
sel_devs_fsh(15,5)     0.108491  -7.6328e-05
sel_devs_fsh(15,6)     0.133319 -0.000248233
sel_devs_fsh(15,7)     0.133321 -3.45433e-06
sel_devs_fsh(15,8)     0.127071  0.000253087
sel_devs_fsh(15,9)    0.0876018 -3.55061e-05
sel_devs_fsh(15,10)    0.0710104  0.000824533
sel_devs_fsh(15,11)    0.0723728 -0.000669029
sel_devs_fsh(15,12)    0.0730761  0.000395101
sel_devs_fsh(16,1)    -0.170178 -9.72404e-07
sel_devs_fsh(16,2)    -0.230843 -7.64744e-06
sel_devs_fsh(16,3)    -0.270469 -0.000110352
sel_devs_fsh(16,4)    0.0554455 -0.000276237
sel_devs_fsh(16,5)    0.0873904 -3.97271e-05
sel_devs_fsh(16,6)    0.0682557 -0.000275253
sel_devs_fsh(16,7)    0.0743277  7.06916e-06
sel_devs_fsh(16,8)    0.0908658  0.000305294
sel_devs_fsh(16,9)    0.0821228 -4.97302e-05
sel_devs_fsh(16,10)    0.0615853    0.0006339
sel_devs_fsh(16,11)    0.0642434 -0.000605176
sel_devs_fsh(16,12)    0.0872513  0.000393464
sel_devs_fsh(17,1)    -0.134578 -3.70165e-05
sel_devs_fsh(17,2)    -0.118294 -7.19266e-05
sel_devs_fsh(17,3)    -0.243187 -5.81402e-05
sel_devs_fsh(17,4)   -0.0158653 -0.000250237
sel_devs_fsh(17,5)    0.0935065 -5.03236e-05
sel_devs_fsh(17,6)    0.0391243 -0.000232497
sel_devs_fsh(17,7)    0.0432814 -7.60522e-06
sel_devs_fsh(17,8)    0.0624393  0.000324871
sel_devs_fsh(17,9)    0.0653836 -6.87163e-05
sel_devs_fsh(17,10)    0.0554573  0.000541636
sel_devs_fsh(17,11)     0.061802 -0.000491499
sel_devs_fsh(17,12)    0.0909289  0.000375706
sel_devs_fsh(18,1)    -0.150843 -1.99602e-05
sel_devs_fsh(18,2)      0.09248 -7.92572e-05
sel_devs_fsh(18,3)    -0.116277 -0.000114756
sel_devs_fsh(18,4)    -0.105884 -0.000120946
sel_devs_fsh(18,5)   -0.0476583  1.78287e-06
sel_devs_fsh(18,6)    0.0588693 -0.000204307
sel_devs_fsh(18,7)    0.0426727 -9.85596e-06
sel_devs_fsh(18,8)    0.0289624  0.000284605
sel_devs_fsh(18,9)    0.0284539 -6.78747e-05
sel_devs_fsh(18,10)    0.0388711  0.000403104
sel_devs_fsh(18,11)    0.0503026 -0.000380922
sel_devs_fsh(18,12)    0.0800485  0.000286469
sel_devs_fsh(19,1)    -0.141825  3.88139e-05
sel_devs_fsh(19,2)    -0.167937 -5.81959e-05
sel_devs_fsh(19,3)    0.0481246  1.26201e-05
sel_devs_fsh(19,4)    -0.108967 -0.000182573
sel_devs_fsh(19,5)     0.110349  0.000100366
sel_devs_fsh(19,6)    0.0468806 -0.000204287
sel_devs_fsh(19,7)    0.0617734  5.65071e-06
sel_devs_fsh(19,8)    0.0381415  0.000294609
sel_devs_fsh(19,9)    0.0219055 -8.82784e-05
sel_devs_fsh(19,10)    0.0158714  0.000324891
sel_devs_fsh(19,11)    0.0262745 -0.000387689
sel_devs_fsh(19,12)    0.0494086  0.000132302
sel_devs_fsh(20,1)    -0.158927  6.76022e-05
sel_devs_fsh(20,2)    0.0309449 -1.18509e-05
sel_devs_fsh(20,3)     0.118386 -0.000149601
sel_devs_fsh(20,4)   -0.0784201 -7.77624e-05
sel_devs_fsh(20,5)    -0.269117  9.57999e-05
sel_devs_fsh(20,6)     0.106802 -0.000121083
sel_devs_fsh(20,7)    0.0824502  6.30421e-05
sel_devs_fsh(20,8)    0.0798442  0.000274411
sel_devs_fsh(20,9)    0.0209639   3.4231e-05
sel_devs_fsh(20,10)    0.0180274  0.000251862
sel_devs_fsh(20,11)     0.015736 -0.000387647
sel_devs_fsh(20,12)    0.0333131   1.7805e-05
sel_devs_fsh(21,1)    -0.167705   1.8419e-05
sel_devs_fsh(21,2)   -0.0457021 -7.66511e-05
sel_devs_fsh(21,3)    0.0685344 -3.10558e-05
sel_devs_fsh(21,4)     0.157002 -7.50021e-05
sel_devs_fsh(21,5)  -0.00243964  0.000164131
sel_devs_fsh(21,6)   -0.0889744 -0.000123416
sel_devs_fsh(21,7)    0.0306839  8.18773e-05
sel_devs_fsh(21,8)  -0.00816467  0.000196783
sel_devs_fsh(21,9)    0.0570799  3.18931e-05
sel_devs_fsh(21,10)   0.00318095  0.000218905
sel_devs_fsh(21,11)   -0.0117652 -0.000290891
sel_devs_fsh(21,12)   0.00827198  -8.2932e-05
sel_devs_fsh(22,1)    -0.169985  2.71098e-05
sel_devs_fsh(22,2)   -0.0942231  5.56121e-06
sel_devs_fsh(22,3)      0.11137 -2.00486e-05
sel_devs_fsh(22,4)   -0.0914964 -9.55503e-05
sel_devs_fsh(22,5)   0.00890766  0.000116018
sel_devs_fsh(22,6)  -0.00847246 -6.89684e-05
sel_devs_fsh(22,7)    -0.100828  9.78572e-05
sel_devs_fsh(22,8)     0.124741  0.000213909
sel_devs_fsh(22,9)     0.115205  7.95029e-05
sel_devs_fsh(22,10)    0.0889898   0.00014139
sel_devs_fsh(22,11)    0.0204911  -0.00032136
sel_devs_fsh(22,12)  -0.00470053 -0.000181992
sel_devs_fsh(23,1)    -0.204077  5.95429e-06
sel_devs_fsh(23,2)    -0.134343 -3.15942e-05
sel_devs_fsh(23,3)     0.436505 -2.95378e-05
sel_devs_fsh(23,4)    0.0395856  6.40786e-05
sel_devs_fsh(23,5)     0.121753   0.00017801
sel_devs_fsh(23,6)   -0.0477422 -7.70714e-05
sel_devs_fsh(23,7)     0.159047  0.000129793
sel_devs_fsh(23,8)   -0.0725563   0.00017028
sel_devs_fsh(23,9)   -0.0907539  8.64497e-05
sel_devs_fsh(23,10)    -0.101064  8.37016e-05
sel_devs_fsh(23,11)    -0.049811 -0.000298789
sel_devs_fsh(23,12)   -0.0565361 -0.000187265
sel_devs_fsh(24,1)    -0.169719 -5.04258e-05
sel_devs_fsh(24,2)   -0.0916649 -4.84459e-05
sel_devs_fsh(24,3)     -0.41087 -0.000142703
sel_devs_fsh(24,4)     0.114559 -2.22033e-05
sel_devs_fsh(24,5)    0.0138157  0.000131911
sel_devs_fsh(24,6)     0.104391 -8.87944e-06
sel_devs_fsh(24,7)     0.151665  9.24788e-05
sel_devs_fsh(24,8)     0.141922  0.000159427
sel_devs_fsh(24,9)    0.0443448  0.000116718
sel_devs_fsh(24,10)    0.0836744  4.54756e-05
sel_devs_fsh(24,11)    0.0455664 -0.000265631
sel_devs_fsh(24,12)   -0.0276936 -0.000157134
sel_devs_fsh(25,1)    -0.154681  2.15222e-05
sel_devs_fsh(25,2)   -0.0525389 -6.57433e-05
sel_devs_fsh(25,3)     -0.38179  8.80442e-05
sel_devs_fsh(25,4)     0.021079 -9.44988e-06
sel_devs_fsh(25,5)    0.0790237  0.000137138
sel_devs_fsh(25,6)    0.0368293 -0.000201124
sel_devs_fsh(25,7)    0.0177168  0.000130772
sel_devs_fsh(25,8)    0.0733783  0.000185882
sel_devs_fsh(25,9)     0.092638  0.000217957
sel_devs_fsh(25,10)    0.0218453 -4.35543e-05
sel_devs_fsh(25,11)     0.168675 -0.000136159
sel_devs_fsh(25,12)     0.077836 -0.000149227
sel_devs_fsh(26,1)    -0.070673  3.39732e-06
sel_devs_fsh(26,2)    0.0051656 -4.67645e-05
sel_devs_fsh(26,3)    -0.387328 -1.62906e-05
sel_devs_fsh(26,4)    -0.367501   5.5148e-06
sel_devs_fsh(26,5)    -0.185093  0.000150359
sel_devs_fsh(26,6)   -0.0816873 -9.64543e-05
sel_devs_fsh(26,7)    0.0716314  0.000117017
sel_devs_fsh(26,8)   -0.0476685  8.69783e-05
sel_devs_fsh(26,9)     0.175986  0.000276465
sel_devs_fsh(26,10)     0.124495  -0.00011824
sel_devs_fsh(26,11)     0.390346 -0.000132988
sel_devs_fsh(26,12)     0.372332 -0.000152798
sel_devs_fsh(27,1)    -0.146716  6.40059e-05
sel_devs_fsh(27,2)   -0.0514556 -6.69278e-05
sel_devs_fsh(27,3)     0.497395 -7.07197e-05
sel_devs_fsh(27,4)    -0.294841 -4.01993e-05
sel_devs_fsh(27,5)    -0.388005  9.77135e-05
sel_devs_fsh(27,6)   -0.0926006 -0.000173719
sel_devs_fsh(27,7)   -0.0638999  0.000100121
sel_devs_fsh(27,8)     0.184455  2.05408e-05
sel_devs_fsh(27,9)     0.142539  0.000250542
sel_devs_fsh(27,10)     0.244483 -0.000160083
sel_devs_fsh(27,11)   -0.0504739 -0.000117394
sel_devs_fsh(27,12)     0.019104 -0.000159248
sel_devs_fsh(28,1)    -0.150313 -9.90599e-05
sel_devs_fsh(28,2)    -0.483625 -4.02314e-05
sel_devs_fsh(28,3)    0.0104056 -3.05417e-05
sel_devs_fsh(28,4)     0.794323 -1.82484e-05
sel_devs_fsh(28,5)   -0.0223443  0.000126642
sel_devs_fsh(28,6)    -0.032192 -9.60147e-05
sel_devs_fsh(28,7)    0.0483158  0.000105223
sel_devs_fsh(28,8)    0.0500497  6.48077e-05
sel_devs_fsh(28,9)   -0.0261958  0.000297732
sel_devs_fsh(28,10)   -0.0256141 -0.000140895
sel_devs_fsh(28,11)    -0.152443  -7.5224e-05
sel_devs_fsh(28,12)   -0.0103668 -9.04365e-05
sel_devs_fsh(29,1)   -0.0694626  6.25322e-05
sel_devs_fsh(29,2)   -0.0296015  -6.0309e-05
sel_devs_fsh(29,3)    -0.748742 -7.15942e-05
sel_devs_fsh(29,4)    -0.232349 -0.000121426
sel_devs_fsh(29,5)     0.909942   0.00011335
sel_devs_fsh(29,6)     0.261345 -0.000139889
sel_devs_fsh(29,7)     0.025289  0.000190979
sel_devs_fsh(29,8)   -0.0377431 -1.56918e-05
sel_devs_fsh(29,9)    -0.058351  0.000303608
sel_devs_fsh(29,10)   -0.0445226 -0.000204428
sel_devs_fsh(29,11)     0.059459 -5.65586e-05
sel_devs_fsh(29,12)   -0.0352662 -5.16008e-05
sel_devs_fsh(30,1)   -0.0356121  4.53906e-05
sel_devs_fsh(30,2)     0.155065 -2.77417e-05
sel_devs_fsh(30,3)    -0.328856  -6.3117e-05
sel_devs_fsh(30,4)     -0.63856  -0.00013585
sel_devs_fsh(30,5)    -0.277385  0.000110874
sel_devs_fsh(30,6)     0.468499 -0.000160259
sel_devs_fsh(30,7)     0.128365  8.33463e-05
sel_devs_fsh(30,8)      0.18295  6.30314e-05
sel_devs_fsh(30,9)     0.127225  0.000334497
sel_devs_fsh(30,10)     0.122786 -0.000188665
sel_devs_fsh(30,11)    0.0743172 -4.02144e-05
sel_devs_fsh(30,12)    0.0212067   2.3735e-06
sel_devs_fsh(31,1)   -0.0408855 -3.95673e-05
sel_devs_fsh(31,2)      0.49639 -3.84975e-05
sel_devs_fsh(31,3)     0.255126 -0.000100307
sel_devs_fsh(31,4)    -0.832189 -0.000122237
sel_devs_fsh(31,5)    -0.694988  0.000101572
sel_devs_fsh(31,6)    -0.269998 -0.000152161
sel_devs_fsh(31,7)     0.279384  7.67806e-05
sel_devs_fsh(31,8)     0.301521  8.34654e-05
sel_devs_fsh(31,9)     0.227405  0.000353585
sel_devs_fsh(31,10)     0.165873 -0.000153616
sel_devs_fsh(31,11)    0.0675098  1.81389e-05
sel_devs_fsh(31,12)    0.0448541 -3.48887e-06
sel_devs_fsh(32,1)    -0.124963 -2.04801e-05
sel_devs_fsh(32,2)     0.325776 -6.24014e-05
sel_devs_fsh(32,3)     0.149599 -3.91741e-05
sel_devs_fsh(32,4)     0.620848 -0.000129283
sel_devs_fsh(32,5)    -0.058418  8.95656e-05
sel_devs_fsh(32,6)    -0.352963 -0.000150808
sel_devs_fsh(32,7)    -0.342884  3.20601e-05
sel_devs_fsh(32,8)    -0.365631  8.95275e-05
sel_devs_fsh(32,9)     0.013601  0.000293902
sel_devs_fsh(32,10)     0.039669  -0.00013225
sel_devs_fsh(32,11)    0.0423683 -1.95317e-05
sel_devs_fsh(32,12)    0.0529954  3.13152e-05
sel_devs_fsh(33,1)    -0.101407  1.25882e-05
sel_devs_fsh(33,2)    -0.388586 -5.14431e-05
sel_devs_fsh(33,3)     0.238572 -7.55037e-05
sel_devs_fsh(33,4)     0.237897 -0.000106914
sel_devs_fsh(33,5)     0.156808  1.90281e-05
sel_devs_fsh(33,6)     0.227481 -0.000148254
sel_devs_fsh(33,7)    -0.171843    2.801e-05
sel_devs_fsh(33,8)   0.00582092  0.000118486
sel_devs_fsh(33,9)   -0.0941966  0.000320484
sel_devs_fsh(33,10)   -0.0515488 -7.13795e-05
sel_devs_fsh(33,11)   -0.0402815 -3.40238e-05
sel_devs_fsh(33,12)   -0.0187096  7.62574e-05
sel_devs_fsh(34,1)    -0.138759  6.76727e-06
sel_devs_fsh(34,2)     -0.34696  8.36329e-06
sel_devs_fsh(34,3)     0.805202 -5.98407e-05
sel_devs_fsh(34,4)     0.407306 -8.65288e-05
sel_devs_fsh(34,5)     0.155486  8.19983e-06
sel_devs_fsh(34,6)    -0.292721 -0.000189029
sel_devs_fsh(34,7)     0.193184  2.53769e-05
sel_devs_fsh(34,8)   -0.0567681  0.000123796
sel_devs_fsh(34,9)     -0.24859  0.000320353
sel_devs_fsh(34,10)    -0.263237 -9.06672e-05
sel_devs_fsh(34,11)    -0.180253 -9.94631e-05
sel_devs_fsh(34,12)   -0.0338874  7.55664e-05
sel_devs_fsh(35,1)   -0.0842073  6.94046e-06
sel_devs_fsh(35,2)    -0.131718 -8.95325e-05
sel_devs_fsh(35,3)    -0.504962 -4.58956e-05
sel_devs_fsh(35,4)     0.286351 -9.26054e-05
sel_devs_fsh(35,5)     0.359726 -7.99406e-06
sel_devs_fsh(35,6)    0.0215059 -0.000216792
sel_devs_fsh(35,7)   -0.0850008  2.22448e-05
sel_devs_fsh(35,8)     0.201373  7.77047e-05
sel_devs_fsh(35,9)    0.0621837  0.000374587
sel_devs_fsh(35,10)  4.05524e-05 -8.72331e-05
sel_devs_fsh(35,11)   -0.0558933 -3.87588e-05
sel_devs_fsh(35,12)   -0.0693988  9.84118e-05
sel_devs_fsh(36,1)   -0.0496439  3.15585e-05
sel_devs_fsh(36,2)    -0.198436  2.17318e-06
sel_devs_fsh(36,3)    -0.422034  -8.2968e-05
sel_devs_fsh(36,4)    -0.248278 -9.88028e-05
sel_devs_fsh(36,5)     0.239369   3.0245e-06
sel_devs_fsh(36,6)     0.547973 -0.000255096
sel_devs_fsh(36,7)     0.125871  4.54084e-05
sel_devs_fsh(36,8)    -0.110284  2.63893e-05
sel_devs_fsh(36,9)   0.00847467  0.000405853
sel_devs_fsh(36,10)    0.0729783 -0.000108917
sel_devs_fsh(36,11)    0.0910152  -9.7815e-05
sel_devs_fsh(36,12)   -0.0570066  0.000115655
sel_devs_fsh(37,1)   -0.0807127 -4.23544e-05
sel_devs_fsh(37,2)     0.190765 -5.88607e-05
sel_devs_fsh(37,3)    0.0854381 -5.00268e-05
sel_devs_fsh(37,4)    0.0294702 -0.000112589
sel_devs_fsh(37,5)    -0.165753  4.94964e-05
sel_devs_fsh(37,6)    0.0367145 -0.000240347
sel_devs_fsh(37,7)    0.0079069  2.66757e-05
sel_devs_fsh(37,8)    0.0286114  5.02887e-05
sel_devs_fsh(37,9)     0.020449  0.000402585
sel_devs_fsh(37,10)   -0.0266381 -7.58288e-05
sel_devs_fsh(37,11)   -0.0640493 -8.80922e-05
sel_devs_fsh(37,12)   -0.0622021  0.000148417
sel_devs_fsh(38,1)   -0.0845072 -3.13591e-05
sel_devs_fsh(38,2)    -0.314261 -9.91075e-05
sel_devs_fsh(38,3)     0.719708 -9.86824e-05
sel_devs_fsh(38,4)   -0.0508216 -0.000132333
sel_devs_fsh(38,5)    0.0896741  2.14534e-05
sel_devs_fsh(38,6)    -0.100662 -0.000252003
sel_devs_fsh(38,7)    0.0388615 -5.02291e-05
sel_devs_fsh(38,8)   -0.0305803  9.18615e-05
sel_devs_fsh(38,9)   -0.0439797  0.000354313
sel_devs_fsh(38,10)   -0.0564005 -0.000158313
sel_devs_fsh(38,11)    -0.111694 -6.34746e-05
sel_devs_fsh(38,12)   -0.0553526  0.000183013
sel_devs_fsh(39,1)   -0.0457132  3.84329e-05
sel_devs_fsh(39,2)    -0.128666  7.02532e-05
sel_devs_fsh(39,3)    -0.647684 -0.000130785
sel_devs_fsh(39,4)     0.773184 -0.000113919
sel_devs_fsh(39,5)    0.0428374  2.86284e-05
sel_devs_fsh(39,6)   -0.0579355 -0.000247742
sel_devs_fsh(39,7)    0.0697002 -6.22289e-05
sel_devs_fsh(39,8)      0.01949  0.000101146
sel_devs_fsh(39,9)  3.05458e-05  0.000329685
sel_devs_fsh(39,10)  -0.00611774 -0.000212551
sel_devs_fsh(39,11)     0.021334 -3.25508e-05
sel_devs_fsh(39,12)   -0.0404607  0.000227509
sel_devs_fsh(40,1)   -0.0716811  4.80402e-07
sel_devs_fsh(40,2)    0.0865898 -4.62598e-05
sel_devs_fsh(40,3)    0.0238312  -0.00010753
sel_devs_fsh(40,4)    -0.325215 -9.65285e-05
sel_devs_fsh(40,5)     0.450683 -6.46718e-06
sel_devs_fsh(40,6)     0.256215 -0.000211123
sel_devs_fsh(40,7)   -0.0699441 -4.23741e-05
sel_devs_fsh(40,8)    -0.112037  0.000123302
sel_devs_fsh(40,9)   -0.0668165  0.000363079
sel_devs_fsh(40,10)   -0.0337973 -0.000218254
sel_devs_fsh(40,11)   -0.0480205  1.15925e-06
sel_devs_fsh(40,12)   -0.0898052  0.000272491
sel_devs_fsh(41,1)   -0.0928306 -1.14915e-05
sel_devs_fsh(41,2)     0.108785 -0.000103733
sel_devs_fsh(41,3)     0.560044 -9.56398e-05
sel_devs_fsh(41,4)   -0.0530863 -6.96568e-05
sel_devs_fsh(41,5)    -0.310209 -1.64284e-05
sel_devs_fsh(41,6)   -0.0717068  -0.00020927
sel_devs_fsh(41,7)    -0.058932  3.09899e-05
sel_devs_fsh(41,8)   -0.0135553  0.000106208
sel_devs_fsh(41,9)   -0.0478486  0.000385122
sel_devs_fsh(41,10)   -0.0366429 -0.000195584
sel_devs_fsh(41,11)  -0.00403537 -1.41704e-05
sel_devs_fsh(41,12)    0.0200263  0.000322124
sel_devs_fsh(42,1)   -0.0514889 -2.44265e-05
sel_devs_fsh(42,2)    0.0513199 -0.000154371
sel_devs_fsh(42,3)   -0.0645561 -8.71898e-05
sel_devs_fsh(42,4)   0.00572732  -0.00015063
sel_devs_fsh(42,5)  -0.00875378 -3.67546e-05
sel_devs_fsh(42,6)    0.0150759 -0.000294342
sel_devs_fsh(42,7) -0.000774142  8.66078e-05
sel_devs_fsh(42,8)   -0.0638792  4.97364e-05
sel_devs_fsh(42,9)   -0.0244938  0.000341425
sel_devs_fsh(42,10)    0.0108626 -0.000227719
sel_devs_fsh(42,11)     0.049498 -5.28616e-05
sel_devs_fsh(42,12)    0.0814459  0.000294686
sel_devs_fsh(43,1)  0.000879673  6.86236e-05
sel_devs_fsh(43,2)   -0.0299218 -8.31954e-07
sel_devs_fsh(43,3)    -0.542714 -0.000104879
sel_devs_fsh(43,4)    -0.160945 -0.000135619
sel_devs_fsh(43,5)   -0.0964823  -1.8124e-05
sel_devs_fsh(43,6)    0.0832616 -0.000298812
sel_devs_fsh(43,7)    0.0785065  0.000106807
sel_devs_fsh(43,8)     0.103436  2.23118e-05
sel_devs_fsh(43,9)      0.12661  0.000340568
sel_devs_fsh(43,10)    0.0514647 -0.000218109
sel_devs_fsh(43,11)     0.194867   -6.551e-05
sel_devs_fsh(43,12)     0.191037   0.00028004
sel_devs_fsh(44,1)   -0.0339773   3.5239e-05
sel_devs_fsh(44,2)    -0.315865 -0.000109753
sel_devs_fsh(44,3)     0.240855 -7.52325e-05
sel_devs_fsh(44,4)    0.0192752  -0.00011489
sel_devs_fsh(44,5)    -0.182888 -1.95533e-05
sel_devs_fsh(44,6)    -0.123018 -0.000271116
sel_devs_fsh(44,7)   -0.0297802  0.000107177
sel_devs_fsh(44,8)  -0.00271477  2.96318e-05
sel_devs_fsh(44,9)   -0.0197603  0.000343002
sel_devs_fsh(44,10)     0.166238 -0.000214975
sel_devs_fsh(44,11)     0.156378 -3.88236e-05
sel_devs_fsh(44,12)     0.125256  0.000300339
sel_devs_fsh(45,1)  -0.00594531  1.12941e-05
sel_devs_fsh(45,2)    0.0661857 -6.00588e-05
sel_devs_fsh(45,3)    -0.542346  -7.4577e-05
sel_devs_fsh(45,4)     0.493548 -0.000128414
sel_devs_fsh(45,5)     0.146069  -2.8584e-05
sel_devs_fsh(45,6)      -0.2747 -0.000265713
sel_devs_fsh(45,7)    -0.101627  6.21988e-05
sel_devs_fsh(45,8)     0.107356  2.04709e-05
sel_devs_fsh(45,9)     0.109455  0.000294469
sel_devs_fsh(45,10)  -0.00313099 -0.000219619
sel_devs_fsh(45,11)   -0.0656198 -5.60052e-05
sel_devs_fsh(45,12)    0.0707435  0.000250243
sel_devs_fsh(46,1)  -0.00875898 -3.93701e-05
sel_devs_fsh(46,2)    -0.128234 -8.52823e-05
sel_devs_fsh(46,3) -0.000715746 -4.45424e-05
sel_devs_fsh(46,4)    -0.987438 -0.000102381
sel_devs_fsh(46,5)     0.480685  1.33456e-05
sel_devs_fsh(46,6)     0.348435 -0.000249655
sel_devs_fsh(46,7)     0.121445  0.000113087
sel_devs_fsh(46,8)  0.000388292  3.99316e-05
sel_devs_fsh(46,9)    0.0464652  0.000330004
sel_devs_fsh(46,10)     0.136555 -0.000213407
sel_devs_fsh(46,11)    0.0454242 -1.19075e-05
sel_devs_fsh(46,12)   -0.0542505  0.000267517
sel_devs_fsh(47,1)   -0.0251412 -5.93419e-06
sel_devs_fsh(47,2)     0.156475 -2.49255e-05
sel_devs_fsh(47,3)    0.0779034 -4.81181e-05
sel_devs_fsh(47,4)     0.552035 -9.88731e-05
sel_devs_fsh(47,5)     -0.99073  3.21039e-05
sel_devs_fsh(47,6)    0.0455421 -0.000229503
sel_devs_fsh(47,7)    0.0386863  7.59516e-05
sel_devs_fsh(47,8)    0.0605888  7.63977e-05
sel_devs_fsh(47,9)    0.0215062  0.000338875
sel_devs_fsh(47,10)   -0.0490632  -0.00017376
sel_devs_fsh(47,11)    0.0305423 -0.000140828
sel_devs_fsh(47,12)    0.0816572  0.000233459
sel_devs_fsh(48,1)    0.0105252 -4.25962e-05
sel_devs_fsh(48,2)    -0.232687 -0.000107268
sel_devs_fsh(48,3)   -0.0326869 -4.59063e-05
sel_devs_fsh(48,4)    -0.257809 -0.000132509
sel_devs_fsh(48,5)     0.440748  2.62981e-05
sel_devs_fsh(48,6)    -0.507627 -0.000195669
sel_devs_fsh(48,7)    -0.067027  3.59399e-05
sel_devs_fsh(48,8)    0.0710402  5.87118e-06
sel_devs_fsh(48,9)     0.152528   0.00031812
sel_devs_fsh(48,10)     0.188118 -0.000195578
sel_devs_fsh(48,11)     0.143071  1.87776e-05
sel_devs_fsh(48,12)    0.0918008   0.00021306
sel_devs_fsh(49,1)   -0.0134283  5.03043e-05
sel_devs_fsh(49,2)     0.117439  -0.00014158
sel_devs_fsh(49,3)   -0.0525798 -3.97785e-05
sel_devs_fsh(49,4)    -0.209019 -0.000104563
sel_devs_fsh(49,5)    -0.254284  1.21094e-05
sel_devs_fsh(49,6)     0.200731 -0.000197929
sel_devs_fsh(49,7)      0.22936  5.42554e-05
sel_devs_fsh(49,8)   -0.0296525  5.84603e-05
sel_devs_fsh(49,9)   -0.0770166  0.000280286
sel_devs_fsh(49,10)    0.0482221 -0.000147884
sel_devs_fsh(49,11)    0.0200634  -6.6467e-05
sel_devs_fsh(49,12)    0.0201635  0.000222036
sel_devs_fsh(50,1)  -0.00739742  3.72349e-05
sel_devs_fsh(50,2)    -0.528757 -7.66164e-05
sel_devs_fsh(50,3)      1.03955 -3.68764e-05
sel_devs_fsh(50,4)     0.203156 -0.000122362
sel_devs_fsh(50,5)    -0.234463 -2.31501e-05
sel_devs_fsh(50,6)    -0.255897 -0.000182609
sel_devs_fsh(50,7)    -0.240201  4.92966e-06
sel_devs_fsh(50,8)  -0.00654955  9.09063e-05
sel_devs_fsh(50,9)  0.000110258  0.000312306
sel_devs_fsh(50,10) -0.000557236 -0.000145303
sel_devs_fsh(50,11)    0.0151346 -7.59195e-05
sel_devs_fsh(50,12)    0.0158712  0.000212735
sel_devs_fsh(51,1)    0.0658585  1.08699e-05
sel_devs_fsh(51,2)   -0.0993412 -0.000115623
sel_devs_fsh(51,3)     -1.44615 -4.42165e-05
sel_devs_fsh(51,4)      1.05132 -0.000100618
sel_devs_fsh(51,5)     0.343451  8.96708e-06
sel_devs_fsh(51,6)   0.00597449 -0.000203376
sel_devs_fsh(51,7)    -0.240988  3.90524e-05
sel_devs_fsh(51,8)     0.172151   0.00010513
sel_devs_fsh(51,9)     0.128736   0.00030069
sel_devs_fsh(51,10)   0.00962393 -7.61163e-05
sel_devs_fsh(51,11)    0.0101444 -7.21283e-05
sel_devs_fsh(51,12) -0.000774035  0.000159521
sel_devs_fsh(52,1)    0.0525411 -7.56459e-08
sel_devs_fsh(52,2)     0.162131 -1.15804e-05
sel_devs_fsh(52,3)    -0.254105 -5.96898e-05
sel_devs_fsh(52,4)     -1.09242 -0.000118559
sel_devs_fsh(52,5)     0.602966  1.02978e-05
sel_devs_fsh(52,6)     0.398502 -0.000222615
sel_devs_fsh(52,7)     0.193474   7.8027e-05
sel_devs_fsh(52,8)    -0.295636  8.28384e-05
sel_devs_fsh(52,9)     0.126538  0.000201401
sel_devs_fsh(52,10)    0.0688371  4.42324e-05
sel_devs_fsh(52,11)    0.0252325  -0.00011351
sel_devs_fsh(52,12)     0.011946  0.000132852
sel_devs_fsh(53,1)    0.0194552 -5.02501e-05
sel_devs_fsh(53,2)     0.195025 -9.92572e-05
sel_devs_fsh(53,3)     0.126992 -6.97188e-05
sel_devs_fsh(53,4)    -0.510025 -3.13363e-05
sel_devs_fsh(53,5)    0.0875469 -1.42096e-05
sel_devs_fsh(53,6)     0.210201 -0.000202237
sel_devs_fsh(53,7)     0.142102  0.000137501
sel_devs_fsh(53,8)     0.119597  0.000114339
sel_devs_fsh(53,9)    -0.264095  0.000155256
sel_devs_fsh(53,10)   -0.0667077  0.000126545
sel_devs_fsh(53,11)   -0.0402148 -0.000118944
sel_devs_fsh(53,12)   -0.0198736  0.000109068
sel_devs_fsh(54,1)    0.0677498 -5.24254e-07
sel_devs_fsh(54,2)     0.746986 -6.73583e-05
sel_devs_fsh(54,3)     0.212644   -6.664e-05
sel_devs_fsh(54,4)    -0.525062 -6.08616e-05
sel_devs_fsh(54,5)     -1.35251  4.88935e-06
sel_devs_fsh(54,6)    0.0837235 -0.000200556
sel_devs_fsh(54,7)     0.506863  9.11172e-05
sel_devs_fsh(54,8)     0.271526  7.70902e-05
sel_devs_fsh(54,9)     0.142009  0.000129371
sel_devs_fsh(54,10)    0.0155388  0.000121288
sel_devs_fsh(54,11)   -0.0742355 -8.19627e-05
sel_devs_fsh(54,12)   -0.0952279  7.28434e-05
sel_devs_fsh(55,1)     0.156687 -1.37582e-06
sel_devs_fsh(55,2)     0.835387 -5.51169e-05
sel_devs_fsh(55,3)     0.568062 -5.69084e-05
sel_devs_fsh(55,4)     0.780551 -4.66641e-07
sel_devs_fsh(55,5)     0.343025 -3.94041e-05
sel_devs_fsh(55,6)    -0.496855 -0.000193794
sel_devs_fsh(55,7)    -0.635561  5.51015e-05
sel_devs_fsh(55,8)    -0.614879  8.67361e-05
sel_devs_fsh(55,9)    -0.298642  7.39338e-05
sel_devs_fsh(55,10)    -0.268202  7.73708e-05
sel_devs_fsh(55,11)     -0.18044 -3.83673e-06
sel_devs_fsh(55,12)    -0.189133  5.96062e-05
sel_devs_fsh(56,1)  -0.00925839 -3.90647e-05
sel_devs_fsh(56,2)     0.576209 -4.97165e-05
sel_devs_fsh(56,3)     0.682623 -5.35494e-05
sel_devs_fsh(56,4)    -0.332729 -1.16577e-05
sel_devs_fsh(56,5)    -0.093664 -1.16274e-05
sel_devs_fsh(56,6)    -0.465898 -9.93728e-05
sel_devs_fsh(56,7)    -0.143617  3.74458e-05
sel_devs_fsh(56,8)     0.149749  9.42447e-05
sel_devs_fsh(56,9)     -0.14188  6.11443e-05
sel_devs_fsh(56,10)    -0.131364  7.25616e-05
sel_devs_fsh(56,11)   -0.0534602   2.6368e-06
sel_devs_fsh(56,12)   -0.0367116  2.24578e-06
sel_devs_fsh(57,1)    0.0154157  3.59947e-05
sel_devs_fsh(57,2)     0.230868  4.27064e-05
sel_devs_fsh(57,3)     -0.15074 -1.40267e-05
sel_devs_fsh(57,4)     0.363411  8.36579e-05
sel_devs_fsh(57,5)   -0.0559028 -7.06396e-06
sel_devs_fsh(57,6)   -0.0206859 -8.88475e-05
sel_devs_fsh(57,7)     -0.10601 -1.29693e-06
sel_devs_fsh(57,8)    -0.010999  9.94693e-05
sel_devs_fsh(57,9)   -0.0641887  2.29922e-05
sel_devs_fsh(57,10)    -0.238266  3.94525e-05
sel_devs_fsh(57,11)    0.0171957  1.96237e-05
sel_devs_fsh(57,12)    0.0199179  1.47663e-05
sel_devs_fsh(58,1)    0.0187869  4.25034e-05
sel_devs_fsh(58,2)    -0.315231 -4.70679e-05
sel_devs_fsh(58,3)   -0.0143594  2.37599e-05
sel_devs_fsh(58,4)     0.183249 -4.31823e-06
sel_devs_fsh(58,5)     0.293356  -4.0589e-06
sel_devs_fsh(58,6)     0.177187 -0.000132467
sel_devs_fsh(58,7)    -0.345677 -2.54437e-05
sel_devs_fsh(58,8)   -0.0883223   5.5292e-05
sel_devs_fsh(58,9)    0.0319112 -3.28453e-05
sel_devs_fsh(58,10)    0.0652168  3.72032e-05
sel_devs_fsh(58,11)   -0.0245803 -6.58794e-05
sel_devs_fsh(58,12)    0.0184537  3.20457e-07
sel_devs_fsh(59,1)  8.20703e-06  4.89996e-05
sel_devs_fsh(59,2)   0.00540635  3.31831e-07
sel_devs_fsh(59,3)   0.00785337 -1.34189e-05
sel_devs_fsh(59,4)    0.0876748  2.46719e-05
sel_devs_fsh(59,5)    0.0342916  1.77172e-05
sel_devs_fsh(59,6)   -0.0523444  -0.00012041
sel_devs_fsh(59,7)   0.00062219 -3.82631e-06
sel_devs_fsh(59,8)   -0.0497268   7.0251e-05
sel_devs_fsh(59,9)   -0.0499847 -3.64903e-05
sel_devs_fsh(59,10)   -0.0209903  5.27299e-05
sel_devs_fsh(59,11)  -0.00695167 -4.88794e-05
sel_devs_fsh(59,12)     0.044145  6.53675e-05
sel_devs_ats(1,2)      0.34887 -5.20354e-06
sel_devs_ats(1,3)      0.35282  -2.0777e-06
sel_devs_ats(1,4)     0.333284  4.99793e-05
sel_devs_ats(1,5)     0.333201  1.98603e-05
sel_devs_ats(1,6)     0.349052  0.000103956
sel_devs_ats(1,7)     0.353011 -3.98463e-05
sel_devs_ats(1,8)     0.347356 -7.93826e-05
sel_devs_ats(2,2)     0.389698 -1.16363e-05
sel_devs_ats(2,3)     0.386487  9.60816e-06
sel_devs_ats(2,4)     0.386785  2.83488e-05
sel_devs_ats(2,5)     0.386826   4.0103e-05
sel_devs_ats(2,6)     0.389363   8.7255e-05
sel_devs_ats(2,7)      0.39294  -4.8713e-05
sel_devs_ats(2,8)      0.39508 -0.000106704
sel_devs_ats(3,2)     0.459805  2.72093e-05
sel_devs_ats(3,3)     0.453777  -5.4729e-05
sel_devs_ats(3,4)       0.4206  3.44196e-05
sel_devs_ats(3,5)     0.438422  4.99985e-05
sel_devs_ats(3,6)     0.431654  7.68213e-05
sel_devs_ats(3,7)     0.438692 -4.76449e-05
sel_devs_ats(3,8)     0.428196 -8.14108e-05
sel_devs_ats(4,2)     0.441837  4.19167e-05
sel_devs_ats(4,3)     0.512978 -4.10819e-05
sel_devs_ats(4,4)     0.501831  1.24529e-05
sel_devs_ats(4,5)     0.463527  3.28284e-05
sel_devs_ats(4,6)     0.472954   5.4804e-05
sel_devs_ats(4,7)     0.485459 -6.69469e-05
sel_devs_ats(4,8)      0.46414 -3.99586e-05
sel_devs_ats(5,2)      0.46939  1.13922e-05
sel_devs_ats(5,3)      0.54536 -4.38597e-05
sel_devs_ats(5,4)     0.537763  1.86536e-05
sel_devs_ats(5,5)     0.503991  4.68339e-05
sel_devs_ats(5,6)     0.498368   8.6573e-05
sel_devs_ats(5,7)     0.521403 -2.16399e-05
sel_devs_ats(5,8)      0.49951 -9.68332e-05
sel_devs_ats(6,2)     0.507267  2.43138e-06
sel_devs_ats(6,3)     0.529034  -3.1887e-05
sel_devs_ats(6,4)      0.57293  2.86474e-05
sel_devs_ats(6,5)      0.53383  1.78561e-05
sel_devs_ats(6,6)     0.543969  6.34042e-05
sel_devs_ats(6,7)     0.517035  5.41405e-06
sel_devs_ats(6,8)     0.531808 -6.42372e-05
sel_devs_ats(7,2)     0.572797 -3.52247e-05
sel_devs_ats(7,3)     0.568078 -2.77809e-05
sel_devs_ats(7,4)     0.552587  -8.7236e-06
sel_devs_ats(7,5)     0.571891  4.93683e-05
sel_devs_ats(7,6)     0.570683  5.06011e-05
sel_devs_ats(7,7)     0.556741  3.50867e-05
sel_devs_ats(7,8)     0.548048 -6.13286e-05
sel_devs_ats(8,2)     0.572579 -3.20055e-05
sel_devs_ats(8,3)     0.589614 -2.97094e-05
sel_devs_ats(8,4)     0.578434 -8.75788e-06
sel_devs_ats(8,5)     0.584246  5.64275e-05
sel_devs_ats(8,6)     0.582793   3.5341e-05
sel_devs_ats(8,7)     0.574314  3.49051e-05
sel_devs_ats(8,8)     0.565365 -6.10053e-05
sel_devs_ats(9,2)     0.537377  3.93235e-06
sel_devs_ats(9,3)     0.533654 -1.99037e-06
sel_devs_ats(9,4)     0.602466 -1.84962e-05
sel_devs_ats(9,5)     0.615644  5.23789e-05
sel_devs_ats(9,6)     0.600875  3.20891e-05
sel_devs_ats(9,7)      0.58756  2.64764e-05
sel_devs_ats(9,8)     0.586064  -0.00013176
sel_devs_ats(10,2)     0.528786  7.46641e-06
sel_devs_ats(10,3)     0.542065  2.98436e-05
sel_devs_ats(10,4)     0.625428 -2.76949e-05
sel_devs_ats(10,5)     0.622663   8.8896e-05
sel_devs_ats(10,6)     0.605024  5.41901e-05
sel_devs_ats(10,7)     0.596308  1.71444e-05
sel_devs_ats(10,8)     0.595598 -0.000149907
sel_devs_ats(11,2)     0.626762 -7.29629e-06
sel_devs_ats(11,3)     0.594207  7.26134e-05
sel_devs_ats(11,4)     0.531251 -4.34743e-05
sel_devs_ats(11,5)     0.558388  8.74183e-05
sel_devs_ats(11,6)     0.584954  6.54966e-05
sel_devs_ats(11,7)     0.593008 -3.24656e-05
sel_devs_ats(11,8)     0.599796 -0.000137253
sel_devs_ats(12,2)     0.603148  1.17842e-05
sel_devs_ats(12,3)     0.581478  6.42129e-05
sel_devs_ats(12,4)     0.537758 -4.88989e-05
sel_devs_ats(12,5)     0.550024  9.90759e-05
sel_devs_ats(12,6)      0.57293  5.54893e-05
sel_devs_ats(12,7)     0.583455 -5.02508e-05
sel_devs_ats(12,8)     0.592484 -0.000142401
sel_devs_ats(13,2)      0.61026  3.26113e-05
sel_devs_ats(13,3)     0.594043  5.09426e-05
sel_devs_ats(13,4)     0.563421 -7.45748e-06
sel_devs_ats(13,5)     0.578678  6.67204e-05
sel_devs_ats(13,6)      0.58398  6.46923e-05
sel_devs_ats(13,7)     0.568808 -5.45584e-05
sel_devs_ats(13,8)     0.572105 -8.04126e-05
sel_devs_ats(14,2)     0.626249   3.8666e-05
sel_devs_ats(14,3)     0.588061  2.25052e-05
sel_devs_ats(14,4)     0.539321  2.36508e-05
sel_devs_ats(14,5)     0.534051  2.02729e-05
sel_devs_ats(14,6)     0.545181  6.12152e-05
sel_devs_ats(14,7)     0.554171  -7.6978e-05
sel_devs_ats(14,8)     0.564441 -0.000100844
sel_devs_ats(15,2)     0.580714  3.08409e-05
sel_devs_ats(15,3)     0.574331  2.58088e-05
sel_devs_ats(15,4)     0.541438  4.02428e-05
sel_devs_ats(15,5)     0.542569 -1.16207e-05
sel_devs_ats(15,6)     0.553398  7.45824e-05
sel_devs_ats(15,7)     0.559559 -6.97809e-05
sel_devs_ats(15,8)     0.549875 -0.000137145
sel_devs_ats(16,2)     0.571743  4.75033e-06
sel_devs_ats(16,3)     0.542518  2.50054e-05
sel_devs_ats(16,4)     0.564257  3.22313e-05
sel_devs_ats(16,5)     0.532757 -4.99496e-05
sel_devs_ats(16,6)     0.535908  8.41058e-05
sel_devs_ats(16,7)     0.537934 -6.94272e-05
sel_devs_ats(16,8)     0.518597 -2.96079e-05
sel_devs_ats(17,2)     0.542136  9.34036e-06
sel_devs_ats(17,3)     0.525313  5.99616e-05
sel_devs_ats(17,4)     0.510473  4.14626e-05
sel_devs_ats(17,5)     0.518558 -3.04344e-05
sel_devs_ats(17,6)     0.523006  9.44768e-05
sel_devs_ats(17,7)     0.521491 -5.36838e-05
sel_devs_ats(17,8)     0.500248 -0.000121372
sel_devs_ats(18,2)     0.536058  1.41789e-05
sel_devs_ats(18,3)     0.507176   3.7406e-05
sel_devs_ats(18,4)     0.494699  1.06607e-05
sel_devs_ats(18,5)     0.502811  1.86173e-05
sel_devs_ats(18,6)     0.509997  6.02179e-05
sel_devs_ats(18,7)     0.507133  -5.5616e-05
sel_devs_ats(18,8)     0.483643  -4.7058e-05
sel_devs_ats(19,2)     0.507748  1.88191e-05
sel_devs_ats(19,3)     0.521711  3.32948e-06
sel_devs_ats(19,4)     0.538303  6.01203e-06
sel_devs_ats(19,5)     0.529836  2.34086e-05
sel_devs_ats(19,6)     0.529576  7.40914e-05
sel_devs_ats(19,7)      0.50789 -2.92364e-05
sel_devs_ats(19,8)     0.464253 -6.54739e-05
sel_devs_ats(20,2)      0.52022  4.23995e-05
sel_devs_ats(20,3)     0.508838  1.39559e-05
sel_devs_ats(20,4)     0.537512  2.20991e-05
sel_devs_ats(20,5)     0.523897  5.88429e-05
sel_devs_ats(20,6)     0.532161  6.80865e-05
sel_devs_ats(20,7)      0.51423 -1.91427e-05
sel_devs_ats(20,8)     0.461691 -0.000234816
sel_devs_ats(21,2)     0.434882   2.9521e-05
sel_devs_ats(21,3)     0.553102 -1.93849e-06
sel_devs_ats(21,4)     0.570838 -1.56411e-05
sel_devs_ats(21,5)      0.54317  5.82537e-05
sel_devs_ats(21,6)     0.507882  5.32326e-05
sel_devs_ats(21,7)     0.506724  2.30205e-05
sel_devs_ats(21,8)       0.4946 -0.000159908
sel_devs_ats(22,2)     0.422851  4.89123e-05
sel_devs_ats(22,3)     0.509318  8.56195e-07
sel_devs_ats(22,4)     0.585786 -1.27522e-05
sel_devs_ats(22,5)     0.531172   6.1005e-05
sel_devs_ats(22,6)     0.503122  1.90638e-05
sel_devs_ats(22,7)     0.501236  4.36069e-05
sel_devs_ats(22,8)      0.53298 -0.000192116
sel_devs_ats(23,2)     0.535569   1.8543e-05
sel_devs_ats(23,3)      0.47917  4.25075e-06
sel_devs_ats(23,4)     0.420692  1.69264e-05
sel_devs_ats(23,5)     0.510273   3.7925e-05
sel_devs_ats(23,6)     0.527717 -2.18817e-05
sel_devs_ats(23,7)     0.526566  5.55459e-05
sel_devs_ats(23,8)     0.554123 -9.72497e-05
sel_devs_ats(24,2)     0.532029 -2.79229e-06
sel_devs_ats(24,3)     0.494273    6.168e-06
sel_devs_ats(24,4)     0.458656 -4.97186e-06
sel_devs_ats(24,5)      0.53077  2.47013e-05
sel_devs_ats(24,6)     0.538213 -4.31225e-06
sel_devs_ats(24,7)     0.541134  5.28074e-05
sel_devs_ats(24,8)      0.55778 -1.61443e-05
sel_devs_ats(25,2)     0.536972  1.01791e-06
sel_devs_ats(25,3)     0.546077  1.94676e-05
sel_devs_ats(25,4)     0.576916  3.36264e-05
sel_devs_ats(25,5)      0.55332 -6.69513e-05
sel_devs_ats(25,6)     0.548919 -6.03587e-06
sel_devs_ats(25,7)     0.545446  5.64774e-05
sel_devs_ats(25,8)     0.553279  -2.4925e-05
sel_devs_ats(26,2)     0.546267 -1.93476e-05
sel_devs_ats(26,3)     0.564919 -1.20229e-06
sel_devs_ats(26,4)     0.591576   2.5041e-05
sel_devs_ats(26,5)     0.567482 -9.51142e-05
sel_devs_ats(26,6)     0.555454 -1.02174e-05
sel_devs_ats(26,7)     0.562893   4.4257e-05
sel_devs_ats(26,8)     0.573778  2.39395e-05
sel_devs_ats(27,2)     0.560531 -2.05056e-05
sel_devs_ats(27,3)     0.574164  2.70311e-05
sel_devs_ats(27,4)     0.605433  5.59262e-06
sel_devs_ats(27,5)     0.582366 -5.99249e-05
sel_devs_ats(27,6)     0.570302 -1.73874e-05
sel_devs_ats(27,7)     0.580833  4.57323e-05
sel_devs_ats(27,8)     0.589644  2.47182e-05
sel_devs_ats(28,2)     0.560426  1.50435e-05
sel_devs_ats(28,3)     0.569495  2.64363e-05
sel_devs_ats(28,4)     0.626765  3.97876e-06
sel_devs_ats(28,5)     0.592479 -7.11795e-05
sel_devs_ats(28,6)     0.580105  1.02415e-05
sel_devs_ats(28,7)     0.595549  4.35127e-05
sel_devs_ats(28,8)     0.602787  -6.6716e-05
sel_devs_ats(29,2)     0.613835   4.7101e-05
sel_devs_ats(29,3)     0.605296  3.24507e-05
sel_devs_ats(29,4)     0.543842 -8.88003e-06
sel_devs_ats(29,5)     0.575839 -5.19436e-05
sel_devs_ats(29,6)     0.582171  1.35966e-05
sel_devs_ats(29,7)     0.610698  4.08527e-05
sel_devs_ats(29,8)     0.612607 -8.32075e-05
sel_devs_ats(30,2)     0.604387  7.13888e-05
sel_devs_ats(30,3)     0.604958 -9.29976e-06
sel_devs_ats(30,4)     0.558324 -4.18482e-07
sel_devs_ats(30,5)     0.586817 -4.21932e-05
sel_devs_ats(30,6)     0.575362 -6.12073e-06
sel_devs_ats(30,7)     0.621948  -9.2843e-06
sel_devs_ats(30,8)     0.613946  4.21274e-05
sel_coffs_fsh(1)     -4.21385  3.61386e-06
sel_coffs_fsh(2)     -2.25968 -2.69388e-06
sel_coffs_fsh(3)    -0.954633  5.33614e-06
sel_coffs_fsh(4)     0.345314 -2.43669e-05
sel_coffs_fsh(5)     0.329562  1.36389e-05
sel_coffs_fsh(6)     0.304943 -8.09144e-05
sel_coffs_fsh(7)     0.269727  1.55662e-05
sel_coffs_fsh(8)      0.23448  2.71281e-05
sel_coffs_fsh(9)     0.204233 -7.36349e-05
sel_coffs_fsh(10)     0.180986  0.000247458
sel_coffs_fsh(11)     0.162962 -0.000144276
sel_coffs_fsh(12)     0.149024  1.22662e-05
sel_coffs_ats(2)    -0.183669  9.16767e-07
sel_coffs_ats(3)    -0.172392 -3.57721e-06
sel_coffs_ats(4)    0.0118286  3.20126e-06
sel_coffs_ats(5)     0.145116  1.66273e-06
sel_coffs_ats(6)     0.202862  1.04303e-05
sel_coffs_ats(7)     0.313898 -7.78036e-06
sel_coffs_ats(8)     0.458339 -1.06044e-05
sel_slp_bts     0.839058  -0.00041686
sel_a50_bts       6.5452 -9.48185e-05
sel_age_one_bts     -3.24799 -4.54944e-06
sel_a50_bts_dev(1982)    -0.103146 -0.000231759
sel_a50_bts_dev(1983)     -0.10197 -0.000134953
sel_a50_bts_dev(1984)    0.0163522 -1.70702e-05
sel_a50_bts_dev(1985)    0.0617465 -3.50073e-05
sel_a50_bts_dev(1986)    0.0820572 -0.000141652
sel_a50_bts_dev(1987)    0.0419705 -3.03872e-05
sel_a50_bts_dev(1988)   -0.0394787  4.44768e-05
sel_a50_bts_dev(1989)   -0.0593367  0.000184945
sel_a50_bts_dev(1990)    -0.104488  2.75569e-05
sel_a50_bts_dev(1991)    -0.104062  3.14127e-05
sel_a50_bts_dev(1992)    -0.140977 -0.000164817
sel_a50_bts_dev(1993)     -0.15418     1.06e-06
sel_a50_bts_dev(1994)   -0.0549111 -1.54507e-06
sel_a50_bts_dev(1995)    0.0483959 -4.15327e-05
sel_a50_bts_dev(1996)     0.141747  0.000384359
sel_a50_bts_dev(1997)     0.156195 -0.000170342
sel_a50_bts_dev(1998)     0.189348  0.000276759
sel_a50_bts_dev(1999)     0.145835   0.00018738
sel_a50_bts_dev(2000)     0.101912   6.1252e-05
sel_a50_bts_dev(2001)    0.0949017  0.000497391
sel_a50_bts_dev(2002)    0.0626536  5.54361e-05
sel_a50_bts_dev(2003)    0.0675965  6.61514e-05
sel_a50_bts_dev(2004)    0.0844939  0.000190711
sel_a50_bts_dev(2005)    0.0617824 -5.20216e-05
sel_a50_bts_dev(2006)     0.110837   0.00049085
sel_a50_bts_dev(2007)     0.039986  8.25845e-05
sel_a50_bts_dev(2008)    0.0479644   6.3208e-05
sel_a50_bts_dev(2009)    0.0728122  0.000272024
sel_a50_bts_dev(2010)   -0.0043887 -4.92916e-05
sel_a50_bts_dev(2011)  -0.00725224  0.000117136
sel_a50_bts_dev(2012)   -0.0422286  3.62175e-05
sel_a50_bts_dev(2013)   -0.0904508  0.000139801
sel_a50_bts_dev(2014)     -0.28862 -0.000357079
sel_a50_bts_dev(2015)    -0.297714 -0.000182544
sel_a50_bts_dev(2016)    -0.130944  5.01256e-05
sel_a50_bts_dev(2017)   -0.0830325 -0.000152417
sel_a50_bts_dev(2018)    0.0498227  0.000311026
sel_a50_bts_dev(2019)   -0.0482696 -0.000338404
sel_a50_bts_dev(2020)   0.00113905  0.000244717
sel_a50_bts_dev(2021)     0.045691  5.36604e-05
sel_a50_bts_dev(2022)    0.0194474  -0.00023311
sel_a50_bts_dev(2023)     0.102759  -0.00120815
sel_a50_bts_dev(2024)   0.00800197 -0.000377691
sel_age_one_bts_dev(1982)    0.0374615 -2.23492e-06
sel_age_one_bts_dev(1983)    0.0156597  1.63823e-05
sel_age_one_bts_dev(1984)    -0.022594 -5.13121e-05
sel_age_one_bts_dev(1985)    -0.118509 -8.12002e-06
sel_age_one_bts_dev(1986)    -0.204337 -5.62726e-05
sel_age_one_bts_dev(1987)    -0.157779 -1.68692e-05
sel_age_one_bts_dev(1988)    -0.138476  2.51264e-05
sel_age_one_bts_dev(1989)   -0.0752029 -2.51316e-05
sel_age_one_bts_dev(1990)   -0.0383962 -7.57397e-06
sel_age_one_bts_dev(1991)    -0.117431  1.26198e-05
sel_age_one_bts_dev(1992)    -0.102813  1.57771e-05
sel_age_one_bts_dev(1993)   -0.0757279 -3.52794e-05
sel_age_one_bts_dev(1994)   -0.0900305 -1.06795e-05
sel_age_one_bts_dev(1995)     -0.08244  2.67063e-05
sel_age_one_bts_dev(1996)   -0.0563844 -1.48505e-05
sel_age_one_bts_dev(1997)    0.0203259 -1.62462e-06
sel_age_one_bts_dev(1998)    0.0783992 -5.21975e-05
sel_age_one_bts_dev(1999)     0.119562  8.10101e-06
sel_age_one_bts_dev(2000)     0.151956  1.85885e-05
sel_age_one_bts_dev(2001)     0.115507 -1.70567e-05
sel_age_one_bts_dev(2002)     0.104838 -1.46531e-06
sel_age_one_bts_dev(2003)     0.134761 -1.84689e-05
sel_age_one_bts_dev(2004)    0.0786709  -2.7334e-05
sel_age_one_bts_dev(2005)    0.0423805  8.22461e-06
sel_age_one_bts_dev(2006)    0.0243949 -4.40274e-05
sel_age_one_bts_dev(2007)     0.035329 -1.94573e-05
sel_age_one_bts_dev(2008)      0.15503  2.36749e-05
sel_age_one_bts_dev(2009)     0.267131 -5.87891e-05
sel_age_one_bts_dev(2010)     0.193595 -1.55072e-05
sel_age_one_bts_dev(2011)   -0.0206773 -1.57894e-05
sel_age_one_bts_dev(2012)   -0.0313541 -5.07297e-05
sel_age_one_bts_dev(2013)    0.0403592  8.39425e-06
sel_age_one_bts_dev(2014)  -0.00446974 -1.97932e-05
sel_age_one_bts_dev(2015)   -0.0648307 -2.57459e-05
sel_age_one_bts_dev(2016)   -0.0943706  1.33849e-06
sel_age_one_bts_dev(2017)   -0.0890622 -1.83475e-05
sel_age_one_bts_dev(2018)   -0.0151122  9.12317e-06
sel_age_one_bts_dev(2019)     0.144147   1.4075e-07
sel_age_one_bts_dev(2020)    0.0545755 -5.81067e-05
sel_age_one_bts_dev(2021)   -0.0349961 -3.80495e-05
sel_age_one_bts_dev(2022)   -0.0541647  7.97268e-06
sel_age_one_bts_dev(2023)   -0.0653707 -1.45088e-05
sel_age_one_bts_dev(2024)   -0.0595552 -2.15656e-05
L1      28.2771  9.19089e-05
L2      46.1029  9.42014e-05
log_K    -0.127657 -9.44123e-05
d_scale(1,3)       0.5236  6.77039e-06
d_scale(1,4)     0.704441 -1.11722e-06
d_scale(1,5)     0.765531 -1.92497e-05
d_scale(1,6)     0.829738  5.43689e-06
d_scale(1,7)     0.870009  1.53647e-06
d_scale(1,8)      0.93339 -3.71016e-06
d_scale(1,9)     0.978959  3.76107e-06
d_scale(1,10)     0.974786  1.40749e-06
d_scale(1,11)     0.995057  -5.1681e-06
d_scale(1,12)     0.934379 -8.94305e-06
d_scale(1,13)     0.954279  -2.2463e-05
d_scale(1,14)     0.863685 -2.08459e-06
d_scale(1,15)      1.00357 -9.35445e-06
coh_eff(1955)            0            0
coh_eff(1956)            0            0
coh_eff(1957)            0            0
coh_eff(1958)            0            0
coh_eff(1959)            0            0
coh_eff(1960)            0            0
coh_eff(1961)            0            0
coh_eff(1962)            0            0
coh_eff(1963)            0            0
coh_eff(1964)            0            0
coh_eff(1965)            0            0
coh_eff(1966)            0            0
coh_eff(1967)            0            0
coh_eff(1968)            0            0
coh_eff(1969)            0            0
coh_eff(1970)            0            0
coh_eff(1971)    -0.174324 -9.06653e-06
coh_eff(1972)     0.306416 -0.000102789
coh_eff(1973)    0.0390717 -1.79814e-05
coh_eff(1974)     0.531745  5.14049e-05
coh_eff(1975)    -0.412212  5.78248e-05
coh_eff(1976)     0.532176  3.85005e-06
coh_eff(1977)    -0.453932 -3.14504e-05
coh_eff(1978)      0.45057 -6.30238e-05
coh_eff(1979)    0.0472272  -4.1378e-05
coh_eff(1980)   -0.0884756 -3.61616e-06
coh_eff(1981)    -0.393547  6.17818e-06
coh_eff(1982)    -0.577961 -1.91739e-05
coh_eff(1983)     0.581888  1.20788e-05
coh_eff(1984)     0.662105  2.19222e-05
coh_eff(1985)      1.15135 -2.33036e-05
coh_eff(1986)   -0.0378492 -2.68304e-06
coh_eff(1987)     0.619849  1.33837e-05
coh_eff(1988)   -0.0222033   2.3622e-05
coh_eff(1989)     -1.01852  1.08883e-05
coh_eff(1990)    -0.872082  1.62695e-05
coh_eff(1991)    -0.963217 -4.56572e-05
coh_eff(1992)     0.852762  6.52934e-05
coh_eff(1993)      1.78828  5.18604e-05
coh_eff(1994)      0.50675  7.81708e-06
coh_eff(1995)    -0.980142 -7.25494e-05
coh_eff(1996)   -0.0701877   8.4024e-05
coh_eff(1997)     0.969765 -3.36845e-05
coh_eff(1998)     0.468247  1.88497e-05
coh_eff(1999)     0.395471 -9.95156e-06
coh_eff(2000)   -0.0684585  4.23099e-06
coh_eff(2001)     0.385649 -3.62187e-05
coh_eff(2002)     0.878651 -6.57849e-05
coh_eff(2003)      1.45759 -7.07221e-06
coh_eff(2004)     0.414359 -3.18408e-05
coh_eff(2005)    -0.801252 -8.53899e-05
coh_eff(2006)     -1.12025  1.81108e-05
coh_eff(2007)    -0.451529 -9.95774e-05
coh_eff(2008)     -1.66794 -1.34109e-07
coh_eff(2009)    -0.772619  6.17001e-05
coh_eff(2010)     -1.53472 -2.26775e-05
coh_eff(2011)     -2.03099   8.8132e-05
coh_eff(2012)     -1.88351  0.000130128
coh_eff(2013)     -1.15567   5.0179e-05
coh_eff(2014)     0.725716  0.000103047
coh_eff(2015)     0.775548  5.32867e-05
coh_eff(2016)    0.0220587  3.62253e-05
coh_eff(2017)     0.326546 -9.51409e-05
coh_eff(2018)     0.567605 -2.59601e-05
coh_eff(2019)      1.41456 -6.33048e-05
coh_eff(2020)     0.374874  7.45938e-05
coh_eff(2021)     0.189904  0.000206116
coh_eff(2022)      1.11949 -0.000182046
coh_eff(2023)      1.66812 -9.05334e-06
coh_eff(2024)     0.354274  3.29772e-05
coh_eff(2025)            0            0
coh_eff(2026)            0            0
yr_eff(1970)            0            0
yr_eff(1971)     0.173551 -1.54271e-06
yr_eff(1972)  -0.00300782 -1.38619e-05
yr_eff(1973)     0.308495  8.65219e-05
yr_eff(1974)     0.365074  6.79771e-05
yr_eff(1975)       1.5963  1.19024e-05
yr_eff(1976)     0.449981 -4.26139e-05
yr_eff(1977)      2.08953  -6.5492e-06
yr_eff(1978)     0.408933 -3.53921e-05
yr_eff(1979)      1.21191  3.57764e-06
yr_eff(1980)      1.29396  3.43503e-06
yr_eff(1981)     0.913715  -7.7774e-06
yr_eff(1982)     0.186394 -6.75499e-05
yr_eff(1983)     0.946769 -5.49014e-05
yr_eff(1984)    -0.522567 -6.04684e-06
yr_eff(1985)      0.19448 -1.33221e-05
yr_eff(1986)     -1.38398 -2.01335e-05
yr_eff(1987)    -0.523553 -6.56924e-06
yr_eff(1988)    -0.965512 -1.04704e-05
yr_eff(1989)    -0.691759 -4.24461e-07
yr_eff(1990)     0.532205  1.42272e-06
yr_eff(1991)     0.254749  6.22408e-06
yr_eff(1992)     0.266519  -6.1729e-05
yr_eff(1993)      1.04645  2.34642e-05
yr_eff(1994)     0.161365   6.8766e-05
yr_eff(1995)    -0.266973    2.208e-05
yr_eff(1996)    -0.495524  -5.3059e-05
yr_eff(1997)    -0.103362  1.21605e-05
yr_eff(1998)    -0.399312 -2.91227e-05
yr_eff(1999)    -0.222823  -2.6114e-05
yr_eff(2000)    -0.121403 -4.28712e-05
yr_eff(2001)     0.660468  2.36535e-05
yr_eff(2002)     0.129535 -1.05404e-05
yr_eff(2003)    0.0186953 -5.07649e-05
yr_eff(2004)    -0.211623 -8.52008e-05
yr_eff(2005)    -0.655893 -5.14463e-05
yr_eff(2006)   -0.0297588 -5.62113e-05
yr_eff(2007)      1.07527 -7.72877e-05
yr_eff(2008)     0.487862 -0.000211705
yr_eff(2009)      1.55114  4.45085e-06
yr_eff(2010)     0.723351   4.2582e-05
yr_eff(2011)     0.870444 -7.95276e-06
yr_eff(2012)     0.236104  0.000112888
yr_eff(2013)     0.655274  0.000175529
yr_eff(2014)     0.787419  0.000135469
yr_eff(2015)     -2.04374  6.21776e-05
yr_eff(2016)    -0.258236  0.000120149
yr_eff(2017)    0.0174494  1.35491e-05
yr_eff(2018)    -0.798285 -4.84966e-05
yr_eff(2019)     0.881217  2.18731e-05
yr_eff(2020)     -1.54825 -2.66409e-05
yr_eff(2021)     -1.33076  2.82165e-05
yr_eff(2022)   -0.0141347  7.14451e-06
yr_eff(2023)     -3.22027 -1.83309e-05
yr_eff(2024)     0.945711  3.98649e-06
yr_eff(2025)            0            0
yr_eff(2026)            0            0
yr_eff(2027)            0            0
yr_eff(2028)            0            0
yr_eff(2029)            0            0
