ParName   Value   Gradient
log_avgrec      10.0223  0.000140362
log_avginit      6.50295    4.481e-06
log_avg_F     -1.63131  0.000127185
log_q_cpue    -0.462666 -1.55715e-05
log_q_avo     -8.34741  9.63992e-06
log_F_devs(1964)     -2.25521  -3.3487e-05
log_F_devs(1965)     -1.75396 -1.66121e-05
log_F_devs(1966)     -1.41819 -8.76081e-06
log_F_devs(1967)    -0.552465  5.52928e-05
log_F_devs(1968)    -0.314839  8.32169e-05
log_F_devs(1969)    -0.190655  9.78869e-05
log_F_devs(1970)     0.143161  0.000106085
log_F_devs(1971)     0.541566  0.000135077
log_F_devs(1972)     0.769235  0.000135537
log_F_devs(1973)     0.873598  7.99847e-05
log_F_devs(1974)     0.899221  3.89688e-05
log_F_devs(1975)     0.790052 -7.27943e-05
log_F_devs(1976)     0.621333 -0.000115097
log_F_devs(1977)     0.340087 -0.000111696
log_F_devs(1978)     0.228778 -0.000111931
log_F_devs(1979)    0.0753717 -8.86168e-05
log_F_devs(1980)   0.00379364 -5.90571e-05
log_F_devs(1981)   -0.0683271 -2.73645e-05
log_F_devs(1982)    -0.189634 -8.57876e-06
log_F_devs(1983)    -0.252389 -1.02738e-05
log_F_devs(1984)    -0.202469 -1.00706e-05
log_F_devs(1985)    -0.191628 -1.97739e-05
log_F_devs(1986)    -0.204751 -1.63695e-05
log_F_devs(1987)    -0.494657  6.18023e-06
log_F_devs(1988)    -0.184073 -5.02195e-06
log_F_devs(1989)    -0.141613 -2.26861e-06
log_F_devs(1990)     0.120149 -1.35661e-05
log_F_devs(1991)    0.0640816 -1.14868e-05
log_F_devs(1992)     0.286956  2.23099e-05
log_F_devs(1993)    0.0685341   2.9884e-05
log_F_devs(1994)    0.0123996  7.89408e-06
log_F_devs(1995)   -0.0635135 -7.35052e-06
log_F_devs(1996)    -0.127038  9.76303e-06
log_F_devs(1997)    -0.170186  1.50338e-05
log_F_devs(1998)    -0.199037  1.07606e-05
log_F_devs(1999)    -0.296375  1.52408e-05
log_F_devs(2000)    -0.157586  2.67536e-07
log_F_devs(2001)   -0.0110286 -2.27849e-05
log_F_devs(2002)     0.122083 -1.83465e-05
log_F_devs(2003)     0.191098  -9.6927e-06
log_F_devs(2004)     0.175493 -3.88278e-05
log_F_devs(2005)     0.195852 -3.80464e-05
log_F_devs(2006)     0.323529  -5.2293e-05
log_F_devs(2007)     0.384185 -3.48771e-05
log_F_devs(2008)     0.362645 -2.46187e-05
log_F_devs(2009)   -0.0373524  6.67726e-05
log_F_devs(2010)    -0.259822   8.1404e-05
log_F_devs(2011)      0.13106 -8.83591e-06
log_F_devs(2012)   -0.0196735 -4.66295e-05
log_F_devs(2013)    -0.119005  1.99783e-05
log_F_devs(2014)   -0.0302703  1.36043e-05
log_F_devs(2015)     0.142477  6.90189e-06
log_F_devs(2016)     0.142918 -3.65306e-05
log_F_devs(2017)    0.0329045 -3.67372e-05
log_F_devs(2018)    0.0373422 -5.27475e-05
log_F_devs(2019)     0.116493 -2.09765e-05
log_F_devs(2020)     0.445383 -5.52149e-06
log_F_devs(2021)     0.599021  2.87227e-05
log_F_devs(2022)     0.161364  2.64597e-05
log_F_devs(2023)      0.31951  6.51707e-05
log_F_devs(2024)     0.184065  5.24623e-05
sel_coffs_fsh(1)     -8.03105 -1.59971e-06
sel_coffs_fsh(2)     -3.74924  1.34497e-05
sel_coffs_fsh(3)     -1.68224 -5.03988e-06
sel_coffs_fsh(4)    -0.611933  1.59226e-05
sel_coffs_fsh(5)  -0.00683428  2.62314e-06
sel_coffs_fsh(6)     0.328408  1.14803e-05
sel_coffs_fsh(7)     0.477022 -1.98754e-05
sel_coffs_fsh(8)     0.458699  2.80721e-06
sel_coffs_fsh(9)     0.419611  2.47096e-06
sel_coffs_fsh(10)     0.365914 -1.92535e-05
sel_coffs_fsh(11)      0.32371 -3.79818e-06
sel_coffs_fsh(12)     0.283075  7.18464e-07
sel_slp_bts     0.829221  2.76167e-05
sel_a50_bts       6.7602 -1.46809e-05
sel_age_one_bts     -3.44072 -1.92912e-06
L1      28.2408   0.00084157
L2      45.9082    0.0005878
log_K    -0.132219 -0.000614749
coh_eff(1955)            0            0
coh_eff(1956)            0            0
coh_eff(1957)            0            0
coh_eff(1958)            0            0
coh_eff(1959)            0            0
coh_eff(1960)            0            0
coh_eff(1961)            0            0
coh_eff(1962)            0            0
coh_eff(1963)            0            0
coh_eff(1964)            0            0
coh_eff(1965)            0            0
coh_eff(1966)            0            0
coh_eff(1967)            0            0
coh_eff(1968)            0            0
coh_eff(1969)            0            0
coh_eff(1970)            0            0
coh_eff(1971)    -0.136682  -4.7488e-07
coh_eff(1972)     0.251618 -4.34052e-06
coh_eff(1973)   -0.0146725  3.01504e-06
coh_eff(1974)      0.54091 -1.50734e-07
coh_eff(1975)    -0.321142 -1.64314e-06
coh_eff(1976)     0.443177  1.98194e-05
coh_eff(1977)    -0.333339  4.20654e-06
coh_eff(1978)     0.454322 -7.02952e-06
coh_eff(1979)   -0.0256517 -1.62877e-05
coh_eff(1980)    -0.151351  1.42325e-05
coh_eff(1981)     -1.26723 -1.97179e-05
coh_eff(1982)     -3.02812 -1.23063e-05
coh_eff(1983)     -1.80147 -1.84745e-05
coh_eff(1984)     -1.42604 -4.21861e-05
coh_eff(1985)      -1.0677  0.000158236
coh_eff(1986)      -2.5482  1.03137e-05
coh_eff(1987)     -1.02619  1.38745e-05
coh_eff(1988)     -1.39051 -7.14693e-06
coh_eff(1989)      -2.9571  1.11536e-05
coh_eff(1990)     -2.84878 -9.48006e-06
coh_eff(1991)     -2.15592 -1.40299e-05
coh_eff(1992)     0.268605  0.000107387
coh_eff(1993)      1.55679  7.16759e-05
coh_eff(1994)    -0.402465  0.000101917
coh_eff(1995)     -2.41666  0.000430503
coh_eff(1996)     -1.78378  9.45728e-05
coh_eff(1997)     0.154003  2.56345e-05
coh_eff(1998)   -0.0975218   7.5313e-05
coh_eff(1999)     0.362675  1.98552e-05
coh_eff(2000)    -0.111801  2.10417e-05
coh_eff(2001)     0.348961  3.79549e-05
coh_eff(2002)     0.852422  7.38912e-05
coh_eff(2003)      1.46168  0.000125962
coh_eff(2004)     0.403633   1.9504e-05
coh_eff(2005)    -0.817848  3.85883e-06
coh_eff(2006)     -1.19537  4.27992e-05
coh_eff(2007)    -0.476865   4.4985e-06
coh_eff(2008)     -1.76547 -8.97233e-05
coh_eff(2009)    -0.796819 -3.61049e-06
coh_eff(2010)     -1.61694 -3.84151e-05
coh_eff(2011)     -2.07374 -1.99026e-05
coh_eff(2012)     -1.90423 -2.17434e-05
coh_eff(2013)     -1.17951 -0.000101611
coh_eff(2014)     0.700034 -5.51528e-05
coh_eff(2015)     0.770688 -0.000209667
coh_eff(2016)   0.00224845 -2.53608e-05
coh_eff(2017)     0.302487   1.4632e-05
coh_eff(2018)     0.528299 -9.65832e-06
coh_eff(2019)      1.36141  1.39264e-05
coh_eff(2020)     0.367022  3.33477e-06
coh_eff(2021)     0.214404 -4.82824e-05
coh_eff(2022)      1.13818 -2.26784e-05
coh_eff(2023)      1.63417  1.13863e-05
coh_eff(2024)    0.0235122 -2.98748e-06
coh_eff(2025)            0            0
coh_eff(2026)            0            0
yr_eff(1970)            0            0
yr_eff(1971)     0.182915  5.43073e-06
yr_eff(1972)    0.0405245 -1.54058e-07
yr_eff(1973)     0.307455 -6.06664e-06
yr_eff(1974)     0.291729 -2.71163e-05
yr_eff(1975)      1.34183  1.66441e-05
yr_eff(1976)      0.52088 -5.05534e-06
yr_eff(1977)      2.75972  5.49145e-05
yr_eff(1978)     0.564532  2.81615e-05
yr_eff(1979)      2.37455  4.55516e-06
yr_eff(1980)      1.48042 -5.36349e-05
yr_eff(1981)     0.831382  1.25342e-05
yr_eff(1982)    -0.679946 -6.29439e-05
yr_eff(1983)      1.26484 -1.15893e-05
yr_eff(1984)    -0.164269 -9.17747e-05
yr_eff(1985)     0.621482  -7.3821e-05
yr_eff(1986)    -0.900114 -4.68881e-06
yr_eff(1987)     0.289828  0.000203592
yr_eff(1988)    -0.417319  5.43778e-05
yr_eff(1989)    -0.781227  2.45663e-05
yr_eff(1990)     0.707355  4.84818e-05
yr_eff(1991)      1.00249   0.00014244
yr_eff(1992)     0.509242 -0.000228979
yr_eff(1993)      1.39328   -0.0002663
yr_eff(1994)     0.148703 -6.11705e-05
yr_eff(1995)    -0.227327  0.000198244
yr_eff(1996)    -0.580552  0.000617554
yr_eff(1997)     0.584293  0.000303821
yr_eff(1998)    -0.229468  0.000664588
yr_eff(1999)     0.252571  0.000757535
yr_eff(2000)   -0.0733663  0.000246712
yr_eff(2001)     0.655567  0.000204868
yr_eff(2002)     0.149084  0.000117627
yr_eff(2003)    0.0431173  4.42567e-05
yr_eff(2004)    -0.205259  3.34224e-05
yr_eff(2005)    -0.656779  0.000113714
yr_eff(2006)   -0.0221323  6.35461e-05
yr_eff(2007)      1.07992  0.000365803
yr_eff(2008)     0.507283  0.000102084
yr_eff(2009)      1.58646  0.000150708
yr_eff(2010)     0.727085  1.84333e-05
yr_eff(2011)     0.903628 -5.77433e-05
yr_eff(2012)      0.25672 -0.000525832
yr_eff(2013)      0.65594 -0.000243299
yr_eff(2014)     0.777283 -0.000714513
yr_eff(2015)     -1.97699 -1.29159e-05
yr_eff(2016)    -0.241048   -0.0004519
yr_eff(2017)    0.0313607 -0.000176184
yr_eff(2018)    -0.800642 -6.14307e-05
yr_eff(2019)     0.872677 -0.000145005
yr_eff(2020)     -1.49639 -2.23056e-05
yr_eff(2021)     -1.27546  1.12806e-05
yr_eff(2022)   -0.0323187  0.000287839
yr_eff(2023)     -3.23123 -7.19905e-05
yr_eff(2024)     0.829161 -2.38218e-07
yr_eff(2025)            0            0
yr_eff(2026)            0            0
yr_eff(2027)            0            0
yr_eff(2028)            0            0
yr_eff(2029)            0            0
