# Number of parameters = 1366 Objective function value = 6829.50123786718  Maximum gradient component = 0.00129058568054264
# log_avgrec:
9.78973437973
# log_avginit:
4.70271514324
# log_avg_F:
-1.25585449450
# natmort_phi:
0.00000000000
# log_q_bts:
0.00000000000
# log_q_std_area:
-0.600000000000
# bt_slope:
0.00000000000
# log_q_ats:
-0.531201605860
# log_Rzero:
10.0611369758
# steepness:
0.606684145371
# log_q_cpue:
0.224000127301
# log_q_avo:
-8.08773413655
# log_initdevs:
 3.36552902788 2.86798519152 1.31129501940 0.477643781181 1.14734453972 0.347501654958 -0.793285586347 -1.25165607444 -1.24717159499 -1.24416801884 -1.24241840550 -1.24433633985 -1.24613019937 -1.24812833181
# log_rec_devs:
 -1.07253493175 0.133075806098 -0.184606194904 0.358604371531 0.223552983990 0.395955781522 0.288922488797 -0.203407330086 -0.408167497660 0.423859587277 0.126985815397 0.00744640309918 -0.229498153001 -0.0784381449066 0.423542204787 1.28422393037 0.268423162042 0.581592276811 -0.0851120647226 0.965532968479 -0.319451884426 0.519503230290 -0.466507347986 -0.957181812007 -1.17942149721 -0.424855597225 1.00826541855 0.327734354487 0.106587526161 0.864930573482 -0.177062813825 -0.575893025558 0.240903350546 0.563891079900 -0.195017801485 -0.137836885899 0.316685894965 0.650364035867 0.252469587246 -0.260859371113 -1.05498398561 -1.38136027172 -0.442484262715 0.260497736983 -0.490995207729 0.877589084879 0.200193144218 -0.278163420928 -0.483828199957 0.825367873626 0.951371608135 0.0947453161327 -1.02032574887 -1.08154514715 -0.259697821002 1.59001207587 0.0307703734853 -0.636691058643 -0.723571591547 -0.334317119320 -0.0197831374264
# larv_rec_devs:
 0.00000000000 0.00000000000 0.00000000000 0.00000000000 0.00000000000 0.00000000000 0.00000000000 0.00000000000 0.00000000000 0.00000000000 0.00000000000
 0.00000000000 0.00000000000 0.00000000000 0.00000000000 0.00000000000 0.00000000000 0.00000000000 0.00000000000 0.00000000000 0.00000000000 0.00000000000
 0.00000000000 0.00000000000 0.00000000000 0.00000000000 0.00000000000 0.00000000000 0.00000000000 0.00000000000 0.00000000000 0.00000000000 0.00000000000
 0.00000000000 0.00000000000 0.00000000000 0.00000000000 0.00000000000 0.00000000000 0.00000000000 0.00000000000 0.00000000000 0.00000000000 0.00000000000
 0.00000000000 0.00000000000 0.00000000000 0.00000000000 0.00000000000 0.00000000000 0.00000000000 0.00000000000 0.00000000000 0.00000000000 0.00000000000
 0.00000000000 0.00000000000 0.00000000000 0.00000000000 0.00000000000 0.00000000000 0.00000000000 0.00000000000 0.00000000000 0.00000000000 0.00000000000
 0.00000000000 0.00000000000 0.00000000000 0.00000000000 0.00000000000 0.00000000000 0.00000000000 0.00000000000 0.00000000000 0.00000000000 0.00000000000
 0.00000000000 0.00000000000 0.00000000000 0.00000000000 0.00000000000 0.00000000000 0.00000000000 0.00000000000 0.00000000000 0.00000000000 0.00000000000
 0.00000000000 0.00000000000 0.00000000000 0.00000000000 0.00000000000 0.00000000000 0.00000000000 0.00000000000 0.00000000000 0.00000000000 0.00000000000
 0.00000000000 0.00000000000 0.00000000000 0.00000000000 0.00000000000 0.00000000000 0.00000000000 0.00000000000 0.00000000000 0.00000000000 0.00000000000
 0.00000000000 0.00000000000 0.00000000000 0.00000000000 0.00000000000 0.00000000000 0.00000000000 0.00000000000 0.00000000000 0.00000000000 0.00000000000
# log_F_devs:
 -0.680622431600 -0.658985468927 -0.738232846651 -0.194262733329 -0.216297807750 -0.173821709876 0.192888577920 0.541036432460 0.649026801880 0.777151206223 0.837246926242 0.638322959095 0.512740900576 0.367342421584 0.410038623920 0.392485481632 0.260362517300 -0.0733535788455 -0.466877773145 -0.601235757205 -0.578235258447 -0.557893833733 -0.617808490043 -0.921688154653 -0.584321079437 -0.546087686185 -0.108042347470 0.114499506944 0.505041531892 0.110034465565 -0.151179032210 -0.192304645646 -0.0380308052706 0.00768128470414 -0.176370031764 -0.391710449849 -0.314161931523 -0.215007789804 -0.0700185848539 -0.0315821693479 -0.178164290130 -0.258151863643 -0.0395603564372 0.0520729492240 0.175042789781 0.177291481110 0.0249593590265 0.351328062092 0.399873989195 0.400454800644 0.413686038653 0.546775591452 0.229434927022 0.192928534588 -0.0575286633341 0.0292540407079 0.302887741735 0.301757463328 0.0129742142333 0.000273253338897 -0.0953573029581
# sigr:
1.00000000000
# sel_devs_fsh:
 0.0526306381175 0.0888444294648 0.135936453670 -0.0466712974344 -0.0450377996505 -0.0580226044679 -0.0492846040993 -0.0387599228559 -0.0259968105860 -0.0134764149977 -0.00331213817547 0.00314704675177
 0.0610761715544 0.0965102078644 0.235383341698 -0.146238026830 -0.0973383526750 -0.0780029446146 -0.0570449874516 -0.0359519347827 -0.0215379754158 -0.000783831517804 0.0186726622656 0.0252566373181
 0.127915191584 0.0983240274693 0.00181215259419 -0.0113643081291 -0.0634273842976 -0.0662896060344 -0.0647794376325 -0.0426381390337 -0.0202083324415 0.00187527508863 0.0176683652515 0.0211118202032
 0.136074507059 0.0671271827635 0.153557647208 -0.115523427266 -0.114296267769 -0.107620052842 -0.0850986673456 -0.0293573811304 -0.00369292753935 0.0213975221899 0.0350903661679 0.0423420918231
 0.195422389799 0.140163100125 -0.0322309545639 -0.270652366444 -0.130891113585 -0.116935606248 -0.0590385009448 0.000668216210995 0.0354619436392 0.0624207629020 0.0769532977413 0.0986593720743
 0.0173254204835 0.0315720797103 -0.0785132394363 -0.0580296889993 -0.0105581945219 -0.0239387457538 -0.0587395878835 -0.00417596240758 0.0246073534351 0.0415892326950 0.0530781191573 0.0657812857757
 -0.228206072072 0.197466619911 0.116365021261 0.0749857282668 -0.0279140153447 -0.0144921379416 -0.0286469774962 -0.0393699006890 -0.0162181835941 -0.00782956465586 -0.00766910281385 -0.0184710003876
 -0.248968628088 0.106264831122 0.0673849117205 0.0448301642899 0.0317632524288 0.0440452643279 0.0179831401433 -0.00814322991770 -0.0122704055610 -0.00892511599006 -0.0104014143237 -0.0235636621900
 -0.205414225552 0.142220518553 0.179045725254 0.0324468778933 0.00147100093879 -0.0121728903793 -0.0110650410113 -0.0355892290993 -0.0223561976993 -0.0161427621111 -0.0173510779018 -0.0350925638750
 -0.184076914834 -0.180877911458 0.128657216115 0.0765610739613 0.0343709583798 0.0283966387506 0.0248771655786 -0.0126080752393 0.00370644633598 0.0213458276726 0.0298513133146 0.0297968250678
 -0.179867957754 -0.0776914825798 -0.0932977621056 0.0854706629831 0.0703799528548 0.0576551527361 0.0505779935526 0.00485235743049 0.00934622999159 0.0184704059059 0.0287655163413 0.0253394131811
 -0.166937740143 0.0224637659626 -0.133417319706 -0.0505031722595 0.0529195728771 0.0565849286745 0.0550821967416 0.0195795700808 0.0206174700962 0.0302195268597 0.0466791460701 0.0467103477225
 -0.205674031858 -0.130256579876 -0.0383272233491 -0.0329326147653 0.0419170184477 0.0484646326182 0.0597922322405 0.0510035625477 0.0458063710254 0.0441767234298 0.0578469072436 0.0581859357976
 -0.160003049306 -0.297211453425 -0.172890123999 -0.0495046690781 0.0597804525208 0.118927273611 0.103140108856 0.102492557149 0.0886328124405 0.0668141431857 0.0679228865660 0.0718901462401
 -0.180464124348 -0.426232245285 -0.164651211207 0.0494355245436 0.0798454790115 0.111644782923 0.114125030312 0.109881030157 0.0793365167039 0.0689082609227 0.0733514566114 0.0848206026884
 -0.162788078391 -0.205447271787 -0.231203874912 0.0812638006251 0.0698910144178 0.0438206404338 0.0500113379319 0.0773503138759 0.0690507501648 0.0537658932198 0.0582529583698 0.0960380401095
 -0.132156726586 -0.105557326949 -0.231572320313 0.00441239985974 0.101117398675 0.0370942502659 0.0374034282689 0.0517338098375 0.0518675029297 0.0422520732786 0.0506936800900 0.0927081263737
 -0.149914176265 0.0937472780885 -0.109121567211 -0.0935137811004 -0.0147943086087 0.0552642466544 0.0407543971033 0.0247953132302 0.0166350675291 0.0245478558642 0.0353220195321 0.0762776404389
 -0.146173458865 -0.171600103806 0.0479312738215 -0.0935584134614 0.126351779311 0.0604403943390 0.0694718212077 0.0397866998612 0.0147284577778 0.00283741315412 0.0103095493616 0.0394748646769
 -0.163894310719 0.0182473202112 0.114436084014 -0.0770843967900 -0.242210873771 0.115602800415 0.0928986956492 0.0905636994389 0.0193683634326 0.00959740207294 0.00137332828103 0.0211117568332
 -0.172892700221 -0.0594977366489 0.0488098263735 0.150436413101 0.00129550912204 -0.0573539068858 0.0419983193594 0.00415873464848 0.0784741200131 -0.00196864283345 -0.0247978762372 -0.00866281360925
 -0.175015066422 -0.108351862584 0.0901490651478 -0.110360627423 0.00617785343671 -0.00314667344120 -0.0723739043794 0.136779537732 0.134308249893 0.104934022010 0.0165522786664 -0.0196485590431
 -0.209614113330 -0.147316249545 0.419147878650 0.0201742878805 0.107909302153 -0.0457068048953 0.167253013866 -0.0480073204895 -0.0700005593398 -0.0790617329384 -0.0372268909642 -0.0775453305542
 -0.174696128108 -0.102719133376 -0.418402665858 0.108525645079 0.00773683101262 0.103295932745 0.160121272201 0.154112441206 0.0450272576502 0.0960832777290 0.0602807008510 -0.0393648365318
 -0.157736732670 -0.0607602724765 -0.383634952708 0.0224510405390 0.0812352553411 0.0362963150413 0.0264067114577 0.0798344647086 0.102062560389 0.0220396550068 0.157650773893 0.0741447494117
 -0.0812413942401 -0.00876065407460 -0.393019903803 -0.363379452999 -0.166917211183 -0.0458603180668 0.0954589091881 -0.0281899544430 0.183998683952 0.122430715604 0.352153122098 0.333330041561
 -0.147930038509 -0.0558636581600 0.495328672521 -0.293432805118 -0.388800129006 -0.0914355584834 -0.0675420978968 0.185661005485 0.145986635705 0.250576526506 -0.0498962611076 0.0173448348324
 -0.151299389065 -0.483105927274 0.00433730218723 0.791379865488 -0.0250271561791 -0.0356384696598 0.0448956758662 0.0495214402716 -0.0234864414261 -0.0248861585872 -0.130626461914 -0.0160748904651
 -0.0677331808357 -0.0223631128797 -0.743804758059 -0.234167240311 0.910494798510 0.260579095098 0.0212005351973 -0.0424627873896 -0.0626056649398 -0.0459804518689 0.0537532419420 -0.0269114904841
 -0.0346361534922 0.163801278916 -0.318325270976 -0.632963117949 -0.277603050811 0.467572280794 0.126283423655 0.177851018057 0.119325764627 0.114852230460 0.0647603628649 0.0290820287505
 -0.0418995121062 0.503495154838 0.263397324582 -0.822164302771 -0.689717494032 -0.271283973157 0.272899288974 0.296087680983 0.220031222745 0.156855556592 0.0664650207275 0.0458370175172
 -0.127022463430 0.331778476881 0.156049332516 0.627882891805 -0.0498145620948 -0.349104689286 -0.344469161213 -0.375425885723 0.00716779960111 0.0339386757550 0.0384237880993 0.0505901773011
 -0.103493000453 -0.385974756802 0.243454654692 0.241783719529 0.161315701819 0.236604696707 -0.165593441069 0.00391598443176 -0.103980803981 -0.0592468806785 -0.0469729630487 -0.0218144793080
 -0.139806654955 -0.348925191208 0.805611362624 0.408709753371 0.156003623664 -0.291418090809 0.199166607811 -0.0536584861158 -0.246559312976 -0.266561497523 -0.184944977253 -0.0376119713117
 -0.0850748982022 -0.135364036749 -0.508555959696 0.284773376532 0.359383409989 0.0207765551222 -0.0836472796199 0.207462199031 0.0671291772877 0.00223804690972 -0.0569797650545 -0.0721412320759
 -0.0501568942217 -0.202376609810 -0.427219661865 -0.252771108171 0.236840146117 0.547173326084 0.125621456364 -0.108346049690 0.0143682485770 0.0821475305243 0.0928072641110 -0.0580900208327
 -0.0817921300627 0.186692238602 0.0808108218505 0.0257417512909 -0.167607430579 0.0380179452594 0.0105305546169 0.0311387841208 0.0232481869303 -0.0265915201537 -0.0586909930612 -0.0614940710533
 -0.0856957331688 -0.317297858949 0.715432184662 -0.0548735569963 0.0863027222012 -0.103215473621 0.0388913789993 -0.0283459689350 -0.0414661596024 -0.0516255016001 -0.104405756945 -0.0536964964226
 -0.0461697590785 -0.131794547696 -0.647675761043 0.770171020387 0.0390008269253 -0.0616102864050 0.0656965105259 0.0207345039532 0.00196677800886 -0.00343092045689 0.0242311977509 -0.0311147597981
 -0.0732408700458 0.0814110227912 0.0236803331232 -0.323502001274 0.451074151832 0.254649275214 -0.0712024595461 -0.112577653983 -0.0662659800914 -0.0323334512680 -0.0455924325470 -0.0860977580260
 -0.0944337699491 0.102678332603 0.555746122473 -0.0535789006284 -0.309993003761 -0.0702966431646 -0.0585026841190 -0.0131520600695 -0.0465897447308 -0.0344321036338 -0.00113264398326 0.0236878136268
 -0.0524331738498 0.0452885550212 -0.0733625970602 0.000360281308972 -0.00985005291365 0.0154581215559 0.00218694825001 -0.0610581322609 -0.0209385614776 0.0156695381552 0.0531836534570 0.0854949006851
 0.000398854308543 -0.0363704244108 -0.550188788709 -0.169219327998 -0.0995628639308 0.0864964442196 0.0822193220067 0.108954675947 0.129414886544 0.0543800273135 0.198432072469 0.195046189172
 -0.0335544624372 -0.321858595693 0.234122225276 0.0130345516992 -0.191364121906 -0.127595135827 -0.0268459082481 0.000412192585078 -0.0126674287751 0.172737230024 0.162196018960 0.131381744728
 -0.00364655762668 0.0610712821238 -0.547474245393 0.487620916678 0.139885870567 -0.285000858155 -0.107575959532 0.112907258676 0.115014773815 0.00430268607838 -0.0551507170944 0.0780463630741
 -0.00698075665797 -0.127543508955 -0.00539128086810 -0.989836039332 0.478300083062 0.346116744909 0.110027556867 -0.00385031987025 0.0530709779775 0.142627204072 0.0506709185313 -0.0472143880601
 -0.0241274530485 0.163202300988 0.0802004237409 0.552873452840 -0.989306451222 0.0469339827929 0.0386051846254 0.0515052590326 0.0150633964095 -0.0481496735612 0.0317062215549 0.0814975529157
 0.0115564645520 -0.224382850824 -0.0253881710080 -0.259358347906 0.437780473656 -0.511132961466 -0.0635574846246 0.0704284302024 0.147793745738 0.185752829805 0.139972319378 0.0905236853636
 -0.0141106308225 0.124382712349 -0.0412809974697 -0.200934711091 -0.254418386639 0.198468114903 0.226451683977 -0.0337652332673 -0.0793185980679 0.0430097969532 0.0153834803075 0.0161303419727
 -0.00762440609043 -0.523863640920 1.04871742927 0.215073212570 -0.227009917507 -0.258239612064 -0.248317224386 -0.0112969213111 -0.00486541154240 -0.00278828844290 0.00932846439614 0.0108861929785
 0.0649601770811 -0.0969136539602 -1.44322986697 1.05767388406 0.355214901754 0.0158089924007 -0.239382838591 0.167590689973 0.119247565907 0.00225437810362 0.00380937218128 -0.00702978367980
 0.0520071162210 0.163989270497 -0.250681975809 -1.08754951055 0.609341832130 0.408000680669 0.200850851441 -0.296246077979 0.118464727922 0.0581093499643 0.0183072113919 0.00540121889589
 0.0198325678969 0.197464884466 0.127667165171 -0.508091716237 0.0898235986239 0.214719596335 0.151148477429 0.123550910907 -0.265397452358 -0.0768895129071 -0.0481042465343 -0.0257244514919
 0.0723934728949 0.756492369337 0.216046606678 -0.526171879023 -1.35311040835 0.0845471305198 0.509523783650 0.280214820357 0.150780481947 0.00625489088132 -0.0873095415024 -0.109662655734
 0.157000266072 0.847008047725 0.574265370633 0.783358738532 0.343347347604 -0.496039864194 -0.635686704742 -0.612235499275 -0.296259098987 -0.272645002888 -0.189424130985 -0.202689961646
 -0.0110391213947 0.571799761168 0.692629713953 -0.329428438402 -0.0933038735169 -0.468084463548 -0.144166098694 0.147842075140 -0.140325588050 -0.119901118565 -0.0624846401814 -0.0435447678284
 0.0145368678968 0.223993897900 -0.155996642873 0.375063360299 -0.0522700563910 -0.0207402666728 -0.108514367604 -0.0137275469291 -0.0669176238237 -0.229784693193 0.0165795978909 0.0177758345030
 0.0189741833402 -0.320513594061 -0.0214218804009 0.177060581584 0.306062957008 0.178893551917 -0.342971131811 -0.0913517797498 0.0303475207282 0.0653795321461 -0.0174269740256 0.0169660144557
 4.73296447456e-06 0.00429556305829 0.00440236209822 0.0800979482816 0.0231842847614 -0.0549507628174 0.000156884121322 -0.0449857307408 -0.0443625124660 -0.0141745498864 0.00142659037154 0.0449032041632
# sel_devs_bts:
 0.00000000000 0.00000000000 0.00000000000 0.00000000000 0.00000000000 0.00000000000 0.00000000000 0.00000000000
 0.00000000000 0.00000000000 0.00000000000 0.00000000000 0.00000000000 0.00000000000 0.00000000000 0.00000000000
 0.00000000000 0.00000000000 0.00000000000 0.00000000000 0.00000000000 0.00000000000 0.00000000000 0.00000000000
 0.00000000000 0.00000000000 0.00000000000 0.00000000000 0.00000000000 0.00000000000 0.00000000000 0.00000000000
 0.00000000000 0.00000000000 0.00000000000 0.00000000000 0.00000000000 0.00000000000 0.00000000000 0.00000000000
 0.00000000000 0.00000000000 0.00000000000 0.00000000000 0.00000000000 0.00000000000 0.00000000000 0.00000000000
 0.00000000000 0.00000000000 0.00000000000 0.00000000000 0.00000000000 0.00000000000 0.00000000000 0.00000000000
 0.00000000000 0.00000000000 0.00000000000 0.00000000000 0.00000000000 0.00000000000 0.00000000000 0.00000000000
 0.00000000000 0.00000000000 0.00000000000 0.00000000000 0.00000000000 0.00000000000 0.00000000000 0.00000000000
 0.00000000000 0.00000000000 0.00000000000 0.00000000000 0.00000000000 0.00000000000 0.00000000000 0.00000000000
 0.00000000000 0.00000000000 0.00000000000 0.00000000000 0.00000000000 0.00000000000 0.00000000000 0.00000000000
 0.00000000000 0.00000000000 0.00000000000 0.00000000000 0.00000000000 0.00000000000 0.00000000000 0.00000000000
 0.00000000000 0.00000000000 0.00000000000 0.00000000000 0.00000000000 0.00000000000 0.00000000000 0.00000000000
 0.00000000000 0.00000000000 0.00000000000 0.00000000000 0.00000000000 0.00000000000 0.00000000000 0.00000000000
 0.00000000000 0.00000000000 0.00000000000 0.00000000000 0.00000000000 0.00000000000 0.00000000000 0.00000000000
 0.00000000000 0.00000000000 0.00000000000 0.00000000000 0.00000000000 0.00000000000 0.00000000000 0.00000000000
 0.00000000000 0.00000000000 0.00000000000 0.00000000000 0.00000000000 0.00000000000 0.00000000000 0.00000000000
 0.00000000000 0.00000000000 0.00000000000 0.00000000000 0.00000000000 0.00000000000 0.00000000000 0.00000000000
 0.00000000000 0.00000000000 0.00000000000 0.00000000000 0.00000000000 0.00000000000 0.00000000000 0.00000000000
 0.00000000000 0.00000000000 0.00000000000 0.00000000000 0.00000000000 0.00000000000 0.00000000000 0.00000000000
 0.00000000000 0.00000000000 0.00000000000 0.00000000000 0.00000000000 0.00000000000 0.00000000000 0.00000000000
 0.00000000000 0.00000000000 0.00000000000 0.00000000000 0.00000000000 0.00000000000 0.00000000000 0.00000000000
 0.00000000000 0.00000000000 0.00000000000 0.00000000000 0.00000000000 0.00000000000 0.00000000000 0.00000000000
 0.00000000000 0.00000000000 0.00000000000 0.00000000000 0.00000000000 0.00000000000 0.00000000000 0.00000000000
 0.00000000000 0.00000000000 0.00000000000 0.00000000000 0.00000000000 0.00000000000 0.00000000000 0.00000000000
 0.00000000000 0.00000000000 0.00000000000 0.00000000000 0.00000000000 0.00000000000 0.00000000000 0.00000000000
 0.00000000000 0.00000000000 0.00000000000 0.00000000000 0.00000000000 0.00000000000 0.00000000000 0.00000000000
 0.00000000000 0.00000000000 0.00000000000 0.00000000000 0.00000000000 0.00000000000 0.00000000000 0.00000000000
 0.00000000000 0.00000000000 0.00000000000 0.00000000000 0.00000000000 0.00000000000 0.00000000000 0.00000000000
 0.00000000000 0.00000000000 0.00000000000 0.00000000000 0.00000000000 0.00000000000 0.00000000000 0.00000000000
 0.00000000000 0.00000000000 0.00000000000 0.00000000000 0.00000000000 0.00000000000 0.00000000000 0.00000000000
 0.00000000000 0.00000000000 0.00000000000 0.00000000000 0.00000000000 0.00000000000 0.00000000000 0.00000000000
 0.00000000000 0.00000000000 0.00000000000 0.00000000000 0.00000000000 0.00000000000 0.00000000000 0.00000000000
 0.00000000000 0.00000000000 0.00000000000 0.00000000000 0.00000000000 0.00000000000 0.00000000000 0.00000000000
 0.00000000000 0.00000000000 0.00000000000 0.00000000000 0.00000000000 0.00000000000 0.00000000000 0.00000000000
 0.00000000000 0.00000000000 0.00000000000 0.00000000000 0.00000000000 0.00000000000 0.00000000000 0.00000000000
 0.00000000000 0.00000000000 0.00000000000 0.00000000000 0.00000000000 0.00000000000 0.00000000000 0.00000000000
 0.00000000000 0.00000000000 0.00000000000 0.00000000000 0.00000000000 0.00000000000 0.00000000000 0.00000000000
 0.00000000000 0.00000000000 0.00000000000 0.00000000000 0.00000000000 0.00000000000 0.00000000000 0.00000000000
 0.00000000000 0.00000000000 0.00000000000 0.00000000000 0.00000000000 0.00000000000 0.00000000000 0.00000000000
 0.00000000000 0.00000000000 0.00000000000 0.00000000000 0.00000000000 0.00000000000 0.00000000000 0.00000000000
 0.00000000000 0.00000000000 0.00000000000 0.00000000000 0.00000000000 0.00000000000 0.00000000000 0.00000000000
# sel_devs_ats:
 0.351556712023 0.355654255087 0.335609217582 0.334925143215 0.350411800859 0.354393570582 0.348938182042
 0.392334389699 0.389042484262 0.388612728283 0.388005094977 0.390161464074 0.393408954769 0.396355195127
 0.462065194519 0.456290999719 0.423456837416 0.440377468356 0.433369487650 0.439868099229 0.428777425027
 0.443138073808 0.515120538589 0.504609769487 0.466879990426 0.475681574045 0.487071886844 0.464068549015
 0.470922842244 0.547496775085 0.540415046692 0.507024822852 0.500895023075 0.522339175754 0.499385932204
 0.507975554605 0.530206468743 0.575152855918 0.536633740417 0.546765553784 0.519286065748 0.531919971496
 0.573102394083 0.569008842143 0.554456744726 0.574722951892 0.573726433247 0.559227484937 0.548682929032
 0.573585519317 0.591077960280 0.580792168710 0.587502213449 0.586338462604 0.577098918843 0.566497175011
 0.538809431295 0.535578681552 0.605190188641 0.619164415823 0.604575773989 0.590758247534 0.587899865670
 0.530999523333 0.544670088349 0.628802832113 0.626862971065 0.609491275312 0.600235205732 0.598076777099
 0.628724664890 0.596835462388 0.535019376334 0.563029900055 0.590074687730 0.597702732311 0.603130125883
 0.605756580150 0.584774279672 0.542222240659 0.555405906433 0.578932857860 0.589160879355 0.596459557307
 0.613355990411 0.597450254141 0.567299933990 0.583470608814 0.589533662871 0.574545322037 0.576897764464
 0.630295448118 0.592247406271 0.543481380859 0.538271014018 0.550059051238 0.559734800771 0.570091181261
 0.585527645124 0.578792933970 0.545912449708 0.546588220640 0.557290595442 0.564235607487 0.555942779875
 0.577138596567 0.547325615210 0.568882981341 0.536997446391 0.539872650005 0.542360446581 0.524855568161
 0.548087202228 0.530121116417 0.514291075902 0.522520532186 0.527362499205 0.526536744975 0.506802219580
 0.542038180774 0.511867352821 0.498637039276 0.506777224521 0.514629430150 0.512677278057 0.490379044551
 0.514492257656 0.527641069727 0.542974107075 0.533728415948 0.533782507178 0.513286964912 0.470988059702
 0.527171847037 0.514676714260 0.542429651050 0.528366956335 0.536535163457 0.519827078631 0.468276304917
 0.439959336179 0.558310937774 0.576240423518 0.549038466744 0.513859770091 0.512319883765 0.500779139274
 0.428607531014 0.515183617951 0.591107571796 0.536784896601 0.508596013036 0.506537532934 0.539065625877
 0.541715126348 0.486053531609 0.427420069883 0.516364982793 0.534049174553 0.532833816469 0.560131679361
 0.538826108338 0.501949294591 0.467087103716 0.538208196628 0.545267782999 0.548030544729 0.564109909917
 0.544182567726 0.554289388755 0.586218927347 0.562972613869 0.557733579592 0.553139754363 0.560005986133
 0.553925003609 0.573492811973 0.601300170577 0.577417850816 0.564770009610 0.571022337036 0.580877006724
 0.568405288781 0.583080824648 0.615695183351 0.592633342458 0.580147176639 0.589389812446 0.597178113663
 0.568546894644 0.578422093891 0.637610532442 0.603007337256 0.590573931719 0.604458828492 0.610732611994
 0.622064452476 0.613677721181 0.552336769608 0.587052955118 0.593802030304 0.620176995593 0.621085573071
 0.612555008371 0.613313108721 0.566979157728 0.596790435741 0.587817792486 0.631454330466 0.622743406090
# sel_coffs_fsh:
 -4.21534014188 -2.26018150459 -0.954437671276 0.344368719129 0.328657175486 0.304183963770 0.269161627149 0.234237176643 0.204440210019 0.181733843842 0.164249846184 0.150743734161
# sel_coffs_bts:
 -0.0100000000000 -0.0100000000000 -0.0100000000000 -0.0100000000000 -0.0100000000000 -0.0100000000000 -0.0100000000000 -0.0100000000000
# sel_coffs_ats:
 -0.181844151498 -0.172871984615 0.00771543452080 0.138780000331 0.197110279430 0.312024795663 0.463560513308
# sel_slp_bts:
0.957850240631
# sel_a50_bts:
6.24515866037
# sel_age_one_bts:
-3.14665013355
# sel_slp_bts_dev:
 -0.758059103901 -0.533801170646 -0.596463546208 -0.669975705917 -0.668336478656 -0.611987184788 -0.347256405136 -0.241512534092 0.203663277972 0.285389811106 0.342460121507 0.409836865225 0.207699425867 0.0503630496463 -0.232514445160 -0.291959260587 -0.447549609409 -0.373429149347 -0.212834605339 -0.244523471394 -0.00780628199078 0.0936661376632 0.0341427015691 0.119214909079 -0.106879230516 0.251508112247 0.307823704858 0.161080993442 0.466261365500 0.425544006506 0.308437668517 0.231650615530 0.752339602638 0.782320549714 0.406283274246 0.245595480732 -0.214160251817 0.212194623676 0.123251674467 0.0476824030364 0.0861930836503 -0.147404659659 0.151849636170
# sel_a50_bts_dev:
 0.125135561208 0.0326802592530 0.167249972552 0.220119369261 0.236901621567 0.160463967223 -0.0149412493741 -0.0607946998105 -0.183327160794 -0.193179164912 -0.224270361116 -0.225202351128 -0.101496421340 0.0145935813150 0.181406716290 0.203630717691 0.281015861263 0.207397634069 0.115830659008 0.125422875501 0.0424970149480 0.0244485466689 0.0620787748923 0.0230649414914 0.124548749741 -0.0209944887080 -0.0324794031563 0.0142766119923 -0.116910839841 -0.0964598734463 -0.0960305636386 -0.111971174401 -0.307655908401 -0.357138565549 -0.199595807704 -0.120617897839 0.0960503970215 -0.0735686519703 -0.0275418177206 0.0166405720814 -0.0173285701551 0.125688064536 -0.0196374985682
# sel_age_one_bts_dev:
 -0.00167469016069 -0.0210653928741 -0.0681316579991 -0.166180736397 -0.244884461208 -0.188994919312 -0.158683577700 -0.0877068903596 -0.0430121464899 -0.105361539656 -0.0837774063419 -0.0612394654355 -0.0854097276747 -0.0916513128674 -0.0739617024962 -0.00154440234598 0.0556679711998 0.100305141057 0.135373112531 0.104436080046 0.0986155470803 0.129538112556 0.0761041076733 0.0405108667313 0.0251408144507 0.0304732770410 0.163192316398 0.287519150849 0.229012264901 0.0190978683697 0.00499548031189 0.0767701988940 0.0488776412552 -0.0129209654578 -0.0585290750980 -0.0678266757143 -0.00380634220755 0.148205047707 0.0599502037276 -0.0283045137560 -0.0511230292403 -0.0661567965111 -0.0618377754777
# sel_dif1_fsh:
1.00000000000
# sel_a501_fsh:
3.00000000000
# sel_trm2_fsh:
0.900000000000
# sel_dif2_fsh:
5.00000000000
# sel_dif1_fsh_dev:
 0.00000000000 0.00000000000 0.00000000000 0.00000000000 0.00000000000 0.00000000000 0.00000000000 0.00000000000 0.00000000000 0.00000000000 0.00000000000 0.00000000000 0.00000000000 0.00000000000 0.00000000000 0.00000000000 0.00000000000 0.00000000000 0.00000000000 0.00000000000 0.00000000000 0.00000000000 0.00000000000 0.00000000000 0.00000000000 0.00000000000 0.00000000000 0.00000000000 0.00000000000 0.00000000000 0.00000000000 0.00000000000 0.00000000000 0.00000000000 0.00000000000 0.00000000000 0.00000000000 0.00000000000 0.00000000000 0.00000000000 0.00000000000 0.00000000000 0.00000000000 0.00000000000 0.00000000000 0.00000000000 0.00000000000 0.00000000000 0.00000000000 0.00000000000 0.00000000000 0.00000000000 0.00000000000 0.00000000000 0.00000000000 0.00000000000 0.00000000000 0.00000000000 0.00000000000 0.00000000000 0.00000000000
# sel_a501_fsh_dev:
 0.00000000000 0.00000000000 0.00000000000 0.00000000000 0.00000000000 0.00000000000 0.00000000000 0.00000000000 0.00000000000 0.00000000000 0.00000000000 0.00000000000 0.00000000000 0.00000000000 0.00000000000 0.00000000000 0.00000000000 0.00000000000 0.00000000000 0.00000000000 0.00000000000 0.00000000000 0.00000000000 0.00000000000 0.00000000000 0.00000000000 0.00000000000 0.00000000000 0.00000000000 0.00000000000 0.00000000000 0.00000000000 0.00000000000 0.00000000000 0.00000000000 0.00000000000 0.00000000000 0.00000000000 0.00000000000 0.00000000000 0.00000000000 0.00000000000 0.00000000000 0.00000000000 0.00000000000 0.00000000000 0.00000000000 0.00000000000 0.00000000000 0.00000000000 0.00000000000 0.00000000000 0.00000000000 0.00000000000 0.00000000000 0.00000000000 0.00000000000 0.00000000000 0.00000000000 0.00000000000 0.00000000000
# sel_trm2_fsh_dev:
 0.00000000000 0.00000000000 0.00000000000 0.00000000000 0.00000000000 0.00000000000 0.00000000000 0.00000000000 0.00000000000 0.00000000000 0.00000000000 0.00000000000 0.00000000000 0.00000000000 0.00000000000 0.00000000000 0.00000000000 0.00000000000 0.00000000000 0.00000000000 0.00000000000 0.00000000000 0.00000000000 0.00000000000 0.00000000000 0.00000000000 0.00000000000 0.00000000000 0.00000000000 0.00000000000 0.00000000000 0.00000000000 0.00000000000 0.00000000000 0.00000000000 0.00000000000 0.00000000000 0.00000000000 0.00000000000 0.00000000000 0.00000000000 0.00000000000 0.00000000000 0.00000000000 0.00000000000 0.00000000000 0.00000000000 0.00000000000 0.00000000000 0.00000000000 0.00000000000 0.00000000000 0.00000000000 0.00000000000 0.00000000000 0.00000000000 0.00000000000 0.00000000000 0.00000000000 0.00000000000 0.00000000000
# rec_dev_future:
 0.00000000000 0.00000000000 0.00000000000 0.00000000000 0.00000000000
# M_dev:
 0.00000000000 0.00000000000 0.00000000000 0.00000000000 0.00000000000 0.00000000000 0.00000000000 0.00000000000 0.00000000000 0.00000000000 0.00000000000 0.00000000000 0.00000000000 0.00000000000 0.00000000000 0.00000000000 0.00000000000 0.00000000000 0.00000000000 0.00000000000 0.00000000000 0.00000000000 0.00000000000 0.00000000000 0.00000000000 0.00000000000 0.00000000000 0.00000000000 0.00000000000 0.00000000000 0.00000000000 0.00000000000 0.00000000000 0.00000000000 0.00000000000 0.00000000000 0.00000000000 0.00000000000 0.00000000000 0.00000000000 0.00000000000 0.00000000000 0.00000000000 0.00000000000 0.00000000000 0.00000000000 0.00000000000 0.00000000000 0.00000000000 0.00000000000 0.00000000000 0.00000000000 0.00000000000 0.00000000000 0.00000000000 0.00000000000 0.00000000000 0.00000000000 0.00000000000 0.00000000000
# L1:
28.2780669297
# L2:
46.0963291249
# log_alpha:
-11.0000000000
# log_K:
-0.127712246108
# d_scale:
 0.524271024913 0.704796040763 0.765596328803 0.829605782518 0.869713549115 0.932864170309 0.978332046213 0.974084119037 0.994010003600 0.933090165954 0.952799216910 0.861008033475 1.00250077521
# coh_eff:
 0.00000000000 0.00000000000 0.00000000000 0.00000000000 0.00000000000 0.00000000000 0.00000000000 0.00000000000 0.00000000000 0.00000000000 0.00000000000 0.00000000000 0.00000000000 0.00000000000 0.00000000000 0.00000000000 -0.195725034677 0.270195916667 0.0178819553928 0.507850355927 -0.424944285080 0.557308863962 -0.494050934396 0.447587471028 0.0390352377056 -0.116116560811 -0.431927564395 -0.590148885579 0.549418988415 0.649129626249 1.12421041563 -0.0507821055929 0.605563177546 -0.0270278339287 -1.01445266758 -0.880882542780 -0.972450020013 0.848661449469 1.78563180220 0.499989906610 -0.989846710470 -0.0785235710966 0.964749515584 0.464439798216 0.393605556649 -0.0710531995979 0.382437883582 0.875274560634 1.45540093090 0.411144041441 -0.804029152490 -1.12250308029 -0.453700863509 -1.67131726588 -0.775240240695 -1.53854944213 -2.03471543628 -1.88593692517 -1.15802453609 0.720734774983 0.774457856137 0.0191161682108 0.321799971384 0.564117746163 1.40880573493 0.370852640289 0.189006828947 1.11705019421 1.66502114372 0.353909854580 0.00000000000 0.00000000000
# yr_eff:
 0.00000000000 0.182051555463 -0.0368399297881 0.255811595016 0.285237483120 1.41123048002 0.323892845812 1.80156855130 0.261990698575 0.994112463230 1.05417289336 0.686778347576 -0.0135122373809 0.710121604794 -0.714577554450 -0.0426538742706 -1.56817964530 -0.750080538117 -1.17331689698 -0.904122364677 0.295509297913 0.0313350593339 0.0445352556174 0.820971688423 -0.0655039733348 -0.492021659584 -0.720847590607 -0.326736200933 -0.623959550623 -0.447259969023 -0.347642087681 0.433006654705 -0.0962549192215 -0.206934543084 -0.437963849189 -0.880862676498 -0.255303387548 0.847882017375 0.262083555783 1.32470159124 0.497071413128 0.644254173240 0.0107439000707 0.428681032909 0.558671309549 -2.25875977859 -0.485372846578 -0.209311810960 -1.02216174397 0.652145156228 -1.76718716445 -1.55095934557 -0.242907010107 -3.43125745072 0.849623880052 0.00000000000 0.00000000000 0.00000000000 0.00000000000 0.00000000000
# resid_temp_x1:
0.00000000000
# resid_temp_x2:
0.00000000000
# log_a_II:
 -6.00000000000 -6.00000000000 -6.00000000000
 -6.00000000000 -6.00000000000 -6.00000000000
# log_b_II:
 6.00000000000 6.00000000000 6.00000000000
 6.00000000000 6.00000000000 6.00000000000
# log_a_II_vec:
 -4.00000000000 -4.00000000000
# log_b_II_vec:
 2.50000000000 2.50000000000
# log_rho:
 -2.50000000000 -2.50000000000 -2.50000000000
 -2.50000000000 -2.50000000000 -2.50000000000
# log_resid_M:
 -1.45000000000 -1.45000000000 -1.45000000000
