    unsorted:	 1434.360265 212.1115481 3910.157401 2.000000000
      sorted:	 2.000000000 212.1115481 1434.360265 3910.157401
