ParName   Value   Gradient
log_avgrec      10.0136  -2.0782e-05
log_avginit      6.41749 -4.06604e-06
log_avg_F     -1.62465 -2.75961e-05
log_q_cpue    -0.388012 -1.48728e-05
log_q_avo     -8.34053   1.1995e-05
log_F_devs(1964)     -2.16707 -4.15962e-05
log_F_devs(1965)     -1.66031  -4.2554e-05
log_F_devs(1966)     -1.32414 -5.61988e-05
log_F_devs(1967)    -0.473593  5.70862e-07
log_F_devs(1968)    -0.266575   7.3948e-05
log_F_devs(1969)    -0.165586  0.000104421
log_F_devs(1970)     0.166496  0.000127503
log_F_devs(1971)     0.578716  0.000132095
log_F_devs(1972)     0.828863  9.65323e-05
log_F_devs(1973)     0.959034  6.70989e-05
log_F_devs(1974)      1.00973  6.43044e-05
log_F_devs(1975)     0.915453  1.11157e-06
log_F_devs(1976)     0.751727  2.98238e-05
log_F_devs(1977)     0.462857  8.31609e-06
log_F_devs(1978)     0.348689 -5.39241e-06
log_F_devs(1979)     0.193261  1.05338e-05
log_F_devs(1980)     0.123594 -1.45676e-06
log_F_devs(1981)     0.042358  2.32799e-05
log_F_devs(1982)    -0.118309  1.18836e-05
log_F_devs(1983)    -0.220137  2.55654e-05
log_F_devs(1984)    -0.188087 -2.16114e-05
log_F_devs(1985)    -0.186841 -1.72352e-05
log_F_devs(1986)    -0.213641 -3.10892e-05
log_F_devs(1987)    -0.512546  2.64761e-06
log_F_devs(1988)    -0.217144  3.28269e-06
log_F_devs(1989)     -0.17888  1.68884e-05
log_F_devs(1990)    0.0893639    -1.25e-05
log_F_devs(1991)    0.0550437 -1.95306e-05
log_F_devs(1992)     0.288485 -4.66418e-05
log_F_devs(1993)    0.0477912  5.04304e-06
log_F_devs(1994)   -0.0314662 -1.66442e-05
log_F_devs(1995)    -0.117509 -6.37973e-07
log_F_devs(1996)    -0.189651  2.42237e-05
log_F_devs(1997)    -0.245764  4.21491e-05
log_F_devs(1998)    -0.276434 -5.37317e-06
log_F_devs(1999)    -0.364588 -5.17545e-05
log_F_devs(2000)    -0.223462   -2.349e-05
log_F_devs(2001)   -0.0803231   -4.656e-05
log_F_devs(2002)    0.0441368 -6.95948e-05
log_F_devs(2003)      0.11112  6.75978e-08
log_F_devs(2004)    0.0857569 -1.50626e-05
log_F_devs(2005)    0.0933365  -2.6855e-05
log_F_devs(2006)     0.218335  2.40854e-05
log_F_devs(2007)     0.283623  -3.2433e-05
log_F_devs(2008)     0.327729 -4.36821e-05
log_F_devs(2009)   -0.0323969 -3.16342e-06
log_F_devs(2010)    -0.265714 -1.16317e-05
log_F_devs(2011)     0.125846 -1.59822e-05
log_F_devs(2012)   -0.0529424 -2.04395e-05
log_F_devs(2013)    -0.166554 -1.33517e-05
log_F_devs(2014)   -0.0818698 -1.79792e-05
log_F_devs(2015)     0.101139 -2.45898e-05
log_F_devs(2016)     0.103149 -3.35925e-05
log_F_devs(2017)   -0.0134957 -2.77402e-05
log_F_devs(2018)   -0.0175121 -2.17587e-05
log_F_devs(2019)    0.0586016 -7.64397e-06
log_F_devs(2020)     0.407926 -5.25667e-05
log_F_devs(2021)     0.595322 -2.00899e-05
log_F_devs(2022)     0.148533 -1.01296e-05
log_F_devs(2023)     0.313527  2.51573e-05
log_F_devs(2024)     0.172991 -1.83594e-05
sel_coffs_fsh(1)     -7.98902 -5.44477e-07
sel_coffs_fsh(2)     -3.72118 -5.83557e-06
sel_coffs_fsh(3)     -1.65525 -6.75498e-06
sel_coffs_fsh(4)    -0.576596 -8.31761e-06
sel_coffs_fsh(5)    0.0357058 -1.59575e-06
sel_coffs_fsh(6)     0.370139  -9.9881e-06
sel_coffs_fsh(7)     0.495477  3.02503e-05
sel_coffs_fsh(8)      0.46334 -2.59301e-06
sel_coffs_fsh(9)      0.40881 -7.77138e-06
sel_coffs_fsh(10)     0.340325   2.0756e-05
sel_coffs_fsh(11)     0.285931   1.8091e-06
sel_coffs_fsh(12)     0.236044 -9.67152e-06
sel_slp_bts      1.04985  3.62672e-05
sel_a50_bts      5.94904  8.98164e-05
sel_age_one_bts      -3.2085   7.7625e-06
L1      28.2408 -0.000698955
L2      45.9082  0.000201437
log_K    -0.132219 -0.000290103
coh_eff(1955)            0            0
coh_eff(1956)            0            0
coh_eff(1957)            0            0
coh_eff(1958)            0            0
coh_eff(1959)            0            0
coh_eff(1960)            0            0
coh_eff(1961)            0            0
coh_eff(1962)            0            0
coh_eff(1963)            0            0
coh_eff(1964)            0            0
coh_eff(1965)            0            0
coh_eff(1966)            0            0
coh_eff(1967)            0            0
coh_eff(1968)            0            0
coh_eff(1969)            0            0
coh_eff(1970)            0            0
coh_eff(1971)    -0.136682 -1.86518e-06
coh_eff(1972)     0.251618 -4.08521e-06
coh_eff(1973)   -0.0146724 -1.76483e-06
coh_eff(1974)      0.54091  -5.1938e-06
coh_eff(1975)    -0.321142 -2.74011e-07
coh_eff(1976)     0.443177  5.35672e-06
coh_eff(1977)    -0.333339  4.46991e-06
coh_eff(1978)     0.454322  3.78954e-06
coh_eff(1979)   -0.0256519  3.41514e-06
coh_eff(1980)    -0.151353 -1.37044e-06
coh_eff(1981)     -1.26723 -5.93922e-06
coh_eff(1982)     -3.02812  8.77024e-06
coh_eff(1983)     -1.80147 -1.53188e-06
coh_eff(1984)     -1.42604  -1.0353e-05
coh_eff(1985)      -1.0677 -4.30256e-05
coh_eff(1986)      -2.5482  -3.2748e-05
coh_eff(1987)     -1.02619   7.1202e-06
coh_eff(1988)     -1.39051  -7.6531e-06
coh_eff(1989)      -2.9571 -1.27237e-06
coh_eff(1990)     -2.84878  3.33041e-06
coh_eff(1991)     -2.15592  -1.4415e-05
coh_eff(1992)     0.268605 -0.000103676
coh_eff(1993)      1.55679   0.00011367
coh_eff(1994)    -0.402465  2.85483e-05
coh_eff(1995)     -2.41666  0.000152146
coh_eff(1996)     -1.78378  2.52834e-05
coh_eff(1997)     0.154004  6.13248e-05
coh_eff(1998)   -0.0975216 -2.76415e-05
coh_eff(1999)     0.362675 -2.27676e-05
coh_eff(2000)    -0.111801 -2.34693e-05
coh_eff(2001)     0.348961  4.09393e-06
coh_eff(2002)     0.852421 -4.31548e-05
coh_eff(2003)      1.46168 -0.000161653
coh_eff(2004)     0.403633  9.75015e-06
coh_eff(2005)    -0.817848 -1.18186e-05
coh_eff(2006)     -1.19537  1.31606e-05
coh_eff(2007)    -0.476865  3.69952e-05
coh_eff(2008)     -1.76547  1.65721e-05
coh_eff(2009)    -0.796819  0.000148132
coh_eff(2010)     -1.61694  0.000115371
coh_eff(2011)     -2.07374  6.74391e-05
coh_eff(2012)     -1.90423 -5.77501e-05
coh_eff(2013)     -1.17951  7.77828e-06
coh_eff(2014)     0.700034 -0.000241478
coh_eff(2015)     0.770688  -6.0659e-05
coh_eff(2016)   0.00224846 -5.10639e-05
coh_eff(2017)     0.302487  6.17362e-05
coh_eff(2018)     0.528299  3.86843e-05
coh_eff(2019)      1.36141  2.53494e-05
coh_eff(2020)     0.367022  5.63004e-05
coh_eff(2021)     0.214404 -0.000295507
coh_eff(2022)      1.13818  3.43523e-05
coh_eff(2023)      1.63417  1.02646e-05
coh_eff(2024)    0.0235121  -4.5415e-06
coh_eff(2025)            0            0
coh_eff(2026)            0            0
yr_eff(1970)            0            0
yr_eff(1971)     0.182915 -3.92312e-06
yr_eff(1972)    0.0405239 -1.65021e-05
yr_eff(1973)     0.307455  4.94609e-07
yr_eff(1974)     0.291727 -7.49354e-05
yr_eff(1975)      1.34183 -2.56336e-05
yr_eff(1976)      0.52088 -1.22225e-05
yr_eff(1977)      2.75972 -1.16404e-05
yr_eff(1978)     0.564532  2.31276e-05
yr_eff(1979)      2.37455  4.74682e-06
yr_eff(1980)      1.48042 -1.63596e-05
yr_eff(1981)     0.831383  0.000123359
yr_eff(1982)    -0.679945  1.40685e-05
yr_eff(1983)      1.26484  0.000117003
yr_eff(1984)    -0.164268  2.66426e-06
yr_eff(1985)      0.62148  -0.00014951
yr_eff(1986)    -0.900113  -3.8574e-05
yr_eff(1987)     0.289827 -5.09108e-05
yr_eff(1988)    -0.417317 -1.50508e-05
yr_eff(1989)    -0.781229 -0.000194466
yr_eff(1990)     0.707355 -2.94357e-05
yr_eff(1991)      1.00249 -0.000172217
yr_eff(1992)     0.509243 -3.81092e-05
yr_eff(1993)      1.39328 -0.000551333
yr_eff(1994)     0.148703 -0.000225199
yr_eff(1995)    -0.227327 -3.85318e-05
yr_eff(1996)    -0.580553  0.000212062
yr_eff(1997)     0.584294  6.57788e-05
yr_eff(1998)    -0.229468  0.000286716
yr_eff(1999)     0.252571  0.000104283
yr_eff(2000)   -0.0733662  1.27235e-05
yr_eff(2001)     0.655567  1.13778e-06
yr_eff(2002)     0.149084 -7.71133e-05
yr_eff(2003)    0.0431174 -7.12533e-05
yr_eff(2004)    -0.205259 -0.000122989
yr_eff(2005)     -0.65678 -0.000239921
yr_eff(2006)   -0.0221322 -1.13496e-05
yr_eff(2007)      1.07992 -1.00597e-05
yr_eff(2008)     0.507283  2.73938e-05
yr_eff(2009)      1.58646  0.000157067
yr_eff(2010)     0.727085  0.000567747
yr_eff(2011)     0.903628  0.000149922
yr_eff(2012)      0.25672  0.000214468
yr_eff(2013)      0.65594  0.000714651
yr_eff(2014)     0.777283  0.000395279
yr_eff(2015)     -1.97699  7.76853e-05
yr_eff(2016)    -0.241048 -8.13005e-05
yr_eff(2017)    0.0313607 -0.000118703
yr_eff(2018)    -0.800642  -3.4627e-05
yr_eff(2019)     0.872677  4.51392e-05
yr_eff(2020)     -1.49639  0.000153094
yr_eff(2021)     -1.27546  2.26413e-05
yr_eff(2022)   -0.0323187  0.000156898
yr_eff(2023)     -3.23123  9.77932e-05
yr_eff(2024)     0.829161 -5.42098e-08
yr_eff(2025)            0            0
yr_eff(2026)            0            0
yr_eff(2027)            0            0
yr_eff(2028)            0            0
yr_eff(2029)            0            0
