ParName   Value   Gradient
log_avgrec      9.79399  1.76676e-05
log_avginit      4.28618 -1.73189e-06
log_avg_F     -1.13926  1.63563e-06
log_Rzero      10.1027  1.23358e-07
log_q_cpue      1.02463   2.0814e-06
log_q_avo     -8.63261 -1.54208e-06
log_initdevs(2)      3.63651 -4.24581e-05
log_initdevs(3)      3.11932  8.11653e-06
log_initdevs(4)       1.6129 -1.21123e-05
log_initdevs(5)     0.512504   9.8101e-06
log_initdevs(6)     0.999225  1.70603e-06
log_initdevs(7)     0.174759 -1.10945e-06
log_initdevs(8)    -0.916627 -4.28782e-06
log_initdevs(9)     -1.34524 -6.62914e-06
log_initdevs(10)     -1.32291   1.2597e-05
log_initdevs(11)      -1.3075 -4.27071e-06
log_initdevs(12)     -1.29366  5.02597e-08
log_initdevs(13)     -1.29064 -1.02344e-05
log_initdevs(14)     -1.28889  8.60867e-06
log_initdevs(15)     -1.28976  1.08323e-06
log_rec_devs(1964)         -1.2  2.75961e-05
log_rec_devs(1965)   -0.0722541   1.9748e-05
log_rec_devs(1966)    -0.533575  3.09637e-05
log_rec_devs(1967)     0.076496  4.69918e-05
log_rec_devs(1968)    0.0934142  2.23327e-05
log_rec_devs(1969)     0.360586 -3.24242e-05
log_rec_devs(1970)     0.291161  3.72353e-05
log_rec_devs(1971)    -0.144684   9.1425e-06
log_rec_devs(1972)    -0.313295  -5.6525e-05
log_rec_devs(1973)     0.344781 -5.72498e-06
log_rec_devs(1974)    -0.188424  6.72329e-05
log_rec_devs(1975)    -0.311151  4.50811e-05
log_rec_devs(1976)    -0.339642 -9.21838e-06
log_rec_devs(1977)    -0.253927 -3.26307e-05
log_rec_devs(1978)     0.270237 -2.50144e-05
log_rec_devs(1979)       1.1754 -9.10463e-06
log_rec_devs(1980)     0.482108  1.08671e-06
log_rec_devs(1981)     0.684477  3.28493e-06
log_rec_devs(1982)   -0.0108757 -5.21786e-06
log_rec_devs(1983)      1.06876  7.33349e-06
log_rec_devs(1984)    -0.174016 -4.66353e-06
log_rec_devs(1985)     0.679874  5.75171e-06
log_rec_devs(1986)    -0.396487 -3.00778e-06
log_rec_devs(1987)    -0.912312 -9.20205e-06
log_rec_devs(1988)     -1.25154  9.66874e-06
log_rec_devs(1989)    -0.512118 -1.54581e-06
log_rec_devs(1990)       1.0512  -5.9437e-06
log_rec_devs(1991)     0.313132 -6.41636e-07
log_rec_devs(1992)    0.0445722    4.693e-06
log_rec_devs(1993)     0.757709  1.10808e-05
log_rec_devs(1994)    -0.321523  5.40406e-06
log_rec_devs(1995)    -0.650425  4.92473e-05
log_rec_devs(1996)     0.184401 -3.33421e-06
log_rec_devs(1997)     0.585464 -1.36393e-05
log_rec_devs(1998)    -0.167972 -3.42526e-06
log_rec_devs(1999)     -0.09629 -7.26456e-06
log_rec_devs(2000)     0.304924 -1.16989e-05
log_rec_devs(2001)      0.65452 -3.08014e-05
log_rec_devs(2002)     0.262648  2.13067e-05
log_rec_devs(2003)    -0.148428  5.73663e-06
log_rec_devs(2004)    -0.930854 -2.17146e-05
log_rec_devs(2005)     -1.30633 -7.06332e-05
log_rec_devs(2006)    -0.359774  6.21248e-05
log_rec_devs(2007)     0.486764   1.6976e-05
log_rec_devs(2008)    -0.454576  2.82057e-05
log_rec_devs(2009)      0.97388  7.28286e-05
log_rec_devs(2010)     0.186263  3.80397e-05
log_rec_devs(2011)    -0.358245 -6.76132e-06
log_rec_devs(2012)    -0.441249  2.88006e-05
log_rec_devs(2013)      1.01975   5.5103e-05
log_rec_devs(2014)     0.969834 -2.21972e-05
log_rec_devs(2015)   -0.0922323  9.72762e-06
log_rec_devs(2016)     -1.23418 -1.20148e-05
log_rec_devs(2017)     -1.29969 -2.05897e-05
log_rec_devs(2018)    -0.566247  3.25682e-05
log_rec_devs(2019)      1.53687 -8.61699e-06
log_rec_devs(2020)     0.287349  1.28897e-06
log_rec_devs(2021)   -0.0165544 -3.35647e-06
log_rec_devs(2022)   -0.0762432 -4.66422e-05
log_rec_devs(2023)     0.113576 -1.45526e-05
log_rec_devs(2024)    -0.125039  3.41544e-06
log_F_devs(1964)   -0.0484817  3.52084e-05
log_F_devs(1965)     0.180702 -1.67544e-05
log_F_devs(1966)    0.0692277 -4.05183e-05
log_F_devs(1967)     0.626012 -3.01156e-05
log_F_devs(1968)     0.721709 -2.23285e-05
log_F_devs(1969)      0.76598  4.93107e-05
log_F_devs(1970)      1.04139  7.96062e-05
log_F_devs(1971)      1.36783  3.75079e-05
log_F_devs(1972)      1.48804  -4.3105e-05
log_F_devs(1973)       1.5323  2.76824e-05
log_F_devs(1974)      1.74262  4.90072e-06
log_F_devs(1975)      1.83168 -0.000104275
log_F_devs(1976)      1.55517 -8.21016e-06
log_F_devs(1977)      1.24415   8.4327e-06
log_F_devs(1978)      1.22842  6.13247e-05
log_F_devs(1979)       1.1814 -2.42765e-07
log_F_devs(1980)      1.02182 -4.16624e-05
log_F_devs(1981)     0.515569 -4.32953e-06
log_F_devs(1982)    -0.133279  1.52885e-06
log_F_devs(1983)    -0.563437 -1.49284e-05
log_F_devs(1984)    -0.715987  6.29969e-06
log_F_devs(1985)    -0.783998  1.16865e-05
log_F_devs(1986)     -0.87387  9.82259e-06
log_F_devs(1987)     -1.23363 -1.21047e-05
log_F_devs(1988)    -0.916884  9.25345e-07
log_F_devs(1989)    -0.828264  9.90337e-06
log_F_devs(1990)    -0.459323  1.87184e-05
log_F_devs(1991)    -0.318763 -1.89122e-05
log_F_devs(1992)    0.0665826  5.81308e-06
log_F_devs(1993)    -0.189981  2.24634e-06
log_F_devs(1994)    -0.385555  1.58319e-05
log_F_devs(1995)    -0.528548   1.0148e-05
log_F_devs(1996)    -0.608843  7.86687e-06
log_F_devs(1997)    -0.670553  8.89468e-06
log_F_devs(1998)    -0.653127  9.29839e-06
log_F_devs(1999)    -0.710694   7.3357e-06
log_F_devs(2000)    -0.569747  5.48374e-06
log_F_devs(2001)    -0.437492  7.76959e-06
log_F_devs(2002)    -0.306727  9.13704e-06
log_F_devs(2003)    -0.216674   8.1404e-07
log_F_devs(2004)    -0.240331 -2.17513e-06
log_F_devs(2005)    -0.234484 -1.13295e-05
log_F_devs(2006)    -0.148063 -2.80037e-05
log_F_devs(2007)    -0.164721 -1.13663e-05
log_F_devs(2008)    -0.159026  -2.4589e-05
log_F_devs(2009)    -0.290425 -1.12675e-05
log_F_devs(2010)    -0.416801 -7.32396e-05
log_F_devs(2011)    -0.135318  3.90351e-05
log_F_devs(2012)    -0.269064  9.00604e-06
log_F_devs(2013)    -0.438963   1.1785e-05
log_F_devs(2014)    -0.435586  1.09683e-05
log_F_devs(2015)    -0.236692  6.96473e-07
log_F_devs(2016)    -0.238167  1.08847e-06
log_F_devs(2017)    -0.375256  1.64885e-05
log_F_devs(2018)    -0.396994  1.97075e-05
log_F_devs(2019)    -0.362991  7.87071e-06
log_F_devs(2020)   -0.0538365  7.19124e-06
log_F_devs(2021)    0.0873515  1.76318e-05
log_F_devs(2022)    -0.406625  -2.2231e-05
log_F_devs(2023)    -0.405454  3.50071e-06
log_F_devs(2024)    -0.705304  2.59988e-06
sel_coffs_fsh(1)     -8.00217  2.74215e-07
sel_coffs_fsh(2)     -3.97189 -2.90963e-07
sel_coffs_fsh(3)     -1.92011  1.95256e-06
sel_coffs_fsh(4)    -0.719285 -6.31076e-06
sel_coffs_fsh(5)   -0.0258866  1.00272e-06
sel_coffs_fsh(6)     0.392071  1.16474e-07
sel_coffs_fsh(7)     0.482539  3.34502e-06
sel_coffs_fsh(8)     0.461537  4.43474e-06
sel_coffs_fsh(9)     0.413046 -1.01405e-06
sel_coffs_fsh(10)     0.361856 -4.50464e-06
sel_coffs_fsh(11)     0.328388 -3.29781e-06
sel_coffs_fsh(12)      0.29997  3.56244e-06
sel_coffs_ats(2)    0.0466461  4.81271e-07
sel_coffs_ats(3)    0.0790579 -2.35831e-06
sel_coffs_ats(4)    0.0902461  3.05583e-06
sel_coffs_ats(5)    0.0849697  1.60732e-06
sel_coffs_ats(6)    0.0931194 -1.46402e-06
sel_coffs_ats(7)     0.147587 -1.06623e-06
sel_coffs_ats(8)    -0.744138 -7.69103e-07
sel_slp_bts     0.990598 -1.05216e-06
sel_a50_bts      6.33932  -3.5978e-06
sel_age_one_bts     -2.98161 -9.35176e-07
sel_age_one_bts_dev(1982)     0.269115 -9.50755e-06
sel_age_one_bts_dev(1983)     0.239523   1.1103e-07
sel_age_one_bts_dev(1984)     0.298664  1.37985e-06
sel_age_one_bts_dev(1985)    -0.118635 -9.41814e-06
sel_age_one_bts_dev(1986)     -0.45661 -6.86811e-06
sel_age_one_bts_dev(1987)    0.0414153 -1.16528e-05
sel_age_one_bts_dev(1988)    -0.378467 -7.99437e-06
sel_age_one_bts_dev(1989)       0.1108 -7.05552e-06
sel_age_one_bts_dev(1990)     0.332468 -7.07956e-06
sel_age_one_bts_dev(1991)    -0.153127 -9.55734e-06
sel_age_one_bts_dev(1992)    0.0626307 -9.22214e-06
sel_age_one_bts_dev(1993)       0.1869 -5.28354e-06
sel_age_one_bts_dev(1994)   -0.0279718  -6.5825e-06
sel_age_one_bts_dev(1995)    -0.133048 -1.30631e-05
sel_age_one_bts_dev(1996)    -0.228504 -4.78909e-06
sel_age_one_bts_dev(1997)   -0.0454938 -9.64092e-06
sel_age_one_bts_dev(1998)   0.00321034 -9.11847e-06
sel_age_one_bts_dev(1999)     0.116289 -3.67388e-06
sel_age_one_bts_dev(2000)     0.275277 -8.29379e-07
sel_age_one_bts_dev(2001)      0.11191 -7.27669e-07
sel_age_one_bts_dev(2002)     0.116317  3.74868e-06
sel_age_one_bts_dev(2003)     0.349167 -8.45692e-06
sel_age_one_bts_dev(2004)    0.0816908 -6.39031e-06
sel_age_one_bts_dev(2005)    0.0473437 -4.36446e-07
sel_age_one_bts_dev(2006)  -0.00877473 -8.26264e-06
sel_age_one_bts_dev(2007)    0.0833025 -9.16943e-06
sel_age_one_bts_dev(2008)     0.193973  1.03696e-06
sel_age_one_bts_dev(2009)     0.365493 -6.92103e-06
sel_age_one_bts_dev(2010)     0.448764 -1.08463e-05
sel_age_one_bts_dev(2011)    -0.157414 -8.55887e-06
sel_age_one_bts_dev(2012)   -0.0671824 -4.93518e-06
sel_age_one_bts_dev(2013)     0.366228 -7.53831e-06
sel_age_one_bts_dev(2014)     0.289172 -3.54462e-06
sel_age_one_bts_dev(2015)      0.13064 -6.35011e-06
sel_age_one_bts_dev(2016)    -0.100582 -4.94441e-06
sel_age_one_bts_dev(2017)    -0.157279  2.02488e-06
sel_age_one_bts_dev(2018)    -0.281914  -1.3386e-05
sel_age_one_bts_dev(2019)     0.361391 -8.80467e-07
sel_age_one_bts_dev(2020)     -2.93544 -4.77702e-06
sel_age_one_bts_dev(2021)     0.133957  -5.4116e-06
sel_age_one_bts_dev(2022)     0.226536  1.77155e-05
sel_age_one_bts_dev(2023)    0.0107034 -7.52219e-06
sel_age_one_bts_dev(2024)  -0.00243708  5.89313e-06
L1      28.2771 -4.29536e-05
L2      46.1029 -7.72535e-05
log_K    -0.127657   8.5641e-05
d_scale(1,3)       0.5236  2.38409e-06
d_scale(1,4)     0.704441 -8.28239e-07
d_scale(1,5)     0.765531  3.76543e-06
d_scale(1,6)     0.829738   6.7517e-06
d_scale(1,7)     0.870009  6.98822e-07
d_scale(1,8)      0.93339 -1.79779e-06
d_scale(1,9)     0.978959 -3.35125e-06
d_scale(1,10)     0.974786 -1.67074e-06
d_scale(1,11)     0.995057  -6.8273e-06
d_scale(1,12)     0.934379 -3.84506e-07
d_scale(1,13)     0.954279  9.35269e-07
d_scale(1,14)     0.863685 -3.38139e-07
d_scale(1,15)      1.00357  3.67408e-07
coh_eff(1955)            0            0
coh_eff(1956)            0            0
coh_eff(1957)            0            0
coh_eff(1958)            0            0
coh_eff(1959)            0            0
coh_eff(1960)            0            0
coh_eff(1961)            0            0
coh_eff(1962)            0            0
coh_eff(1963)            0            0
coh_eff(1964)            0            0
coh_eff(1965)            0            0
coh_eff(1966)            0            0
coh_eff(1967)            0            0
coh_eff(1968)            0            0
coh_eff(1969)            0            0
coh_eff(1970)            0            0
coh_eff(1971)    -0.174323  6.27661e-07
coh_eff(1972)      0.30642 -1.78484e-06
coh_eff(1973)    0.0390725  2.53142e-06
coh_eff(1974)     0.531742 -4.26555e-06
coh_eff(1975)    -0.412214 -2.99669e-06
coh_eff(1976)     0.532176  -8.7189e-07
coh_eff(1977)    -0.453931  1.00241e-06
coh_eff(1978)     0.450572 -2.52346e-06
coh_eff(1979)     0.047229  6.26805e-06
coh_eff(1980)   -0.0884759  3.74547e-06
coh_eff(1981)    -0.393548  1.59362e-06
coh_eff(1982)    -0.577961  5.37303e-06
coh_eff(1983)     0.581888 -2.18365e-06
coh_eff(1984)     0.662105 -1.17573e-05
coh_eff(1985)      1.15135 -5.13102e-06
coh_eff(1986)   -0.0378491 -7.62826e-06
coh_eff(1987)     0.619849 -1.67525e-05
coh_eff(1988)   -0.0222035  2.69825e-06
coh_eff(1989)     -1.01852  5.73284e-07
coh_eff(1990)    -0.872082  6.83332e-06
coh_eff(1991)    -0.963217 -4.59507e-06
coh_eff(1992)     0.852762 -9.11732e-06
coh_eff(1993)      1.78828  5.79422e-06
coh_eff(1994)      0.50675 -6.18457e-06
coh_eff(1995)    -0.980142  1.10378e-05
coh_eff(1996)   -0.0701878  1.31511e-05
coh_eff(1997)     0.969765  6.47291e-06
coh_eff(1998)     0.468247  2.00112e-05
coh_eff(1999)     0.395471  4.39401e-06
coh_eff(2000)   -0.0684585  -1.9845e-06
coh_eff(2001)      0.38565 -3.30371e-06
coh_eff(2002)     0.878651   3.6828e-06
coh_eff(2003)      1.45759 -1.59344e-05
coh_eff(2004)     0.414359  2.65445e-06
coh_eff(2005)    -0.801252 -9.14691e-06
coh_eff(2006)     -1.12025 -4.05297e-06
coh_eff(2007)    -0.451529  7.85845e-07
coh_eff(2008)     -1.66794  -9.8243e-06
coh_eff(2009)    -0.772619  -4.0444e-06
coh_eff(2010)     -1.53472  6.02548e-06
coh_eff(2011)     -2.03099 -4.48803e-07
coh_eff(2012)     -1.88351 -1.77005e-05
coh_eff(2013)     -1.15567  7.30625e-06
coh_eff(2014)     0.725716 -4.10536e-06
coh_eff(2015)     0.775548 -1.70136e-05
coh_eff(2016)    0.0220587  5.27686e-06
coh_eff(2017)     0.326546  1.00609e-06
coh_eff(2018)     0.567605 -1.58401e-06
coh_eff(2019)      1.41456 -7.10802e-06
coh_eff(2020)     0.374874 -1.14777e-05
coh_eff(2021)     0.189904  4.34964e-05
coh_eff(2022)      1.11949  9.15732e-06
coh_eff(2023)      1.66812  2.16498e-06
coh_eff(2024)     0.354273 -1.09844e-06
coh_eff(2025)            0            0
coh_eff(2026)            0            0
yr_eff(1970)            0            0
yr_eff(1971)     0.173551  9.79553e-07
yr_eff(1972)    -0.003007  9.12181e-07
yr_eff(1973)     0.308491 -1.10604e-06
yr_eff(1974)      0.36507  -2.1533e-06
yr_eff(1975)       1.5963  2.50438e-06
yr_eff(1976)     0.449983 -4.76391e-06
yr_eff(1977)      2.08953 -3.26828e-05
yr_eff(1978)     0.408935 -5.88634e-06
yr_eff(1979)      1.21191 -1.75101e-05
yr_eff(1980)      1.29396 -1.10614e-05
yr_eff(1981)     0.913715  1.64445e-06
yr_eff(1982)     0.186395  1.74176e-06
yr_eff(1983)     0.946769  3.55372e-05
yr_eff(1984)    -0.522567   1.1985e-05
yr_eff(1985)      0.19448 -9.11171e-06
yr_eff(1986)     -1.38398  8.48339e-07
yr_eff(1987)    -0.523554 -2.06089e-05
yr_eff(1988)    -0.965512 -3.04139e-05
yr_eff(1989)    -0.691759 -2.48418e-05
yr_eff(1990)     0.532205 -3.05939e-05
yr_eff(1991)     0.254749 -4.27493e-06
yr_eff(1992)     0.266519 -1.44434e-05
yr_eff(1993)      1.04645 -3.17204e-05
yr_eff(1994)     0.161365 -8.46044e-06
yr_eff(1995)    -0.266973  7.28555e-06
yr_eff(1996)    -0.495524  1.06181e-05
yr_eff(1997)    -0.103362  3.70734e-05
yr_eff(1998)    -0.399312  3.94036e-05
yr_eff(1999)    -0.222823  5.15812e-05
yr_eff(2000)    -0.121403  2.21017e-05
yr_eff(2001)     0.660468  2.40283e-05
yr_eff(2002)     0.129535  1.40653e-06
yr_eff(2003)    0.0186953  6.17783e-06
yr_eff(2004)    -0.211623 -4.93206e-06
yr_eff(2005)    -0.655893  3.61704e-07
yr_eff(2006)   -0.0297589 -2.09223e-06
yr_eff(2007)      1.07527 -9.29854e-06
yr_eff(2008)     0.487862  1.27362e-05
yr_eff(2009)      1.55114 -1.44165e-05
yr_eff(2010)     0.723351 -1.63072e-05
yr_eff(2011)     0.870444  -1.3609e-05
yr_eff(2012)     0.236104 -8.04875e-06
yr_eff(2013)     0.655274 -4.18126e-05
yr_eff(2014)     0.787419 -5.79194e-06
yr_eff(2015)     -2.04374  4.14101e-06
yr_eff(2016)    -0.258236 -1.78683e-05
yr_eff(2017)    0.0174494 -1.49574e-05
yr_eff(2018)    -0.798285  4.13902e-06
yr_eff(2019)     0.881217  1.84075e-06
yr_eff(2020)     -1.54825  5.16001e-06
yr_eff(2021)     -1.33076  1.99892e-07
yr_eff(2022)   -0.0141347 -2.19748e-05
yr_eff(2023)     -3.22027  6.42097e-07
yr_eff(2024)     0.945711  3.46585e-06
yr_eff(2025)            0            0
yr_eff(2026)            0            0
yr_eff(2027)            0            0
yr_eff(2028)            0            0
yr_eff(2029)            0            0
