ParName   Value   Gradient
log_avgrec      9.83187 -1.72517e-05
log_avginit      4.83503 -3.01046e-05
log_avg_F      -1.4402 -3.68053e-05
log_q_ats    -0.638076  6.35695e-06
log_Rzero      10.1332  1.32244e-06
log_q_cpue    0.0792133  9.14465e-06
log_q_avo     -8.20433  1.24225e-05
log_initdevs(2)      3.31097  -0.00028199
log_initdevs(3)      2.82901 -0.000245468
log_initdevs(4)      1.29657 -4.64786e-05
log_initdevs(5)     0.470203 -3.13587e-05
log_initdevs(6)      1.14517 -6.03017e-05
log_initdevs(7)     0.351908 -2.25184e-05
log_initdevs(8)    -0.785397  1.17976e-05
log_initdevs(9)     -1.24159  1.68647e-06
log_initdevs(10)     -1.23433 -1.66142e-05
log_initdevs(11)     -1.22914 -8.96689e-06
log_initdevs(12)     -1.22589 -3.35271e-07
log_initdevs(13)     -1.22748 -1.74565e-05
log_initdevs(14)     -1.22906 -2.46478e-05
log_initdevs(15)     -1.23095 -1.07793e-05
log_rec_devs(1964)     -1.06458 -0.000126131
log_rec_devs(1965)     0.124405 -0.000137826
log_rec_devs(1966)    -0.209407   6.1114e-06
log_rec_devs(1967)      0.31632  7.90461e-05
log_rec_devs(1968)     0.172297  9.56299e-05
log_rec_devs(1969)      0.33831 -2.21985e-05
log_rec_devs(1970)     0.233176 -2.85308e-06
log_rec_devs(1971)    -0.253625  4.23827e-06
log_rec_devs(1972)    -0.454225 -8.37431e-06
log_rec_devs(1973)     0.361141 -9.36104e-05
log_rec_devs(1974)    0.0413819  3.37706e-05
log_rec_devs(1975)    -0.140493 -6.24769e-05
log_rec_devs(1976)    -0.421447 -6.23307e-05
log_rec_devs(1977)    -0.393533 -9.05454e-05
log_rec_devs(1978)     0.212146  7.68472e-05
log_rec_devs(1979)      1.12705 -3.90872e-05
log_rec_devs(1980)     0.439462  7.23979e-05
log_rec_devs(1981)      0.62708  6.93103e-05
log_rec_devs(1982)   -0.0551171  -5.2043e-05
log_rec_devs(1983)      1.02475  0.000110972
log_rec_devs(1984)    -0.192836 -3.74661e-05
log_rec_devs(1985)     0.658979  0.000109045
log_rec_devs(1986)     -0.33211 -0.000219407
log_rec_devs(1987)    -0.875535  6.74354e-05
log_rec_devs(1988)     -1.21472  9.30716e-05
log_rec_devs(1989)    -0.478391 -0.000106678
log_rec_devs(1990)     0.948528  0.000114979
log_rec_devs(1991)       0.2279  2.70429e-05
log_rec_devs(1992)    0.0169426 -0.000112831
log_rec_devs(1993)     0.729092  5.93909e-05
log_rec_devs(1994)    -0.280595   9.0728e-05
log_rec_devs(1995)     -0.59236 -0.000145811
log_rec_devs(1996)     0.145728 -4.89093e-05
log_rec_devs(1997)     0.471303 -7.23102e-05
log_rec_devs(1998)    -0.212369 -0.000195515
log_rec_devs(1999)    -0.134296  -9.4823e-05
log_rec_devs(2000)     0.267861 -0.000134985
log_rec_devs(2001)     0.593313  8.17016e-05
log_rec_devs(2002)     0.203468 -8.08082e-05
log_rec_devs(2003)    -0.220652  4.51425e-05
log_rec_devs(2004)     -1.00349 -0.000119445
log_rec_devs(2005)     -1.35141 -0.000170137
log_rec_devs(2006)    -0.429957 -0.000152708
log_rec_devs(2007)     0.314323  0.000184166
log_rec_devs(2008)    -0.324982  1.53476e-05
log_rec_devs(2009)     0.981172 -5.04341e-06
log_rec_devs(2010)     0.233755  0.000121945
log_rec_devs(2011)    -0.271789  7.59363e-05
log_rec_devs(2012)    -0.429509  2.07193e-05
log_rec_devs(2013)     0.814544  0.000166349
log_rec_devs(2014)     0.924774 -2.84334e-05
log_rec_devs(2015)    0.0727213  3.34128e-05
log_rec_devs(2016)    -0.973086 -2.15055e-05
log_rec_devs(2017)     -1.04124  6.18316e-05
log_rec_devs(2018)     -0.37578 -2.77392e-05
log_rec_devs(2019)      1.24348  9.16781e-05
log_rec_devs(2020)     0.048322  0.000132209
log_rec_devs(2021)     -0.27905  0.000103804
log_rec_devs(2022)    -0.172403 -5.54085e-05
log_rec_devs(2023)     0.240533 -1.87583e-05
log_rec_devs(2024)    0.0247329 -1.07246e-05
log_F_devs(1964)    -0.653342   7.8199e-05
log_F_devs(1965)    -0.628538 -8.13247e-05
log_F_devs(1966)    -0.706415 -0.000202695
log_F_devs(1967)    -0.166917 -0.000528046
log_F_devs(1968)    -0.179529  -0.00025584
log_F_devs(1969)    -0.137681 -4.12751e-06
log_F_devs(1970)     0.224328  0.000540814
log_F_devs(1971)     0.570972  0.000265535
log_F_devs(1972)     0.681906 -0.000161372
log_F_devs(1973)     0.811064 -7.20166e-05
log_F_devs(1974)     0.871485  0.000320872
log_F_devs(1975)     0.679142 -0.000400033
log_F_devs(1976)     0.569334 -2.17864e-05
log_F_devs(1977)     0.459134  1.39389e-05
log_F_devs(1978)     0.561459  0.000166793
log_F_devs(1979)     0.628113  0.000205033
log_F_devs(1980)     0.585358 -9.03192e-05
log_F_devs(1981)      0.28092 -0.000537029
log_F_devs(1982)    -0.190757 -0.000443184
log_F_devs(1983)    -0.407234  -0.00026331
log_F_devs(1984)    -0.441283  0.000100937
log_F_devs(1985)    -0.443252  8.52258e-05
log_F_devs(1986)    -0.537408 -6.41662e-05
log_F_devs(1987)    -0.866468  5.04005e-05
log_F_devs(1988)    -0.570511  8.92177e-05
log_F_devs(1989)    -0.541197  0.000173575
log_F_devs(1990)    -0.139178 -6.84844e-06
log_F_devs(1991)    0.0687405 -2.32173e-05
log_F_devs(1992)     0.377728  0.000216247
log_F_devs(1993)    -0.028964  0.000368636
log_F_devs(1994)    -0.212282  0.000143976
log_F_devs(1995)    -0.167517  8.28628e-05
log_F_devs(1996)    0.0434119  0.000199828
log_F_devs(1997)    0.0946812  0.000180691
log_F_devs(1998)   -0.0744251  7.06829e-06
log_F_devs(1999)    -0.338624  8.49901e-05
log_F_devs(2000)     -0.27374  9.30714e-05
log_F_devs(2001)    -0.183527  3.65468e-05
log_F_devs(2002)    -0.044662 -0.000133745
log_F_devs(2003)    0.0099649  1.86368e-07
log_F_devs(2004)    -0.106201  3.54004e-05
log_F_devs(2005)    -0.164191  2.55818e-05
log_F_devs(2006)    0.0364219 -6.60126e-05
log_F_devs(2007)    0.0973421 -3.50019e-05
log_F_devs(2008)     0.205522 -2.08905e-05
log_F_devs(2009)     0.170307  8.28811e-05
log_F_devs(2010)   -0.0378594 -0.000172782
log_F_devs(2011)       0.2498  5.56701e-06
log_F_devs(2012)     0.223523 -4.61636e-05
log_F_devs(2013)     0.125204  7.05997e-05
log_F_devs(2014)    0.0634457  3.49252e-05
log_F_devs(2015)     0.154623  0.000120608
log_F_devs(2016)   -0.0927439 -3.94273e-05
log_F_devs(2017)   -0.0625608  9.33125e-05
log_F_devs(2018)    -0.246452 -5.37031e-05
log_F_devs(2019)    -0.111623  0.000109736
log_F_devs(2020)     0.185126  0.000173363
log_F_devs(2021)     0.167574  8.56952e-05
log_F_devs(2022)     -0.15065  4.70158e-05
log_F_devs(2023)    -0.145539  0.000101863
log_F_devs(2024)    -0.145356 -7.03319e-06
sel_devs_fsh(1,1)    0.0527167 -4.27029e-05
sel_devs_fsh(1,2)    0.0932979  6.58185e-05
sel_devs_fsh(1,3)     0.144483 -1.09754e-05
sel_devs_fsh(1,4)   -0.0409045 -0.000206567
sel_devs_fsh(1,5)    -0.041443  0.000161767
sel_devs_fsh(1,6)   -0.0558928  0.000220665
sel_devs_fsh(1,7)   -0.0479856  -0.00032772
sel_devs_fsh(1,8)   -0.0389203   -0.0004956
sel_devs_fsh(1,9)   -0.0281932  0.000467223
sel_devs_fsh(1,10)    -0.018757  -0.00028776
sel_devs_fsh(1,11)   -0.0116118 -0.000293423
sel_devs_fsh(1,12)   -0.0067929  0.000695645
sel_devs_fsh(2,1)    0.0600099 -4.09847e-05
sel_devs_fsh(2,2)     0.100619  7.82348e-07
sel_devs_fsh(2,3)     0.244403 -2.87003e-06
sel_devs_fsh(2,4)    -0.130289  -0.00012279
sel_devs_fsh(2,5)   -0.0949583  0.000118461
sel_devs_fsh(2,6)   -0.0733906  0.000237963
sel_devs_fsh(2,7)   -0.0521037  -0.00028091
sel_devs_fsh(2,8)   -0.0326676 -0.000505049
sel_devs_fsh(2,9)   -0.0200959  0.000503641
sel_devs_fsh(2,10)  -0.00918344 -0.000326446
sel_devs_fsh(2,11)  9.11403e-05 -0.000310592
sel_devs_fsh(2,12)   0.00756797  0.000750651
sel_devs_fsh(3,1)     0.124651  3.49989e-05
sel_devs_fsh(3,2)     0.100473  4.11273e-05
sel_devs_fsh(3,3)   0.00726236  3.17323e-05
sel_devs_fsh(3,4)  -0.00594009  -0.00014643
sel_devs_fsh(3,5)   -0.0452225  0.000139678
sel_devs_fsh(3,6)   -0.0499087  0.000191107
sel_devs_fsh(3,7)   -0.0474113 -0.000296148
sel_devs_fsh(3,8)   -0.0365724  -0.00050285
sel_devs_fsh(3,9)   -0.0247595  0.000496641
sel_devs_fsh(3,10)    -0.014017 -0.000400348
sel_devs_fsh(3,11)  -0.00639147 -0.000364942
sel_devs_fsh(3,12)  -0.00216441  0.000757755
sel_devs_fsh(4,1)     0.131791 -2.02126e-05
sel_devs_fsh(4,2)    0.0670989  3.94735e-05
sel_devs_fsh(4,3)     0.157413  3.74337e-05
sel_devs_fsh(4,4)    -0.104092 -6.38506e-05
sel_devs_fsh(4,5)   -0.0999239  0.000178053
sel_devs_fsh(4,6)   -0.0898084  0.000161965
sel_devs_fsh(4,7)   -0.0785429 -0.000267458
sel_devs_fsh(4,8)   -0.0240805 -0.000453552
sel_devs_fsh(4,9)  -0.00649849  0.000236143
sel_devs_fsh(4,10)   0.00883821 -0.000129463
sel_devs_fsh(4,11)    0.0161819 -0.000533711
sel_devs_fsh(4,12)     0.021623  0.000820081
sel_devs_fsh(5,1)     0.187434 -3.82945e-05
sel_devs_fsh(5,2)     0.136943    3.684e-05
sel_devs_fsh(5,3)   -0.0322355  2.07138e-05
sel_devs_fsh(5,4)    -0.248796 -8.67621e-05
sel_devs_fsh(5,5)    -0.121947   0.00016145
sel_devs_fsh(5,6)    -0.106299  0.000123569
sel_devs_fsh(5,7)   -0.0486324 -0.000252628
sel_devs_fsh(5,8)   0.00962239  -0.00032443
sel_devs_fsh(5,9)    0.0353193  0.000169238
sel_devs_fsh(5,10)    0.0513697 -3.64163e-05
sel_devs_fsh(5,11)    0.0586153   -0.0008771
sel_devs_fsh(5,12)    0.0786065     0.001113
sel_devs_fsh(6,1)    0.0102284  2.25988e-05
sel_devs_fsh(6,2)    0.0288063  2.06872e-05
sel_devs_fsh(6,3)   -0.0804567  5.24708e-05
sel_devs_fsh(6,4)   -0.0477758 -0.000108522
sel_devs_fsh(6,5) -0.000216206  0.000126513
sel_devs_fsh(6,6)   -0.0133407  9.42717e-05
sel_devs_fsh(6,7)   -0.0480236 -0.000222322
sel_devs_fsh(6,8)   0.00654616 -0.000288375
sel_devs_fsh(6,9)    0.0265862  0.000122825
sel_devs_fsh(6,10)    0.0318647 -4.05373e-05
sel_devs_fsh(6,11)     0.036658 -0.000978286
sel_devs_fsh(6,12)    0.0491285   0.00128314
sel_devs_fsh(7,1)    -0.232301 -3.86542e-05
sel_devs_fsh(7,2)     0.198691  1.27852e-05
sel_devs_fsh(7,3)     0.115352 -2.62042e-05
sel_devs_fsh(7,4)    0.0805984 -0.000155827
sel_devs_fsh(7,5)   -0.0208468  0.000100596
sel_devs_fsh(7,6)   -0.0074697  0.000139302
sel_devs_fsh(7,7)   -0.0156671 -0.000235613
sel_devs_fsh(7,8)   -0.0305554 -0.000202324
sel_devs_fsh(7,9)   -0.0145814  5.00411e-05
sel_devs_fsh(7,10)   -0.0168283  2.89627e-05
sel_devs_fsh(7,11)   -0.0231826 -0.000915886
sel_devs_fsh(7,12)   -0.0332088   0.00123594
sel_devs_fsh(8,1)    -0.252574 -1.94967e-05
sel_devs_fsh(8,2)     0.109695  3.70443e-05
sel_devs_fsh(8,3)    0.0679942  4.33548e-06
sel_devs_fsh(8,4)     0.049098 -4.72888e-05
sel_devs_fsh(8,5)    0.0395423 -7.22594e-06
sel_devs_fsh(8,6)     0.047856  0.000144928
sel_devs_fsh(8,7)    0.0298357 -0.000239458
sel_devs_fsh(8,8)  0.000349536 -0.000168782
sel_devs_fsh(8,9)   -0.0107372 -9.77373e-06
sel_devs_fsh(8,10)   -0.0176831 -2.23875e-05
sel_devs_fsh(8,11)   -0.0256907 -0.000716567
sel_devs_fsh(8,12)   -0.0376859   0.00103586
sel_devs_fsh(9,1)    -0.210297  -3.9734e-05
sel_devs_fsh(9,2)     0.149894  3.17067e-05
sel_devs_fsh(9,3)     0.180308  5.85179e-05
sel_devs_fsh(9,4)    0.0356963  2.34631e-05
sel_devs_fsh(9,5)   0.00636279 -3.64456e-05
sel_devs_fsh(9,6)  -0.00348752  0.000152353
sel_devs_fsh(9,7)  -0.00275545 -0.000146028
sel_devs_fsh(9,8)   -0.0283385 -0.000290633
sel_devs_fsh(9,9)   -0.0218147   6.2772e-05
sel_devs_fsh(9,10)   -0.0250462 -0.000101097
sel_devs_fsh(9,11)   -0.0323492 -0.000504749
sel_devs_fsh(9,12)   -0.0481725  0.000791858
sel_devs_fsh(10,1)    -0.194232 -2.78214e-06
sel_devs_fsh(10,2)    -0.170154  -3.1089e-05
sel_devs_fsh(10,3)     0.131965  1.70292e-05
sel_devs_fsh(10,4)    0.0810968  6.70249e-05
sel_devs_fsh(10,5)    0.0446263 -6.95541e-05
sel_devs_fsh(10,6)    0.0364145  6.58998e-05
sel_devs_fsh(10,7)    0.0341571 -0.000130986
sel_devs_fsh(10,8)  -0.00392689 -0.000238845
sel_devs_fsh(10,9)   0.00390846  6.90796e-05
sel_devs_fsh(10,10)    0.0119985 -6.97289e-05
sel_devs_fsh(10,11)    0.0119517 -0.000349455
sel_devs_fsh(10,12)    0.0121965  0.000709168
sel_devs_fsh(11,1)    -0.193806 -3.04521e-08
sel_devs_fsh(11,2)   -0.0650813  8.28617e-05
sel_devs_fsh(11,3)   -0.0733095  0.000130242
sel_devs_fsh(11,4)     0.089013  3.25372e-05
sel_devs_fsh(11,5)    0.0735854 -0.000127071
sel_devs_fsh(11,6)    0.0606827  9.20156e-05
sel_devs_fsh(11,7)    0.0536127 -0.000119653
sel_devs_fsh(11,8)    0.0147954 -0.000349928
sel_devs_fsh(11,9)   0.00956097  0.000148649
sel_devs_fsh(11,10)    0.0112564 -9.11573e-05
sel_devs_fsh(11,11)    0.0106661 -0.000341942
sel_devs_fsh(11,12)    0.0090273  0.000589209
sel_devs_fsh(12,1)    -0.185464  4.59148e-05
sel_devs_fsh(12,2)    0.0246274  4.20508e-05
sel_devs_fsh(12,3)    -0.119146  0.000109447
sel_devs_fsh(12,4)   -0.0402224  1.69218e-05
sel_devs_fsh(12,5)    0.0529711 -0.000182521
sel_devs_fsh(12,6)    0.0572937  0.000130058
sel_devs_fsh(12,7)    0.0552928 -0.000136934
sel_devs_fsh(12,8)    0.0344003 -0.000325804
sel_devs_fsh(12,9)    0.0249535   0.00014233
sel_devs_fsh(12,10)    0.0303394 -4.49573e-05
sel_devs_fsh(12,11)    0.0321128 -0.000342199
sel_devs_fsh(12,12)    0.0328443  0.000583824
sel_devs_fsh(13,1)    -0.227673 -2.63567e-06
sel_devs_fsh(13,2)    -0.137723 -6.89941e-05
sel_devs_fsh(13,3)   -0.0335162  0.000141991
sel_devs_fsh(13,4)   -0.0166154  6.27858e-05
sel_devs_fsh(13,5)    0.0465025 -0.000144146
sel_devs_fsh(13,6)    0.0526515  0.000135723
sel_devs_fsh(13,7)    0.0625641 -0.000150229
sel_devs_fsh(13,8)     0.062608 -0.000330262
sel_devs_fsh(13,9)    0.0512466  0.000135307
sel_devs_fsh(13,10)    0.0460873 -6.52615e-05
sel_devs_fsh(13,11)    0.0472186 -0.000352357
sel_devs_fsh(13,12)    0.0466485  0.000625201
sel_devs_fsh(14,1)    -0.188482 -3.72747e-05
sel_devs_fsh(14,2)    -0.395771  3.08652e-05
sel_devs_fsh(14,3)    -0.166886   0.00011492
sel_devs_fsh(14,4)   -0.0247898  5.01353e-06
sel_devs_fsh(14,5)     0.107185 -0.000121729
sel_devs_fsh(14,6)        0.133  9.19208e-05
sel_devs_fsh(14,7)     0.119518 -0.000101394
sel_devs_fsh(14,8)     0.119152 -0.000316393
sel_devs_fsh(14,9)    0.0978571  0.000172268
sel_devs_fsh(14,10)    0.0698252 -6.51863e-05
sel_devs_fsh(14,11)    0.0658934 -0.000389227
sel_devs_fsh(14,12)    0.0634986  0.000620434
sel_devs_fsh(15,1)    -0.201142 -2.27964e-05
sel_devs_fsh(15,2)    -0.525525 -1.27098e-05
sel_devs_fsh(15,3)    -0.290917  9.39475e-05
sel_devs_fsh(15,4)    0.0852927  3.44025e-05
sel_devs_fsh(15,5)     0.142748 -0.000174643
sel_devs_fsh(15,6)     0.157595  6.03561e-05
sel_devs_fsh(15,7)     0.151474 -9.35756e-05
sel_devs_fsh(15,8)     0.137955 -0.000316896
sel_devs_fsh(15,9)     0.097756  0.000178248
sel_devs_fsh(15,10)    0.0849699  5.16983e-05
sel_devs_fsh(15,11)     0.081841 -0.000513947
sel_devs_fsh(15,12)    0.0779484   0.00065611
sel_devs_fsh(16,1)    -0.161823 -3.37886e-05
sel_devs_fsh(16,2)    -0.282721 -3.69643e-05
sel_devs_fsh(16,3)    -0.318625  0.000148607
sel_devs_fsh(16,4)   -0.0271314  1.94729e-06
sel_devs_fsh(16,5)     0.134886 -0.000161516
sel_devs_fsh(16,6)    0.0993559  0.000104668
sel_devs_fsh(16,7)     0.103277 -8.55775e-05
sel_devs_fsh(16,8)      0.10345  -0.00031558
sel_devs_fsh(16,9)    0.0949323  4.33288e-05
sel_devs_fsh(16,10)    0.0869359  0.000177938
sel_devs_fsh(16,11)     0.083352 -0.000592582
sel_devs_fsh(16,12)     0.084105  0.000649191
sel_devs_fsh(17,1)    -0.124893 -7.69591e-06
sel_devs_fsh(17,2)   -0.0949499  7.64018e-05
sel_devs_fsh(17,3)    -0.283121   0.00014285
sel_devs_fsh(17,4)   -0.0364717  4.60537e-05
sel_devs_fsh(17,5)    0.0217373 -0.000176706
sel_devs_fsh(17,6)    0.0581198    0.0001042
sel_devs_fsh(17,7)    0.0623869  -6.1801e-05
sel_devs_fsh(17,8)     0.072236 -0.000326509
sel_devs_fsh(17,9)    0.0779935 -4.12236e-07
sel_devs_fsh(17,10)    0.0799445   0.00021284
sel_devs_fsh(17,11)    0.0818786 -0.000615236
sel_devs_fsh(17,12)    0.0851354  0.000545491
sel_devs_fsh(18,1)    -0.143156 -3.08893e-05
sel_devs_fsh(18,2)     0.106376 -5.17118e-05
sel_devs_fsh(18,3)    -0.076041  0.000245944
sel_devs_fsh(18,4)    -0.147932  0.000157139
sel_devs_fsh(18,5)   -0.0864869   -0.0001476
sel_devs_fsh(18,6)    0.0330846  0.000137709
sel_devs_fsh(18,7)    0.0309085 -9.33903e-05
sel_devs_fsh(18,8)    0.0348108 -0.000321284
sel_devs_fsh(18,9)    0.0494303 -1.57544e-06
sel_devs_fsh(18,10)    0.0586275  0.000142832
sel_devs_fsh(18,11)     0.065479 -0.000583781
sel_devs_fsh(18,12)    0.0748966  0.000496825
sel_devs_fsh(19,1)    -0.128567 -5.56791e-06
sel_devs_fsh(19,2)     -0.15373 -3.64063e-05
sel_devs_fsh(19,3)    0.0351259  0.000210721
sel_devs_fsh(19,4)   -0.0960483  0.000144828
sel_devs_fsh(19,5)     0.068163  -6.8425e-05
sel_devs_fsh(19,6)    0.0309005  0.000182392
sel_devs_fsh(19,7)    0.0416923 -0.000150981
sel_devs_fsh(19,8)    0.0340656 -0.000181019
sel_devs_fsh(19,9)    0.0348748 -6.19201e-05
sel_devs_fsh(19,10)    0.0351758  0.000240611
sel_devs_fsh(19,11)    0.0460506 -0.000730029
sel_devs_fsh(19,12)    0.0522972  0.000456327
sel_devs_fsh(20,1)    -0.143623 -2.05726e-05
sel_devs_fsh(20,2)    0.0445192 -2.90461e-05
sel_devs_fsh(20,3)     0.107495     0.000165
sel_devs_fsh(20,4)    -0.116294   0.00012725
sel_devs_fsh(20,5)    -0.243712 -0.000115779
sel_devs_fsh(20,6)    0.0957299  0.000136491
sel_devs_fsh(20,7)     0.067129 -0.000183041
sel_devs_fsh(20,8)    0.0535739 -6.61908e-05
sel_devs_fsh(20,9)    0.0314923 -0.000173996
sel_devs_fsh(20,10)    0.0300704  0.000179593
sel_devs_fsh(20,11)    0.0350972 -0.000635009
sel_devs_fsh(20,12)     0.038513  0.000465334
sel_devs_fsh(21,1)    -0.151876  1.80275e-05
sel_devs_fsh(21,2)    -0.026882  1.60392e-05
sel_devs_fsh(21,3)    0.0782616  0.000178261
sel_devs_fsh(21,4)     0.151332  0.000138728
sel_devs_fsh(21,5)   -0.0349449 -0.000139847
sel_devs_fsh(21,6)   -0.0513509  0.000108836
sel_devs_fsh(21,7)    0.0220786 -0.000179266
sel_devs_fsh(21,8)   -0.0259417 -8.69639e-06
sel_devs_fsh(21,9)   0.00922656 -0.000244895
sel_devs_fsh(21,10)   0.00524814  0.000223742
sel_devs_fsh(21,11)   0.00679318 -0.000675255
sel_devs_fsh(21,12)    0.0180505  0.000495907
sel_devs_fsh(22,1)    -0.155154 -1.76042e-05
sel_devs_fsh(22,2)   -0.0613765 -2.34655e-05
sel_devs_fsh(22,3)     0.129633  0.000213013
sel_devs_fsh(22,4)   -0.0719422  0.000120032
sel_devs_fsh(22,5)    0.0192982 -0.000135854
sel_devs_fsh(22,6)   -0.0550159  8.81232e-05
sel_devs_fsh(22,7)   -0.0990147 -0.000135993
sel_devs_fsh(22,8)     0.111574  2.19705e-05
sel_devs_fsh(22,9)    0.0840869 -0.000246919
sel_devs_fsh(22,10)    0.0585762   0.00016734
sel_devs_fsh(22,11)    0.0311983 -0.000629379
sel_devs_fsh(22,12)   0.00813015  0.000479652
sel_devs_fsh(23,1)    -0.187639  -1.7439e-05
sel_devs_fsh(23,2)   -0.0941441  1.86611e-05
sel_devs_fsh(23,3)     0.472255  0.000190408
sel_devs_fsh(23,4)     0.055041  0.000175715
sel_devs_fsh(23,5)     0.128299  -0.00012822
sel_devs_fsh(23,6)   -0.0532129  8.77822e-05
sel_devs_fsh(23,7)     0.102263 -0.000149381
sel_devs_fsh(23,8)   -0.0972908  3.10401e-05
sel_devs_fsh(23,9)   -0.0971385 -0.000235426
sel_devs_fsh(23,10)    -0.117926   0.00016216
sel_devs_fsh(23,11)   -0.0722521 -0.000553783
sel_devs_fsh(23,12)   -0.0382544   0.00041769
sel_devs_fsh(24,1)     -0.15726 -2.59051e-05
sel_devs_fsh(24,2)   -0.0524788  2.84546e-05
sel_devs_fsh(24,3)    -0.362243  0.000168026
sel_devs_fsh(24,4)     0.164361  0.000177806
sel_devs_fsh(24,5)    0.0229168 -0.000116315
sel_devs_fsh(24,6)    0.0922857  6.33891e-05
sel_devs_fsh(24,7)     0.117613 -9.69842e-05
sel_devs_fsh(24,8)    0.0928802  7.38773e-05
sel_devs_fsh(24,9)    0.0210735 -0.000227525
sel_devs_fsh(24,10)    0.0624255  0.000191337
sel_devs_fsh(24,11)    0.0170633 -0.000555781
sel_devs_fsh(24,12)   -0.0186349  0.000347606
sel_devs_fsh(25,1)     -0.14889 -5.48845e-05
sel_devs_fsh(25,2)   -0.0185262 -8.67542e-06
sel_devs_fsh(25,3)    -0.331477  0.000204885
sel_devs_fsh(25,4)    0.0532408  0.000183223
sel_devs_fsh(25,5)     0.145108 -0.000117091
sel_devs_fsh(25,6)    0.0588798  0.000102761
sel_devs_fsh(25,7)   -0.0266963 -0.000112721
sel_devs_fsh(25,8)    0.0399299  7.25183e-05
sel_devs_fsh(25,9)    0.0530643 -0.000286254
sel_devs_fsh(25,10)   -0.0115992  0.000196725
sel_devs_fsh(25,11)     0.120239  -0.00046117
sel_devs_fsh(25,12)    0.0667287  0.000312939
sel_devs_fsh(26,1)   -0.0798206  -4.4784e-05
sel_devs_fsh(26,2)    0.0282254 -2.04267e-05
sel_devs_fsh(26,3)    -0.344459  0.000233678
sel_devs_fsh(26,4)    -0.319766  0.000173545
sel_devs_fsh(26,5)    -0.230126 -0.000130088
sel_devs_fsh(26,6)    -0.124869  5.06695e-05
sel_devs_fsh(26,7)     0.120972 -0.000104895
sel_devs_fsh(26,8)   -0.0222715   2.2559e-05
sel_devs_fsh(26,9)     0.179481 -0.000244199
sel_devs_fsh(26,10)     0.111165  0.000215187
sel_devs_fsh(26,11)      0.35183 -0.000418696
sel_devs_fsh(26,12)     0.329638  0.000264408
sel_devs_fsh(27,1)    -0.161361 -2.23629e-05
sel_devs_fsh(27,2)   -0.0365057  2.87711e-05
sel_devs_fsh(27,3)     0.521967  0.000168039
sel_devs_fsh(27,4)    -0.263031  0.000135579
sel_devs_fsh(27,5)    -0.333687 -0.000115767
sel_devs_fsh(27,6)   -0.0494995  7.26194e-05
sel_devs_fsh(27,7)   -0.0276368 -9.27374e-05
sel_devs_fsh(27,8)     0.212257  3.68995e-05
sel_devs_fsh(27,9)    0.0918005 -0.000236428
sel_devs_fsh(27,10)     0.211921  0.000250178
sel_devs_fsh(27,11)     -0.11413 -0.000368967
sel_devs_fsh(27,12)   -0.0520919  0.000185917
sel_devs_fsh(28,1)    -0.153867   3.4559e-06
sel_devs_fsh(28,2)    -0.497055 -1.71796e-05
sel_devs_fsh(28,3)    0.0258555  0.000143308
sel_devs_fsh(28,4)     0.813202  0.000160268
sel_devs_fsh(28,5)    0.0203426 -8.99885e-05
sel_devs_fsh(28,6)    0.0153855  2.49735e-05
sel_devs_fsh(28,7)     0.066625 -4.33907e-05
sel_devs_fsh(28,8)   0.00364151 -3.83191e-05
sel_devs_fsh(28,9)   -0.0319594 -0.000196935
sel_devs_fsh(28,10)    -0.063435  0.000235571
sel_devs_fsh(28,11)    -0.133625 -0.000397439
sel_devs_fsh(28,12)   -0.0651114  0.000202378
sel_devs_fsh(29,1)   -0.0615772  5.02291e-06
sel_devs_fsh(29,2)   -0.0345351  5.28125e-05
sel_devs_fsh(29,3)    -0.789406   0.00011109
sel_devs_fsh(29,4)    -0.260725  0.000144262
sel_devs_fsh(29,5)     0.893144  -0.00011249
sel_devs_fsh(29,6)      0.25578  5.76223e-05
sel_devs_fsh(29,7)    0.0265436 -7.29305e-05
sel_devs_fsh(29,8)   -0.0192552 -2.36566e-05
sel_devs_fsh(29,9)   -0.0249602 -0.000181288
sel_devs_fsh(29,10)   0.00147676  0.000225371
sel_devs_fsh(29,11)    0.0375398 -0.000373846
sel_devs_fsh(29,12)   -0.0240205   0.00024178
sel_devs_fsh(30,1)   -0.0284451  4.00995e-05
sel_devs_fsh(30,2)     0.120803  3.22482e-05
sel_devs_fsh(30,3)    -0.349164   0.00012952
sel_devs_fsh(30,4)    -0.691501   0.00010587
sel_devs_fsh(30,5)    -0.318894  -9.3012e-05
sel_devs_fsh(30,6)     0.467871  9.80107e-06
sel_devs_fsh(30,7)     0.157965 -3.09029e-05
sel_devs_fsh(30,8)     0.176005 -3.64386e-05
sel_devs_fsh(30,9)     0.149371 -0.000168437
sel_devs_fsh(30,10)     0.135771  0.000218571
sel_devs_fsh(30,11)     0.104918 -0.000330492
sel_devs_fsh(30,12)    0.0753059  0.000213671
sel_devs_fsh(31,1)   -0.0373219  1.45816e-05
sel_devs_fsh(31,2)     0.459047 -7.60023e-06
sel_devs_fsh(31,3)     0.211465  0.000141782
sel_devs_fsh(31,4)    -0.849963  9.29701e-05
sel_devs_fsh(31,5)    -0.748669 -8.10145e-05
sel_devs_fsh(31,6)    -0.315584  1.18358e-05
sel_devs_fsh(31,7)     0.314222 -5.11913e-05
sel_devs_fsh(31,8)     0.325051 -4.78844e-05
sel_devs_fsh(31,9)     0.247811 -0.000185726
sel_devs_fsh(31,10)     0.177112  0.000197787
sel_devs_fsh(31,11)     0.122645 -0.000262741
sel_devs_fsh(31,12)    0.0941851  0.000168331
sel_devs_fsh(32,1)     -0.13693 -2.47241e-05
sel_devs_fsh(32,2)     0.299643 -2.48078e-06
sel_devs_fsh(32,3)     0.106498  0.000153915
sel_devs_fsh(32,4)     0.610864  9.51943e-05
sel_devs_fsh(32,5)   -0.0419514 -0.000106452
sel_devs_fsh(32,6)     -0.38158  4.43756e-05
sel_devs_fsh(32,7)    -0.363885 -8.49771e-05
sel_devs_fsh(32,8)    -0.262187 -5.97885e-05
sel_devs_fsh(32,9)    0.0151348 -0.000146142
sel_devs_fsh(32,10)     0.047682  0.000212124
sel_devs_fsh(32,11)    0.0516467 -0.000255785
sel_devs_fsh(32,12)    0.0550642  0.000161422
sel_devs_fsh(33,1)    -0.106191 -1.48633e-05
sel_devs_fsh(33,2)    -0.404894  3.24718e-05
sel_devs_fsh(33,3)     0.255541  0.000173547
sel_devs_fsh(33,4)     0.215826  0.000103011
sel_devs_fsh(33,5)     0.158772  -0.00011256
sel_devs_fsh(33,6)     0.235812  6.87565e-05
sel_devs_fsh(33,7)    -0.243228 -8.79378e-05
sel_devs_fsh(33,8)   -0.0136086  -6.0616e-05
sel_devs_fsh(33,9)   -0.0320325 -0.000153797
sel_devs_fsh(33,10)   -0.0177198  0.000225112
sel_devs_fsh(33,11)   -0.0249655 -0.000229143
sel_devs_fsh(33,12)   -0.0233044   0.00016344
sel_devs_fsh(34,1)    -0.158285 -2.24718e-05
sel_devs_fsh(34,2)    -0.373746  2.17629e-05
sel_devs_fsh(34,3)     0.825472  0.000119426
sel_devs_fsh(34,4)     0.452477  6.08618e-05
sel_devs_fsh(34,5)     0.139548 -0.000125823
sel_devs_fsh(34,6)    -0.258346  4.22232e-05
sel_devs_fsh(34,7)     0.240871  -7.7901e-05
sel_devs_fsh(34,8)    -0.122585 -6.50279e-05
sel_devs_fsh(34,9)     -0.25716 -0.000161337
sel_devs_fsh(34,10)    -0.224038  0.000233538
sel_devs_fsh(34,11)    -0.159047 -0.000244685
sel_devs_fsh(34,12)    -0.105165   0.00013319
sel_devs_fsh(35,1)      -0.0833 -2.74974e-05
sel_devs_fsh(35,2)    -0.125275  5.40247e-05
sel_devs_fsh(35,3)    -0.542201  0.000190674
sel_devs_fsh(35,4)     0.313603  4.35999e-05
sel_devs_fsh(35,5)     0.434253 -0.000109489
sel_devs_fsh(35,6)    0.0133665  5.98098e-05
sel_devs_fsh(35,7)   -0.0523491 -0.000132534
sel_devs_fsh(35,8)     0.222557 -8.84087e-05
sel_devs_fsh(35,9)   0.00683974 -0.000158029
sel_devs_fsh(35,10)   -0.0581376  0.000243553
sel_devs_fsh(35,11)    -0.059042 -0.000227401
sel_devs_fsh(35,12)   -0.0703171  0.000112023
sel_devs_fsh(36,1)   -0.0411114  2.55717e-05
sel_devs_fsh(36,2)    -0.168633  4.21728e-05
sel_devs_fsh(36,3)    -0.408118  0.000146256
sel_devs_fsh(36,4)    -0.274878  2.40723e-05
sel_devs_fsh(36,5)     0.283059 -8.29464e-05
sel_devs_fsh(36,6)     0.639651  2.36229e-05
sel_devs_fsh(36,7)      0.13893 -0.000183562
sel_devs_fsh(36,8)    -0.133259 -5.66809e-05
sel_devs_fsh(36,9)   -0.0113896 -0.000137401
sel_devs_fsh(36,10)   0.00165461  0.000210591
sel_devs_fsh(36,11)   0.00207866 -0.000176025
sel_devs_fsh(36,12)   -0.0279878  0.000104312
sel_devs_fsh(37,1)   -0.0808767  1.13387e-07
sel_devs_fsh(37,2)     0.198303  4.92057e-05
sel_devs_fsh(37,3)     0.113986  0.000182967
sel_devs_fsh(37,4)  -0.00246795   5.7551e-05
sel_devs_fsh(37,5)    -0.242662 -9.15357e-05
sel_devs_fsh(37,6)    0.0379337  3.65591e-05
sel_devs_fsh(37,7)    0.0605947 -0.000185487
sel_devs_fsh(37,8)    0.0522236 -7.62308e-05
sel_devs_fsh(37,9)    0.0418396 -8.37508e-05
sel_devs_fsh(37,10)   -0.0200766  0.000214279
sel_devs_fsh(37,11)   -0.0822101 -0.000181625
sel_devs_fsh(37,12)   -0.0765836  0.000128071
sel_devs_fsh(38,1)   -0.0865477 -3.20537e-05
sel_devs_fsh(38,2)    -0.332178  6.12421e-05
sel_devs_fsh(38,3)      0.71297  0.000141604
sel_devs_fsh(38,4)   -0.0213459  4.47025e-05
sel_devs_fsh(38,5)    0.0612431 -0.000124889
sel_devs_fsh(38,6)    -0.167622  5.17913e-05
sel_devs_fsh(38,7)      0.03157 -0.000172785
sel_devs_fsh(38,8)    0.0315771 -5.77744e-05
sel_devs_fsh(38,9)  -0.00659848 -6.23355e-05
sel_devs_fsh(38,10)   -0.0345138  0.000145235
sel_devs_fsh(38,11)    -0.101961 -0.000192059
sel_devs_fsh(38,12)   -0.0865995  9.97807e-05
sel_devs_fsh(39,1)   -0.0355124 -3.14907e-05
sel_devs_fsh(39,2)    -0.151052  6.89399e-05
sel_devs_fsh(39,3)    -0.683883  9.53052e-05
sel_devs_fsh(39,4)     0.744034  3.63115e-05
sel_devs_fsh(39,5)    0.0529828  -8.9836e-05
sel_devs_fsh(39,6)   -0.0983431  9.67834e-05
sel_devs_fsh(39,7)   0.00841591 -6.46801e-05
sel_devs_fsh(39,8)     0.029378 -0.000103873
sel_devs_fsh(39,9)    0.0431222 -3.42194e-05
sel_devs_fsh(39,10)      0.04305   0.00011432
sel_devs_fsh(39,11)    0.0555653 -0.000153199
sel_devs_fsh(39,12)  -0.00775414  0.000109927
sel_devs_fsh(40,1)   -0.0583132 -6.92977e-05
sel_devs_fsh(40,2)     0.078819 -4.95171e-06
sel_devs_fsh(40,3)   -0.0339611  0.000103195
sel_devs_fsh(40,4)    -0.349802 -4.21414e-05
sel_devs_fsh(40,5)     0.437178 -9.09834e-05
sel_devs_fsh(40,6)     0.260107  4.10717e-05
sel_devs_fsh(40,7)    -0.103527 -7.49374e-05
sel_devs_fsh(40,8)    -0.147921 -0.000170073
sel_devs_fsh(40,9)   -0.0527979  -3.5038e-05
sel_devs_fsh(40,10)   0.00818305  4.13048e-05
sel_devs_fsh(40,11)    0.0048957 -0.000159333
sel_devs_fsh(40,12)   -0.0428836  8.71635e-05
sel_devs_fsh(41,1)   -0.0868676 -1.74826e-05
sel_devs_fsh(41,2)     0.099851  6.38915e-05
sel_devs_fsh(41,3)     0.542706  0.000123132
sel_devs_fsh(41,4)    -0.117342 -3.79366e-05
sel_devs_fsh(41,5)    -0.332567 -7.54036e-05
sel_devs_fsh(41,6)   -0.0547464  8.23203e-05
sel_devs_fsh(41,7)   -0.0482808 -3.62502e-05
sel_devs_fsh(41,8)   -0.0146719 -9.61201e-05
sel_devs_fsh(41,9)   -0.0597417 -7.56998e-06
sel_devs_fsh(41,10)   -0.0188275  7.37155e-05
sel_devs_fsh(41,11)    0.0305218 -0.000133794
sel_devs_fsh(41,12)    0.0599695  0.000115194
sel_devs_fsh(42,1)   -0.0472219 -5.15254e-06
sel_devs_fsh(42,2)    0.0407675  4.22452e-05
sel_devs_fsh(42,3)   -0.0404596  0.000109841
sel_devs_fsh(42,4)   0.00754399  2.35481e-07
sel_devs_fsh(42,5)   -0.0733981 -0.000167576
sel_devs_fsh(42,6)    -0.013942  8.85842e-05
sel_devs_fsh(42,7)    0.0101375 -1.09021e-06
sel_devs_fsh(42,8)   -0.0602654 -6.13978e-05
sel_devs_fsh(42,9)   -0.0205133  4.45873e-06
sel_devs_fsh(42,10)    0.0151352  5.30338e-05
sel_devs_fsh(42,11)    0.0668626 -9.08704e-05
sel_devs_fsh(42,12)     0.115358    9.743e-05
sel_devs_fsh(43,1)   0.00140798  5.54522e-05
sel_devs_fsh(43,2)   -0.0463861  3.57366e-05
sel_devs_fsh(43,3)    -0.523342  6.61818e-05
sel_devs_fsh(43,4)     -0.12319  1.96488e-06
sel_devs_fsh(43,5)    -0.081977 -0.000177688
sel_devs_fsh(43,6)    0.0177944  7.52142e-05
sel_devs_fsh(43,7)     0.049258 -4.87615e-05
sel_devs_fsh(43,8)     0.119815 -9.83467e-05
sel_devs_fsh(43,9)     0.140958    3.999e-05
sel_devs_fsh(43,10)    0.0771653 -5.06202e-06
sel_devs_fsh(43,11)      0.16773 -0.000126173
sel_devs_fsh(43,12)     0.200758  4.43221e-05
sel_devs_fsh(44,1)   -0.0303011  7.19447e-05
sel_devs_fsh(44,2)    -0.324901  4.90066e-05
sel_devs_fsh(44,3)     0.225463  0.000112228
sel_devs_fsh(44,4)    0.0447628  1.65143e-05
sel_devs_fsh(44,5)    -0.140906 -0.000190206
sel_devs_fsh(44,6)   -0.0953537 -2.95496e-06
sel_devs_fsh(44,7)   -0.0670346   6.8694e-06
sel_devs_fsh(44,8)   -0.0218399 -8.31555e-05
sel_devs_fsh(44,9)  -0.00407132  3.16989e-05
sel_devs_fsh(44,10)     0.149678 -1.39169e-05
sel_devs_fsh(44,11)     0.145923 -8.00017e-05
sel_devs_fsh(44,12)     0.118579  5.59095e-05
sel_devs_fsh(45,1)   0.00720803 -4.18253e-05
sel_devs_fsh(45,2)     0.095242  4.55029e-05
sel_devs_fsh(45,3)    -0.583208  0.000124512
sel_devs_fsh(45,4)     0.482083  1.59114e-05
sel_devs_fsh(45,5)     0.175818 -0.000124427
sel_devs_fsh(45,6)     -0.24363  2.36562e-05
sel_devs_fsh(45,7)   -0.0876692 -2.42445e-05
sel_devs_fsh(45,8)    0.0548107 -7.27561e-05
sel_devs_fsh(45,9)    0.0805407  2.24801e-05
sel_devs_fsh(45,10)    0.0146542   2.5641e-05
sel_devs_fsh(45,11)   -0.0408301 -0.000113447
sel_devs_fsh(45,12)    0.0449792  8.86727e-05
sel_devs_fsh(46,1)    0.0109751 -8.97268e-06
sel_devs_fsh(46,2)   -0.0470913  5.11876e-05
sel_devs_fsh(46,3)       0.0624  0.000138122
sel_devs_fsh(46,4)     -1.04222  4.58311e-05
sel_devs_fsh(46,5)     0.462403 -0.000109893
sel_devs_fsh(46,6)     0.370601  2.58821e-05
sel_devs_fsh(46,7)     0.151031 -3.41332e-05
sel_devs_fsh(46,8)   -0.0053183 -6.70978e-05
sel_devs_fsh(46,9)   -0.0269534  -2.3467e-05
sel_devs_fsh(46,10)    0.0731697  7.74985e-06
sel_devs_fsh(46,11)    0.0383354 -0.000115598
sel_devs_fsh(46,12)   -0.0473364  9.63754e-05
sel_devs_fsh(47,1)   -0.0249348 -9.57227e-06
sel_devs_fsh(47,2)     0.218241  2.46505e-05
sel_devs_fsh(47,3)     0.181185  0.000112691
sel_devs_fsh(47,4)     0.626057  4.82395e-05
sel_devs_fsh(47,5)     -1.04867 -4.67296e-05
sel_devs_fsh(47,6)   0.00358249 -2.69793e-06
sel_devs_fsh(47,7)    0.0286748 -4.22127e-05
sel_devs_fsh(47,8)    0.0418937  -6.6532e-05
sel_devs_fsh(47,9)    0.0158693  1.32775e-05
sel_devs_fsh(47,10)   -0.0883752 -2.37171e-05
sel_devs_fsh(47,11)   -0.0038844 -0.000111864
sel_devs_fsh(47,12)    0.0503601  7.89011e-05
sel_devs_fsh(48,1)   0.00494429 -9.72371e-06
sel_devs_fsh(48,2)    -0.180429  5.65642e-05
sel_devs_fsh(48,3)    0.0457835  9.99913e-05
sel_devs_fsh(48,4)    -0.126278  7.53906e-05
sel_devs_fsh(48,5)     0.526917  -6.5348e-05
sel_devs_fsh(48,6)    -0.552206  6.15288e-05
sel_devs_fsh(48,7)    -0.142194 -2.69273e-05
sel_devs_fsh(48,8)     0.077134 -4.08166e-05
sel_devs_fsh(48,9)     0.104727 -2.79692e-05
sel_devs_fsh(48,10)     0.114312 -2.56067e-05
sel_devs_fsh(48,11)    0.0684331 -0.000117539
sel_devs_fsh(48,12)    0.0588577  5.52817e-05
sel_devs_fsh(49,1)   -0.0221899 -1.89437e-05
sel_devs_fsh(49,2)     0.180601  2.60443e-05
sel_devs_fsh(49,3)    -0.015088  0.000127137
sel_devs_fsh(49,4)    -0.135032  8.80186e-05
sel_devs_fsh(49,5)    -0.115302 -4.77471e-05
sel_devs_fsh(49,6)     0.279567   4.2666e-05
sel_devs_fsh(49,7)       0.1729 -8.12107e-05
sel_devs_fsh(49,8)    -0.119852 -1.19833e-05
sel_devs_fsh(49,9)    -0.122529 -3.93321e-05
sel_devs_fsh(49,10)   -0.0317062  -2.1388e-05
sel_devs_fsh(49,11)    -0.037174 -8.67071e-05
sel_devs_fsh(49,12)   -0.0341926  4.74581e-05
sel_devs_fsh(50,1)    -0.020687  1.27529e-05
sel_devs_fsh(50,2)    -0.501837  3.65174e-05
sel_devs_fsh(50,3)      1.11833  0.000100118
sel_devs_fsh(50,4)     0.202531  0.000105827
sel_devs_fsh(50,5)     -0.17703 -0.000117272
sel_devs_fsh(50,6)    -0.111588  5.80313e-05
sel_devs_fsh(50,7)    -0.160886 -7.79872e-05
sel_devs_fsh(50,8)    -0.107623  8.91487e-06
sel_devs_fsh(50,9)      -0.1174 -2.23035e-05
sel_devs_fsh(50,10)   -0.0488069 -4.75513e-05
sel_devs_fsh(50,11)   -0.0390619 -4.76254e-05
sel_devs_fsh(50,12)   -0.0359346  3.46018e-05
sel_devs_fsh(51,1)    0.0752216  2.18895e-05
sel_devs_fsh(51,2)    -0.105248  3.68915e-05
sel_devs_fsh(51,3)     -1.47574  5.31085e-05
sel_devs_fsh(51,4)      1.06932    0.0001015
sel_devs_fsh(51,5)     0.296493 -0.000102653
sel_devs_fsh(51,6)   0.00533368  8.07393e-05
sel_devs_fsh(51,7)    -0.102276 -4.41238e-05
sel_devs_fsh(51,8)     0.207218 -2.44438e-05
sel_devs_fsh(51,9)      0.12766 -1.52613e-05
sel_devs_fsh(51,10)   -0.0466531 -6.95864e-05
sel_devs_fsh(51,11)   -0.0207134  -3.5072e-05
sel_devs_fsh(51,12)   -0.0306036  3.45308e-05
sel_devs_fsh(52,1)    0.0578694  7.39017e-06
sel_devs_fsh(52,2)     0.151588  1.32866e-06
sel_devs_fsh(52,3)    -0.298745  5.97576e-05
sel_devs_fsh(52,4)        -1.12   5.2802e-05
sel_devs_fsh(52,5)     0.606425 -9.22182e-05
sel_devs_fsh(52,6)     0.351764  6.41082e-05
sel_devs_fsh(52,7)     0.208651 -4.80808e-05
sel_devs_fsh(52,8)   -0.0756175  6.59939e-06
sel_devs_fsh(52,9)     0.082548 -1.83811e-05
sel_devs_fsh(52,10)    0.0589734 -4.42667e-05
sel_devs_fsh(52,11)  -0.00821644  1.79815e-05
sel_devs_fsh(52,12)   -0.0152342  1.01916e-05
sel_devs_fsh(53,1)    0.0302641  1.40154e-05
sel_devs_fsh(53,2)     0.200014  4.85833e-05
sel_devs_fsh(53,3)    0.0847604  5.99803e-05
sel_devs_fsh(53,4)    -0.558498  5.98212e-05
sel_devs_fsh(53,5)    0.0438378 -9.46284e-05
sel_devs_fsh(53,6)     0.215359  4.56994e-05
sel_devs_fsh(53,7)     0.121661 -5.80064e-05
sel_devs_fsh(53,8)    0.0934325 -2.54072e-05
sel_devs_fsh(53,9)   -0.0396932 -7.61049e-05
sel_devs_fsh(53,10)   -0.0738226 -7.59804e-05
sel_devs_fsh(53,11)   -0.0622809 -5.05245e-06
sel_devs_fsh(53,12)   -0.0550418 -1.29021e-05
sel_devs_fsh(54,1)    0.0682129  2.54536e-06
sel_devs_fsh(54,2)     0.778568  4.63773e-05
sel_devs_fsh(54,3)     0.176072  5.41624e-05
sel_devs_fsh(54,4)    -0.602144  3.01561e-05
sel_devs_fsh(54,5)      -1.3805 -9.07553e-05
sel_devs_fsh(54,6)    0.0631728  0.000116834
sel_devs_fsh(54,7)     0.487822  -5.1331e-05
sel_devs_fsh(54,8)     0.282022  1.31241e-05
sel_devs_fsh(54,9)     0.170979 -6.95525e-05
sel_devs_fsh(54,10)     0.147084 -2.25354e-05
sel_devs_fsh(54,11)   -0.0686604  1.33635e-05
sel_devs_fsh(54,12)    -0.122625 -2.11853e-05
sel_devs_fsh(55,1)    0.0911719 -3.80458e-07
sel_devs_fsh(55,2)     0.949513   5.3971e-05
sel_devs_fsh(55,3)     0.652566  6.02856e-05
sel_devs_fsh(55,4)     0.774075  4.50048e-05
sel_devs_fsh(55,5)     0.252471 -0.000100723
sel_devs_fsh(55,6)    -0.551847  3.45133e-05
sel_devs_fsh(55,7)    -0.665383 -7.82082e-06
sel_devs_fsh(55,8)    -0.575562 -3.95366e-06
sel_devs_fsh(55,9)    -0.347804 -6.27689e-05
sel_devs_fsh(55,10)    -0.283429 -3.29175e-05
sel_devs_fsh(55,11)    -0.123303  3.46359e-05
sel_devs_fsh(55,12)    -0.172468 -2.08442e-05
sel_devs_fsh(56,1)    -0.040248  2.01194e-05
sel_devs_fsh(56,2)     0.248007  1.41785e-07
sel_devs_fsh(56,3)     0.886201   7.7481e-05
sel_devs_fsh(56,4)     -0.16255  3.80766e-05
sel_devs_fsh(56,5)   -0.0634641 -7.74848e-05
sel_devs_fsh(56,6)    -0.513022  3.94773e-05
sel_devs_fsh(56,7)    -0.165343  6.05336e-05
sel_devs_fsh(56,8)     0.108354 -3.47784e-05
sel_devs_fsh(56,9)   -0.0612155 -6.13002e-05
sel_devs_fsh(56,10)   -0.0870669 -1.68201e-06
sel_devs_fsh(56,11)   -0.0852012   1.3495e-06
sel_devs_fsh(56,12)   -0.0644492 -1.67793e-05
sel_devs_fsh(57,1)   0.00452041  2.64637e-05
sel_devs_fsh(57,2)   -0.0327695  3.21341e-05
sel_devs_fsh(57,3)    -0.466521  1.99444e-05
sel_devs_fsh(57,4)     0.622434  7.31681e-05
sel_devs_fsh(57,5)     0.144733 -4.18493e-05
sel_devs_fsh(57,6)    0.0590651   3.7882e-05
sel_devs_fsh(57,7)    -0.108867  5.32839e-05
sel_devs_fsh(57,8)   -0.0311395  2.96965e-06
sel_devs_fsh(57,9)   -0.0617275 -6.26875e-05
sel_devs_fsh(57,10)     -0.10486  6.35827e-05
sel_devs_fsh(57,11)   -0.0321012 -1.45959e-05
sel_devs_fsh(57,12)   0.00724424 -1.04529e-05
sel_devs_fsh(58,1)    0.0396987 -2.23171e-05
sel_devs_fsh(58,2)    -0.414113 -1.62049e-05
sel_devs_fsh(58,3)    -0.256544  3.54208e-05
sel_devs_fsh(58,4)    -0.147364  5.15998e-05
sel_devs_fsh(58,5)     0.625066 -5.43328e-05
sel_devs_fsh(58,6)     0.337102  -3.4321e-06
sel_devs_fsh(58,7)    -0.184321  3.25755e-05
sel_devs_fsh(58,8)    -0.133721 -2.75071e-05
sel_devs_fsh(58,9)   0.00172733 -0.000112285
sel_devs_fsh(58,10)    0.0540025   5.9267e-05
sel_devs_fsh(58,11)    0.0329539  1.22704e-05
sel_devs_fsh(58,12)    0.0455079 -1.97156e-05
sel_devs_fsh(59,1)  1.52784e-05  2.13146e-05
sel_devs_fsh(59,2)    0.0128736  9.50632e-06
sel_devs_fsh(59,3)    0.0500443  3.59737e-06
sel_devs_fsh(59,4)     0.226504  3.97232e-05
sel_devs_fsh(59,5)    -0.105078 -3.96052e-05
sel_devs_fsh(59,6)   -0.0970539 -9.58895e-07
sel_devs_fsh(59,7)    0.0237322  4.73943e-05
sel_devs_fsh(59,8)   -0.0821695 -2.20272e-05
sel_devs_fsh(59,9)   -0.0712901 -3.39013e-05
sel_devs_fsh(59,10)   -0.0195132  4.67773e-05
sel_devs_fsh(59,11)    0.0106533 -1.82107e-05
sel_devs_fsh(59,12)    0.0512851 -5.93558e-07
sel_coffs_fsh(1)     -4.08997   -3.388e-06
sel_coffs_fsh(2)     -2.15154  4.28774e-06
sel_coffs_fsh(3)    -0.873707 -2.96226e-06
sel_coffs_fsh(4)     0.360182 -3.23372e-05
sel_coffs_fsh(5)      0.34003  2.56483e-05
sel_coffs_fsh(6)      0.31047  3.35491e-05
sel_coffs_fsh(7)     0.269605  -4.5093e-05
sel_coffs_fsh(8)     0.228758 -6.08516e-05
sel_coffs_fsh(9)     0.193215  5.51384e-05
sel_coffs_fsh(10)      0.16513 -3.15138e-05
sel_coffs_fsh(11)     0.142958 -3.59677e-05
sel_coffs_fsh(12)     0.125798  9.49164e-05
sel_coffs_ats(2)   -0.0944053 -5.51212e-07
sel_coffs_ats(3)   -0.0486429  6.19035e-06
sel_coffs_ats(4)   -0.0173942 -4.22245e-06
sel_coffs_ats(5)    0.0287803  8.85509e-06
sel_coffs_ats(6)      0.10597  5.27222e-07
sel_coffs_ats(7)     0.161821  3.09329e-06
sel_coffs_ats(8)      0.16931 -1.54728e-05
sel_slp_bts      1.01983  1.51443e-05
sel_a50_bts      6.21245 -1.50709e-05
sel_age_one_bts     -3.00783 -3.90519e-05
sel_age_one_bts_dev(1982)     0.249001 -3.79813e-05
sel_age_one_bts_dev(1983)     0.223562   2.0656e-05
sel_age_one_bts_dev(1984)     0.291346 -5.34189e-05
sel_age_one_bts_dev(1985)    -0.125094 -8.39832e-05
sel_age_one_bts_dev(1986)    -0.420017 -3.83027e-05
sel_age_one_bts_dev(1987)    0.0506159 -7.67086e-05
sel_age_one_bts_dev(1988)    -0.363206  -8.3162e-05
sel_age_one_bts_dev(1989)     0.115548 -5.36709e-05
sel_age_one_bts_dev(1990)     0.299901 -6.81908e-05
sel_age_one_bts_dev(1991)    -0.192509 -8.09791e-05
sel_age_one_bts_dev(1992)    0.0451027 -4.54221e-05
sel_age_one_bts_dev(1993)     0.165514  -8.6882e-05
sel_age_one_bts_dev(1994)   -0.0236473 -7.13475e-05
sel_age_one_bts_dev(1995)    -0.108804 -4.91776e-05
sel_age_one_bts_dev(1996)    -0.233301 -0.000137114
sel_age_one_bts_dev(1997)   -0.0854533 -8.14601e-05
sel_age_one_bts_dev(1998)   -0.0213829  -3.6765e-05
sel_age_one_bts_dev(1999)    0.0909595  5.19971e-06
sel_age_one_bts_dev(2000)     0.252429 -4.26261e-05
sel_age_one_bts_dev(2001)    0.0837533  3.38925e-05
sel_age_one_bts_dev(2002)    0.0959773 -5.42861e-05
sel_age_one_bts_dev(2003)     0.329005 -1.41716e-05
sel_age_one_bts_dev(2004)    0.0528759 -6.97747e-05
sel_age_one_bts_dev(2005)    0.0259543 -3.90191e-05
sel_age_one_bts_dev(2006)   -0.0335437  -5.8683e-05
sel_age_one_bts_dev(2007)    0.0328722 -4.57878e-05
sel_age_one_bts_dev(2008)     0.238374  4.31718e-06
sel_age_one_bts_dev(2009)     0.374639 -1.72778e-05
sel_age_one_bts_dev(2010)     0.459974 -8.95892e-05
sel_age_one_bts_dev(2011)    -0.120851  4.94261e-05
sel_age_one_bts_dev(2012)   -0.0701047 -4.88359e-05
sel_age_one_bts_dev(2013)     0.299877 -5.34352e-05
sel_age_one_bts_dev(2014)     0.258407 -5.54662e-05
sel_age_one_bts_dev(2015)     0.157208 -5.28025e-05
sel_age_one_bts_dev(2016)   -0.0309357 -5.74203e-05
sel_age_one_bts_dev(2017)   -0.0706056 -5.60847e-05
sel_age_one_bts_dev(2018)    -0.201193 -5.65939e-05
sel_age_one_bts_dev(2019)     0.284953 -1.72393e-05
sel_age_one_bts_dev(2020)     -2.81705 -5.69772e-05
sel_age_one_bts_dev(2021)    0.0473816 -6.93739e-05
sel_age_one_bts_dev(2022)     0.206608  1.00511e-05
sel_age_one_bts_dev(2023)    0.0844857 -2.31251e-05
sel_age_one_bts_dev(2024)     0.101372 -7.85678e-05
L1      28.2771 -0.000174453
L2      46.1029 -4.84732e-05
log_K    -0.127657  6.63405e-05
d_scale(1,3)       0.5236  4.48242e-06
d_scale(1,4)     0.704441  5.98412e-06
d_scale(1,5)     0.765531  6.38052e-06
d_scale(1,6)     0.829738  -1.9472e-05
d_scale(1,7)     0.870009 -3.87455e-05
d_scale(1,8)      0.93339  4.18199e-06
d_scale(1,9)     0.978959  1.51485e-06
d_scale(1,10)     0.974786  1.26534e-06
d_scale(1,11)     0.995057  8.03442e-07
d_scale(1,12)     0.934379 -3.23354e-05
d_scale(1,13)     0.954279   -2.207e-05
d_scale(1,14)     0.863685 -2.16034e-05
d_scale(1,15)      1.00357  3.30419e-06
coh_eff(1955)            0            0
coh_eff(1956)            0            0
coh_eff(1957)            0            0
coh_eff(1958)            0            0
coh_eff(1959)            0            0
coh_eff(1960)            0            0
coh_eff(1961)            0            0
coh_eff(1962)            0            0
coh_eff(1963)            0            0
coh_eff(1964)            0            0
coh_eff(1965)            0            0
coh_eff(1966)            0            0
coh_eff(1967)            0            0
coh_eff(1968)            0            0
coh_eff(1969)            0            0
coh_eff(1970)            0            0
coh_eff(1971)    -0.174326 -6.64306e-05
coh_eff(1972)      0.30642 -2.17847e-05
coh_eff(1973)    0.0390729  9.65169e-06
coh_eff(1974)     0.531743  1.31491e-05
coh_eff(1975)    -0.412215 -8.30718e-06
coh_eff(1976)     0.532176  3.36585e-06
coh_eff(1977)     -0.45393  2.25426e-05
coh_eff(1978)     0.450572 -2.10111e-06
coh_eff(1979)    0.0472297  8.65903e-06
coh_eff(1980)   -0.0884739  3.66978e-05
coh_eff(1981)    -0.393548  5.05354e-07
coh_eff(1982)    -0.577962 -2.16782e-05
coh_eff(1983)     0.581888 -3.27018e-06
coh_eff(1984)     0.662105 -1.33011e-05
coh_eff(1985)      1.15135 -6.04767e-06
coh_eff(1986)   -0.0378492 -3.17821e-06
coh_eff(1987)     0.619849 -1.53638e-05
coh_eff(1988)   -0.0222036 -2.25377e-05
coh_eff(1989)     -1.01852 -2.76578e-05
coh_eff(1990)    -0.872082 -1.07053e-05
coh_eff(1991)    -0.963217  1.80815e-06
coh_eff(1992)     0.852762  2.01113e-05
coh_eff(1993)      1.78828 -6.05817e-05
coh_eff(1994)      0.50675  2.08271e-05
coh_eff(1995)    -0.980142  0.000118603
coh_eff(1996)   -0.0701879 -0.000184623
coh_eff(1997)     0.969765 -8.57489e-05
coh_eff(1998)     0.468247  0.000108079
coh_eff(1999)     0.395471  8.13722e-05
coh_eff(2000)   -0.0684586 -6.17657e-05
coh_eff(2001)     0.385649  9.87551e-07
coh_eff(2002)     0.878651  6.54179e-05
coh_eff(2003)      1.45759 -7.12055e-05
coh_eff(2004)     0.414359 -9.53219e-05
coh_eff(2005)    -0.801252  4.30597e-05
coh_eff(2006)     -1.12025  3.62837e-05
coh_eff(2007)    -0.451529  4.99903e-05
coh_eff(2008)     -1.66794 -4.39668e-05
coh_eff(2009)    -0.772619  2.33634e-05
coh_eff(2010)     -1.53472 -1.15612e-05
coh_eff(2011)     -2.03099  -7.2624e-05
coh_eff(2012)     -1.88351 -2.62863e-05
coh_eff(2013)     -1.15567  1.31175e-05
coh_eff(2014)     0.725716 -0.000252937
coh_eff(2015)     0.775548  3.78927e-05
coh_eff(2016)    0.0220587  -2.2291e-05
coh_eff(2017)     0.326546  8.78694e-05
coh_eff(2018)     0.567605 -3.90404e-05
coh_eff(2019)      1.41456 -3.91381e-05
coh_eff(2020)     0.374874  9.77519e-05
coh_eff(2021)     0.189903 -0.000125031
coh_eff(2022)      1.11949 -2.71564e-05
coh_eff(2023)      1.66812  1.17927e-06
coh_eff(2024)     0.354271 -4.82324e-05
coh_eff(2025)            0            0
coh_eff(2026)            0            0
yr_eff(1970)            0            0
yr_eff(1971)     0.173553  3.65458e-05
yr_eff(1972)  -0.00300521   4.2272e-05
yr_eff(1973)      0.30849  -1.9532e-05
yr_eff(1974)     0.365071 -1.66777e-06
yr_eff(1975)       1.5963 -1.56978e-05
yr_eff(1976)     0.449984  1.07053e-05
yr_eff(1977)      2.08953 -7.08653e-06
yr_eff(1978)     0.408933 -2.73692e-05
yr_eff(1979)      1.21191  2.55744e-05
yr_eff(1980)      1.29396  2.47187e-06
yr_eff(1981)     0.913713  -3.3898e-05
yr_eff(1982)     0.186395 -1.50064e-05
yr_eff(1983)     0.946769 -2.26146e-05
yr_eff(1984)    -0.522567 -1.56175e-05
yr_eff(1985)      0.19448 -1.14615e-05
yr_eff(1986)     -1.38398 -1.01786e-05
yr_eff(1987)    -0.523554 -2.22864e-05
yr_eff(1988)    -0.965512 -3.37084e-05
yr_eff(1989)    -0.691759   -3.367e-05
yr_eff(1990)     0.532205 -7.71816e-05
yr_eff(1991)     0.254749 -4.06034e-05
yr_eff(1992)     0.266519  1.22177e-05
yr_eff(1993)      1.04645  2.34289e-05
yr_eff(1994)     0.161365  3.39095e-05
yr_eff(1995)    -0.266973  2.61294e-05
yr_eff(1996)    -0.495524  0.000105081
yr_eff(1997)    -0.103362 -5.45852e-05
yr_eff(1998)    -0.399312 -9.74791e-05
yr_eff(1999)    -0.222823  -4.0907e-05
yr_eff(2000)    -0.121403   6.7419e-05
yr_eff(2001)     0.660468 -7.70455e-05
yr_eff(2002)     0.129535 -2.62106e-05
yr_eff(2003)    0.0186953  9.59955e-05
yr_eff(2004)    -0.211623 -1.87479e-05
yr_eff(2005)    -0.655893 -8.57593e-05
yr_eff(2006)   -0.0297589 -8.01611e-05
yr_eff(2007)      1.07527   6.2109e-05
yr_eff(2008)     0.487862  6.59847e-05
yr_eff(2009)      1.55114  -6.2756e-05
yr_eff(2010)     0.723351  6.19251e-05
yr_eff(2011)     0.870444  4.26165e-05
yr_eff(2012)     0.236104 -5.05204e-05
yr_eff(2013)     0.655274  -9.4805e-05
yr_eff(2014)     0.787419  1.56281e-05
yr_eff(2015)     -2.04374  -5.2535e-05
yr_eff(2016)    -0.258236 -9.64626e-05
yr_eff(2017)    0.0174495    2.826e-06
yr_eff(2018)    -0.798285 -4.71689e-06
yr_eff(2019)     0.881217  -4.0238e-06
yr_eff(2020)     -1.54825 -9.14128e-06
yr_eff(2021)     -1.33076  6.70135e-05
yr_eff(2022)   -0.0141347  0.000162171
yr_eff(2023)     -3.22027  1.93243e-05
yr_eff(2024)     0.945711  6.83892e-06
yr_eff(2025)            0            0
yr_eff(2026)            0            0
yr_eff(2027)            0            0
yr_eff(2028)            0            0
yr_eff(2029)            0            0
