ParName   Value   Gradient
log_avgrec      9.83933  3.57119e-05
log_avginit      4.81994   3.1361e-06
log_avg_F     -1.42553   1.8781e-05
log_q_ats    -0.685978 -1.71481e-05
log_Rzero      10.0854  4.57199e-06
steepness     0.622652 -4.69375e-06
log_q_cpue    0.0965583 -1.47098e-05
log_q_avo     -8.24781  1.82707e-06
log_initdevs(2)      3.31481 -0.000102199
log_initdevs(3)      2.83186  -0.00011997
log_initdevs(4)      1.29774  4.63124e-05
log_initdevs(5)     0.470794  0.000138542
log_initdevs(6)      1.14533  2.08547e-05
log_initdevs(7)      0.35158  8.21304e-05
log_initdevs(8)    -0.785973  5.15847e-06
log_initdevs(9)     -1.24235 -5.27651e-06
log_initdevs(10)     -1.23529  9.61544e-06
log_initdevs(11)     -1.23025  9.94406e-06
log_initdevs(12)     -1.22709  1.11708e-05
log_initdevs(13)      -1.2287  6.61423e-06
log_initdevs(14)     -1.23028  1.83361e-05
log_initdevs(15)     -1.23217    2.173e-05
log_rec_devs(1964)     -1.07671 -3.25356e-05
log_rec_devs(1965)     0.111245 -5.15713e-05
log_rec_devs(1966)    -0.220051  4.90464e-05
log_rec_devs(1967)     0.306165  7.75271e-05
log_rec_devs(1968)     0.162906  2.36707e-05
log_rec_devs(1969)     0.329759  0.000109687
log_rec_devs(1970)     0.223551  0.000136231
log_rec_devs(1971)     -0.26425  5.84878e-05
log_rec_devs(1972)    -0.466293  4.46455e-05
log_rec_devs(1973)     0.353574 -6.76086e-05
log_rec_devs(1974)    0.0365093 -4.44965e-05
log_rec_devs(1975)     -0.13274  -2.2767e-05
log_rec_devs(1976)    -0.395508 -0.000203806
log_rec_devs(1977)    -0.343007 -7.03671e-05
log_rec_devs(1978)     0.262468 -0.000102921
log_rec_devs(1979)      1.11294  -5.4871e-05
log_rec_devs(1980)     0.374099  0.000216437
log_rec_devs(1981)     0.530565  5.43487e-05
log_rec_devs(1982)   -0.0274838 -1.82534e-05
log_rec_devs(1983)      1.00208 -3.45791e-06
log_rec_devs(1984)    -0.289975 -2.97037e-05
log_rec_devs(1985)     0.551863  0.000262957
log_rec_devs(1986)    -0.402494   4.2555e-05
log_rec_devs(1987)    -0.974958  3.56263e-05
log_rec_devs(1988)     -1.23951  3.69473e-05
log_rec_devs(1989)    -0.502344  8.15977e-05
log_rec_devs(1990)      0.96844   0.00029006
log_rec_devs(1991)      0.34289 -0.000107529
log_rec_devs(1992)     0.192278  3.95971e-05
log_rec_devs(1993)     0.859366 -0.000250961
log_rec_devs(1994)    -0.185303  4.59482e-05
log_rec_devs(1995)    -0.544322 -4.55301e-05
log_rec_devs(1996)     0.157045 -5.05283e-05
log_rec_devs(1997)      0.45328  -9.7561e-05
log_rec_devs(1998)    -0.248682  3.94964e-06
log_rec_devs(1999)    -0.165758  5.24051e-05
log_rec_devs(2000)     0.249116  0.000168121
log_rec_devs(2001)     0.596852  0.000180834
log_rec_devs(2002)     0.198565  -2.3833e-05
log_rec_devs(2003)     -0.26949   1.8573e-05
log_rec_devs(2004)     -1.07089 -0.000143458
log_rec_devs(2005)     -1.41426  1.32302e-05
log_rec_devs(2006)    -0.506319 -0.000237347
log_rec_devs(2007)     0.259723 -2.79613e-05
log_rec_devs(2008)    -0.364725  8.95001e-05
log_rec_devs(2009)     0.951211   2.4481e-05
log_rec_devs(2010)     0.182381 -4.97508e-05
log_rec_devs(2011)    -0.322761 -1.14927e-06
log_rec_devs(2012)    -0.460441 -5.37149e-05
log_rec_devs(2013)     0.811798  0.000128807
log_rec_devs(2014)     0.960581  0.000102609
log_rec_devs(2015)      0.15028 -2.26637e-05
log_rec_devs(2016)    -0.837609   0.00022729
log_rec_devs(2017)    -0.855676 -3.10767e-05
log_rec_devs(2018)    -0.150116  5.38412e-05
log_rec_devs(2019)      1.44279 -0.000703627
log_rec_devs(2020)     0.165255  0.000166577
log_rec_devs(2021)    -0.248979  0.000215572
log_rec_devs(2022)    -0.365389  4.81345e-05
log_rec_devs(2023)    0.0371974  4.18331e-05
log_rec_devs(2024)   0.00927285 -7.52488e-05
log_F_devs(1964)     -0.65049  0.000227218
log_F_devs(1965)    -0.625513  0.000133064
log_F_devs(1966)     -0.70336 -0.000236891
log_F_devs(1967)    -0.163696 -0.000241237
log_F_devs(1968)    -0.177396  6.31967e-05
log_F_devs(1969)    -0.135301  0.000315124
log_F_devs(1970)     0.227485 -0.000263111
log_F_devs(1971)     0.574511  0.000209991
log_F_devs(1972)     0.685482 -7.31612e-05
log_F_devs(1973)      0.81571  0.000199165
log_F_devs(1974)     0.878773  0.000332101
log_F_devs(1975)     0.686082   0.00010283
log_F_devs(1976)     0.577242 -0.000346581
log_F_devs(1977)     0.466141  0.000176337
log_F_devs(1978)     0.559973  0.000346537
log_F_devs(1979)     0.610876 -1.74037e-05
log_F_devs(1980)     0.548372 -0.000232942
log_F_devs(1981)     0.243551 -0.000189535
log_F_devs(1982)    -0.189187 -0.000228117
log_F_devs(1983)    -0.387183 -9.43261e-05
log_F_devs(1984)    -0.427331  3.40993e-06
log_F_devs(1985)     -0.43044   0.00030374
log_F_devs(1986)    -0.514892 -0.000281374
log_F_devs(1987)    -0.831345 -1.72825e-06
log_F_devs(1988)    -0.524241 -0.000188864
log_F_devs(1989)     -0.49594  -0.00027312
log_F_devs(1990)   -0.0819434  3.46157e-06
log_F_devs(1991)     0.126264  0.000170035
log_F_devs(1992)     0.433587  0.000161494
log_F_devs(1993)   0.00420032  8.87256e-05
log_F_devs(1994)    -0.242022  0.000179268
log_F_devs(1995)    -0.258308  0.000183279
log_F_devs(1996)   -0.0866623  0.000176684
log_F_devs(1997)    -0.057723  9.43656e-05
log_F_devs(1998)    -0.238943  5.64235e-05
log_F_devs(1999)    -0.473722 -0.000237686
log_F_devs(2000)    -0.378164 -0.000131836
log_F_devs(2001)    -0.240332  7.54934e-05
log_F_devs(2002)   -0.0754801  2.38142e-05
log_F_devs(2003)   0.00184814 -1.66168e-05
log_F_devs(2004)   -0.0991828  0.000157452
log_F_devs(2005)    -0.162832  0.000165021
log_F_devs(2006)    0.0452731  0.000143851
log_F_devs(2007)     0.126641  0.000299827
log_F_devs(2008)     0.236091  0.000146418
log_F_devs(2009)     0.214402  2.38302e-05
log_F_devs(2010)    0.0325582 -0.000247394
log_F_devs(2011)     0.342329  0.000116578
log_F_devs(2012)     0.354181 -0.000211304
log_F_devs(2013)     0.304954  -0.00030977
log_F_devs(2014)     0.252511 -0.000414974
log_F_devs(2015)     0.332454 -6.41924e-05
log_F_devs(2016)    0.0151198 -0.000116249
log_F_devs(2017)   -0.0115683  -2.4493e-05
log_F_devs(2018)    -0.225687  0.000382179
log_F_devs(2019)    -0.109893 -0.000443168
log_F_devs(2020)     0.125136 -0.000373694
log_F_devs(2021)    0.0643325 -0.000427054
log_F_devs(2022)    -0.299078 -0.000308564
log_F_devs(2023)    -0.328068 -0.000409079
log_F_devs(2024)    -0.260154    0.0015253
sel_devs_fsh(1,1)    0.0526968  1.38555e-05
sel_devs_fsh(1,2)    0.0927311 -3.89635e-06
sel_devs_fsh(1,3)     0.143078   0.00012178
sel_devs_fsh(1,4)   -0.0413396  0.000133743
sel_devs_fsh(1,5)   -0.0416122  1.29172e-05
sel_devs_fsh(1,6)   -0.0559131 -0.000564901
sel_devs_fsh(1,7)   -0.0479064  0.000350918
sel_devs_fsh(1,8)   -0.0386974  0.000279295
sel_devs_fsh(1,9)   -0.0278145  -0.00052856
sel_devs_fsh(1,10)    -0.018224 -0.000721568
sel_devs_fsh(1,11)   -0.0109515   0.00154329
sel_devs_fsh(1,12)  -0.00604213 -0.000557302
sel_devs_fsh(2,1)    0.0600417 -4.55857e-05
sel_devs_fsh(2,2)    0.0999831  0.000103466
sel_devs_fsh(2,3)     0.243235 -3.27814e-05
sel_devs_fsh(2,4)    -0.132242  0.000184439
sel_devs_fsh(2,5)   -0.0949986   5.6348e-06
sel_devs_fsh(2,6)   -0.0735469 -0.000530933
sel_devs_fsh(2,7)   -0.0521693  0.000258243
sel_devs_fsh(2,8)   -0.0325376  0.000336406
sel_devs_fsh(2,9)   -0.0195863 -0.000509004
sel_devs_fsh(2,10)  -0.00826847 -0.000717912
sel_devs_fsh(2,11)   0.00124978   0.00147444
sel_devs_fsh(2,12)   0.00883767 -0.000554504
sel_devs_fsh(3,1)     0.124764   4.7367e-05
sel_devs_fsh(3,2)     0.100119 -1.40574e-05
sel_devs_fsh(3,3)   0.00653984   3.8823e-05
sel_devs_fsh(3,4)  -0.00617347  0.000149426
sel_devs_fsh(3,5)   -0.0470208  -1.5306e-05
sel_devs_fsh(3,6)   -0.0511828 -0.000503025
sel_devs_fsh(3,7)    -0.048236  0.000238882
sel_devs_fsh(3,8)   -0.0372889  0.000305062
sel_devs_fsh(3,9)   -0.0244232 -0.000380408
sel_devs_fsh(3,10)   -0.0122459 -0.000554882
sel_devs_fsh(3,11)   -0.0043719   0.00133803
sel_devs_fsh(3,12) -0.000479673 -0.000636364
sel_devs_fsh(4,1)     0.131856  1.18111e-05
sel_devs_fsh(4,2)    0.0668434  7.14795e-05
sel_devs_fsh(4,3)     0.157046 -4.35536e-05
sel_devs_fsh(4,4)    -0.105374  0.000178099
sel_devs_fsh(4,5)    -0.101599  3.32911e-05
sel_devs_fsh(4,6)   -0.0920919  -0.00044377
sel_devs_fsh(4,7)   -0.0789801  0.000132013
sel_devs_fsh(4,8)   -0.0233305  0.000247354
sel_devs_fsh(4,9)  -0.00482142 -0.000212981
sel_devs_fsh(4,10)     0.010189 -0.000627751
sel_devs_fsh(4,11)    0.0173323   0.00119737
sel_devs_fsh(4,12)     0.022932 -0.000514351
sel_devs_fsh(5,1)      0.18774   2.1204e-05
sel_devs_fsh(5,2)     0.136862  1.67683e-05
sel_devs_fsh(5,3)   -0.0322754 -6.82047e-06
sel_devs_fsh(5,4)    -0.251461  0.000171351
sel_devs_fsh(5,5)    -0.122807  7.29532e-05
sel_devs_fsh(5,6)    -0.107394 -0.000435361
sel_devs_fsh(5,7)     -0.04943   0.00014458
sel_devs_fsh(5,8)    0.0100063  0.000133176
sel_devs_fsh(5,9)    0.0367939 -0.000150019
sel_devs_fsh(5,10)    0.0525799 -0.000522253
sel_devs_fsh(5,11)    0.0596308   0.00102155
sel_devs_fsh(5,12)    0.0797576  -0.00042967
sel_devs_fsh(6,1)    0.0102695 -2.87197e-05
sel_devs_fsh(6,2)    0.0286873  3.91936e-05
sel_devs_fsh(6,3)   -0.0800695  4.29063e-05
sel_devs_fsh(6,4)    -0.048658  0.000108414
sel_devs_fsh(6,5)   -0.0010614  0.000149615
sel_devs_fsh(6,6)   -0.0141885 -0.000477315
sel_devs_fsh(6,7)   -0.0489408  7.72363e-05
sel_devs_fsh(6,8)   0.00648556  0.000116863
sel_devs_fsh(6,9)    0.0276204 -0.000132422
sel_devs_fsh(6,10)    0.0327248 -0.000661574
sel_devs_fsh(6,11)    0.0373331   0.00118458
sel_devs_fsh(6,12)    0.0497976 -0.000418269
sel_devs_fsh(7,1)    -0.232739  -5.5983e-05
sel_devs_fsh(7,2)     0.197761  6.20203e-05
sel_devs_fsh(7,3)     0.116592   9.1754e-05
sel_devs_fsh(7,4)    0.0805994  6.88458e-05
sel_devs_fsh(7,5)   -0.0208067  0.000109267
sel_devs_fsh(7,6)  -0.00740954 -0.000472598
sel_devs_fsh(7,7)   -0.0167797  0.000132385
sel_devs_fsh(7,8)   -0.0307697  0.000133543
sel_devs_fsh(7,9)   -0.0139799 -0.000193325
sel_devs_fsh(7,10)   -0.0164828 -0.000135524
sel_devs_fsh(7,11)   -0.0229204  0.000662167
sel_devs_fsh(7,12)   -0.0330665 -0.000426285
sel_devs_fsh(8,1)    -0.253196  3.93102e-05
sel_devs_fsh(8,2)     0.107661  6.45306e-05
sel_devs_fsh(8,3)    0.0693388  4.03561e-05
sel_devs_fsh(8,4)    0.0501651  8.58311e-05
sel_devs_fsh(8,5)     0.039498   5.9775e-05
sel_devs_fsh(8,6)    0.0488487 -0.000445992
sel_devs_fsh(8,7)    0.0290414  7.14942e-05
sel_devs_fsh(8,8)   0.00019367  0.000114362
sel_devs_fsh(8,9)   -0.0102868  -2.7785e-05
sel_devs_fsh(8,10)   -0.0176261  0.000236072
sel_devs_fsh(8,11)   -0.0257375  0.000169172
sel_devs_fsh(8,12)   -0.0379008 -0.000410874
sel_devs_fsh(9,1)    -0.210745  2.37251e-05
sel_devs_fsh(9,2)        0.146  4.19126e-05
sel_devs_fsh(9,3)     0.180857  1.08176e-05
sel_devs_fsh(9,4)    0.0371145  6.02374e-05
sel_devs_fsh(9,5)   0.00767446  0.000107991
sel_devs_fsh(9,6)  -0.00322375 -0.000452654
sel_devs_fsh(9,7)  -0.00253364  0.000126297
sel_devs_fsh(9,8)   -0.0279343  0.000122474
sel_devs_fsh(9,9)   -0.0210768 -8.47502e-05
sel_devs_fsh(9,10)   -0.0250625   0.00047933
sel_devs_fsh(9,11)   -0.0325467 -6.80119e-05
sel_devs_fsh(9,12)   -0.0485241 -0.000369992
sel_devs_fsh(10,1)    -0.193938  3.65451e-05
sel_devs_fsh(10,2)    -0.175141  6.89876e-05
sel_devs_fsh(10,3)     0.130406 -2.47858e-05
sel_devs_fsh(10,4)    0.0806727  0.000125189
sel_devs_fsh(10,5)    0.0446282  3.38766e-05
sel_devs_fsh(10,6)    0.0371529 -0.000353207
sel_devs_fsh(10,7)     0.035043  8.18937e-05
sel_devs_fsh(10,8)  -0.00312454  9.93465e-05
sel_devs_fsh(10,9)   0.00571246  8.98095e-05
sel_devs_fsh(10,10)     0.012894  0.000215215
sel_devs_fsh(10,11)    0.0127749 -2.98102e-06
sel_devs_fsh(10,12)    0.0129197 -0.000368471
sel_devs_fsh(11,1)    -0.192556  3.16652e-05
sel_devs_fsh(11,2)   -0.0723649  5.80213e-05
sel_devs_fsh(11,3)   -0.0837672  3.30999e-05
sel_devs_fsh(11,4)    0.0898368  0.000179426
sel_devs_fsh(11,5)    0.0753308 -3.40142e-05
sel_devs_fsh(11,6)      0.06292 -0.000355577
sel_devs_fsh(11,7)    0.0561817  4.51653e-06
sel_devs_fsh(11,8)    0.0157701  0.000130981
sel_devs_fsh(11,9)    0.0120275  0.000106715
sel_devs_fsh(11,10)    0.0132685  0.000366124
sel_devs_fsh(11,11)    0.0125422 -0.000143371
sel_devs_fsh(11,12)    0.0108117  -0.00036023
sel_devs_fsh(12,1)    -0.182765 -3.64501e-05
sel_devs_fsh(12,2)    0.0176833 -2.62646e-05
sel_devs_fsh(12,3)    -0.132389  2.30863e-05
sel_devs_fsh(12,4)   -0.0525457  0.000133398
sel_devs_fsh(12,5)    0.0572326 -7.40514e-05
sel_devs_fsh(12,6)    0.0615313 -0.000277514
sel_devs_fsh(12,7)    0.0602387 -5.92954e-05
sel_devs_fsh(12,8)    0.0361823   0.00015899
sel_devs_fsh(12,9)    0.0285192  0.000205226
sel_devs_fsh(12,10)    0.0343439  0.000232189
sel_devs_fsh(12,11)     0.035563  3.41846e-05
sel_devs_fsh(12,12)    0.0364008 -0.000390974
sel_devs_fsh(13,1)     -0.22395  5.26585e-05
sel_devs_fsh(13,2)    -0.141014  9.96538e-06
sel_devs_fsh(13,3)   -0.0442602  2.67329e-05
sel_devs_fsh(13,4)   -0.0295559  0.000184589
sel_devs_fsh(13,5)    0.0435849 -0.000176256
sel_devs_fsh(13,6)     0.053988  -0.00030042
sel_devs_fsh(13,7)    0.0676791  0.000139388
sel_devs_fsh(13,8)    0.0674638  5.66963e-05
sel_devs_fsh(13,9)    0.0551472  0.000197243
sel_devs_fsh(13,10)    0.0498028  0.000215669
sel_devs_fsh(13,11)    0.0508458 -1.28382e-05
sel_devs_fsh(13,12)    0.0502684 -0.000401283
sel_devs_fsh(14,1)    -0.179526 -4.91009e-05
sel_devs_fsh(14,2)    -0.379502 -1.98732e-05
sel_devs_fsh(14,3)    -0.172968 -1.61867e-06
sel_devs_fsh(14,4)   -0.0430821  0.000189592
sel_devs_fsh(14,5)      0.08259 -0.000148401
sel_devs_fsh(14,6)       0.1393 -0.000252654
sel_devs_fsh(14,7)     0.123149  0.000183358
sel_devs_fsh(14,8)     0.123111  0.000110934
sel_devs_fsh(14,9)    0.0993524  0.000375749
sel_devs_fsh(14,10)    0.0721509 -1.38782e-05
sel_devs_fsh(14,11)    0.0688897  0.000103204
sel_devs_fsh(14,12)     0.066537 -0.000443771
sel_devs_fsh(15,1)    -0.198443  -3.2647e-05
sel_devs_fsh(15,2)    -0.486919  -6.4638e-05
sel_devs_fsh(15,3)    -0.274374  2.55266e-06
sel_devs_fsh(15,4)    0.0658188    0.0001592
sel_devs_fsh(15,5)      0.11484 -8.81217e-05
sel_devs_fsh(15,6)     0.150614 -0.000182389
sel_devs_fsh(15,7)     0.147688  0.000191226
sel_devs_fsh(15,8)      0.13873 -4.58486e-05
sel_devs_fsh(15,9)    0.0949043  0.000514119
sel_devs_fsh(15,10)    0.0844884 -0.000202668
sel_devs_fsh(15,11)    0.0828592   0.00015622
sel_devs_fsh(15,12)    0.0797932 -0.000394826
sel_devs_fsh(16,1)    -0.165011  3.24284e-05
sel_devs_fsh(16,2)    -0.272648  5.25278e-05
sel_devs_fsh(16,3)    -0.279232 -3.50297e-06
sel_devs_fsh(16,4)   -0.0223386  0.000148243
sel_devs_fsh(16,5)     0.116611 -9.47264e-05
sel_devs_fsh(16,6)    0.0846328 -0.000170939
sel_devs_fsh(16,7)     0.093259  0.000179389
sel_devs_fsh(16,8)    0.0976532 -6.38188e-05
sel_devs_fsh(16,9)    0.0921827  0.000629569
sel_devs_fsh(16,10)    0.0860642 -0.000260827
sel_devs_fsh(16,11)    0.0836462  0.000108702
sel_devs_fsh(16,12)    0.0851861 -0.000473073
sel_devs_fsh(17,1)    -0.130441 -8.41458e-05
sel_devs_fsh(17,2)     -0.10204  6.79928e-05
sel_devs_fsh(17,3)    -0.300727  5.34755e-05
sel_devs_fsh(17,4)   -0.0208041  0.000160547
sel_devs_fsh(17,5)    0.0262208 -7.14387e-05
sel_devs_fsh(17,6)    0.0654751  -0.00020401
sel_devs_fsh(17,7)     0.065056  0.000151458
sel_devs_fsh(17,8)    0.0733539 -0.000156299
sel_devs_fsh(17,9)    0.0778352  0.000681956
sel_devs_fsh(17,10)    0.0796915 -0.000265679
sel_devs_fsh(17,11)    0.0816929  9.07597e-05
sel_devs_fsh(17,12)    0.0846856 -0.000440922
sel_devs_fsh(18,1)    -0.147409  3.05873e-05
sel_devs_fsh(18,2)     0.102471 -0.000113195
sel_devs_fsh(18,3)   -0.0849743  0.000121506
sel_devs_fsh(18,4)      -0.1622  0.000140745
sel_devs_fsh(18,5)   -0.0758964 -8.20923e-05
sel_devs_fsh(18,6)    0.0429022 -0.000247515
sel_devs_fsh(18,7)    0.0365954    0.0001473
sel_devs_fsh(18,8)    0.0333721 -0.000162478
sel_devs_fsh(18,9)    0.0515489  0.000608454
sel_devs_fsh(18,10)    0.0595373 -0.000261964
sel_devs_fsh(18,11)    0.0686749  0.000194039
sel_devs_fsh(18,12)     0.075375 -0.000409163
sel_devs_fsh(19,1)    -0.135949 -2.51189e-05
sel_devs_fsh(19,2)    -0.150898  2.93105e-05
sel_devs_fsh(19,3)    0.0626407  0.000131361
sel_devs_fsh(19,4)   -0.0682969  0.000137364
sel_devs_fsh(19,5)    0.0615511 -0.000117464
sel_devs_fsh(19,6)   0.00758336 -0.000237822
sel_devs_fsh(19,7)    0.0352179  0.000260153
sel_devs_fsh(19,8)    0.0269807  -0.00026537
sel_devs_fsh(19,9)      0.02749  0.000606981
sel_devs_fsh(19,10)    0.0325669 -0.000319495
sel_devs_fsh(19,11)    0.0468445  0.000150224
sel_devs_fsh(19,12)    0.0542695 -0.000334488
sel_devs_fsh(20,1)    -0.151836 -9.20714e-06
sel_devs_fsh(20,2)    0.0453765 -1.38362e-05
sel_devs_fsh(20,3)     0.138986  0.000131604
sel_devs_fsh(20,4)   -0.0780802  0.000113145
sel_devs_fsh(20,5)    -0.230084 -0.000123349
sel_devs_fsh(20,6)    0.0733195 -0.000207143
sel_devs_fsh(20,7)    0.0428605  0.000217462
sel_devs_fsh(20,8)    0.0425833 -0.000294984
sel_devs_fsh(20,9)    0.0187756  0.000627676
sel_devs_fsh(20,10)     0.024516 -0.000202441
sel_devs_fsh(20,11)    0.0334303  0.000182781
sel_devs_fsh(20,12)    0.0401514 -0.000432533
sel_devs_fsh(21,1)     -0.15951  2.68824e-05
sel_devs_fsh(21,2)   -0.0312289 -4.94078e-05
sel_devs_fsh(21,3)     0.077336 -2.74817e-05
sel_devs_fsh(21,4)     0.164135  0.000110904
sel_devs_fsh(21,5)   -0.0160356 -0.000116934
sel_devs_fsh(21,6)   -0.0740014 -0.000173404
sel_devs_fsh(21,7)    0.0221907  0.000371906
sel_devs_fsh(21,8)   -0.0305203 -0.000252247
sel_devs_fsh(21,9)    0.0229047  0.000543525
sel_devs_fsh(21,10)   0.00410083 -0.000162148
sel_devs_fsh(21,11)   0.00286003  0.000104742
sel_devs_fsh(21,12)    0.0177686 -0.000381362
sel_devs_fsh(22,1)    -0.161089 -2.26032e-05
sel_devs_fsh(22,2)   -0.0781148 -3.03835e-05
sel_devs_fsh(22,3)     0.122086 -3.25894e-05
sel_devs_fsh(22,4)   -0.0843611  0.000208111
sel_devs_fsh(22,5)    0.0135818 -0.000106039
sel_devs_fsh(22,6)   -0.0374551 -0.000245582
sel_devs_fsh(22,7)   -0.0958488  0.000334961
sel_devs_fsh(22,8)     0.135935 -0.000239714
sel_devs_fsh(22,9)    0.0866803  0.000486474
sel_devs_fsh(22,10)    0.0637977 -0.000197354
sel_devs_fsh(22,11)    0.0286215  0.000160332
sel_devs_fsh(22,12)   0.00616524 -0.000329888
sel_devs_fsh(23,1)    -0.194297 -7.36288e-05
sel_devs_fsh(23,2)    -0.114744  6.39909e-06
sel_devs_fsh(23,3)     0.461376    -7.12e-06
sel_devs_fsh(23,4)    0.0449857  0.000223784
sel_devs_fsh(23,5)     0.123975 -2.15844e-05
sel_devs_fsh(23,6)   -0.0530133 -0.000312997
sel_devs_fsh(23,7)     0.133478  0.000328527
sel_devs_fsh(23,8)    -0.093531  -0.00024247
sel_devs_fsh(23,9)    -0.090451  0.000372773
sel_devs_fsh(23,10)    -0.111794 -0.000159842
sel_devs_fsh(23,11)   -0.0653178  0.000195192
sel_devs_fsh(23,12)   -0.0406648 -0.000277874
sel_devs_fsh(24,1)    -0.162911 -6.03577e-05
sel_devs_fsh(24,2)   -0.0738626  4.92907e-06
sel_devs_fsh(24,3)    -0.382007  5.90533e-05
sel_devs_fsh(24,4)     0.167776  0.000175379
sel_devs_fsh(24,5)    0.0361094 -8.19504e-06
sel_devs_fsh(24,6)    0.0818948 -0.000300201
sel_devs_fsh(24,7)     0.126742  0.000292239
sel_devs_fsh(24,8)      0.10496 -0.000109094
sel_devs_fsh(24,9)     0.026023  0.000365223
sel_devs_fsh(24,10)     0.068907  -0.00012062
sel_devs_fsh(24,11)    0.0218268  0.000194257
sel_devs_fsh(24,12)   -0.0154545 -0.000435773
sel_devs_fsh(25,1)    -0.153427 -2.53541e-05
sel_devs_fsh(25,2)   -0.0417285  1.39541e-05
sel_devs_fsh(25,3)    -0.345393  2.07971e-05
sel_devs_fsh(25,4)    0.0386717  9.80127e-05
sel_devs_fsh(25,5)     0.183469 -7.23189e-05
sel_devs_fsh(25,6)    0.0579781 -0.000295438
sel_devs_fsh(25,7)   -0.0286566  0.000294422
sel_devs_fsh(25,8)    0.0452702 -0.000134871
sel_devs_fsh(25,9)    0.0590871  0.000320744
sel_devs_fsh(25,10)   -0.0172043 -0.000235804
sel_devs_fsh(25,11)     0.129146  0.000337059
sel_devs_fsh(25,12)    0.0727868 -0.000317472
sel_devs_fsh(26,1)   -0.0808052  6.95788e-05
sel_devs_fsh(26,2)   0.00240777  2.00489e-07
sel_devs_fsh(26,3)    -0.370786  0.000118929
sel_devs_fsh(26,4)    -0.322983  0.000102777
sel_devs_fsh(26,5)    -0.222728 -8.45015e-05
sel_devs_fsh(26,6)   -0.0618764 -0.000233723
sel_devs_fsh(26,7)     0.126386  0.000260502
sel_devs_fsh(26,8)   -0.0289284  5.69501e-06
sel_devs_fsh(26,9)     0.165071  0.000276103
sel_devs_fsh(26,10)     0.104365 -0.000236145
sel_devs_fsh(26,11)     0.353755  0.000156036
sel_devs_fsh(26,12)     0.336122 -0.000453522
sel_devs_fsh(27,1)    -0.156305 -3.37436e-05
sel_devs_fsh(27,2)   -0.0679508  0.000142452
sel_devs_fsh(27,3)     0.502075  0.000219193
sel_devs_fsh(27,4)    -0.260695   0.00013085
sel_devs_fsh(27,5)    -0.344576 -3.22003e-05
sel_devs_fsh(27,6)   -0.0417397 -0.000202457
sel_devs_fsh(27,7)    -0.028048  7.48197e-05
sel_devs_fsh(27,8)     0.214353 -3.45934e-05
sel_devs_fsh(27,9)     0.107586  0.000250618
sel_devs_fsh(27,10)      0.23274 -0.000170726
sel_devs_fsh(27,11)    -0.112469   0.00025144
sel_devs_fsh(27,12)   -0.0449565 -0.000345287
sel_devs_fsh(28,1)    -0.144482 -1.79433e-05
sel_devs_fsh(28,2)    -0.489648 -6.61506e-06
sel_devs_fsh(28,3)   -0.0316404 -6.02165e-05
sel_devs_fsh(28,4)     0.795385  0.000252188
sel_devs_fsh(28,5)   0.00120864 -1.76197e-05
sel_devs_fsh(28,6)    0.0149187 -0.000227673
sel_devs_fsh(28,7)    0.0876033  0.000221501
sel_devs_fsh(28,8)    0.0258988  8.90545e-05
sel_devs_fsh(28,9)   -0.0131564  0.000235592
sel_devs_fsh(28,10)   -0.0512588  -0.00029474
sel_devs_fsh(28,11)    -0.126276  0.000224749
sel_devs_fsh(28,12)   -0.0685536 -0.000415792
sel_devs_fsh(29,1)   -0.0512289 -3.43936e-05
sel_devs_fsh(29,2)    0.0105978 -6.23079e-05
sel_devs_fsh(29,3)    -0.777173  5.83658e-05
sel_devs_fsh(29,4)    -0.298204  0.000237816
sel_devs_fsh(29,5)     0.905825   4.5002e-06
sel_devs_fsh(29,6)     0.260122 -0.000397071
sel_devs_fsh(29,7)    0.0242137   0.00013811
sel_devs_fsh(29,8)    -0.023251  1.70687e-05
sel_devs_fsh(29,9)   -0.0318771  0.000243225
sel_devs_fsh(29,10)  -0.00624569 -0.000178457
sel_devs_fsh(29,11)    0.0230138  0.000288039
sel_devs_fsh(29,12)   -0.0357935 -0.000326002
sel_devs_fsh(30,1)   -0.0206355  6.13782e-06
sel_devs_fsh(30,2)     0.181072 -5.64044e-05
sel_devs_fsh(30,3)     -0.28534  4.75882e-06
sel_devs_fsh(30,4)    -0.687036  0.000115929
sel_devs_fsh(30,5)       -0.361  7.96347e-06
sel_devs_fsh(30,6)     0.463596 -0.000335675
sel_devs_fsh(30,7)     0.148669  3.24115e-05
sel_devs_fsh(30,8)     0.164598  6.49928e-05
sel_devs_fsh(30,9)     0.135067  0.000291088
sel_devs_fsh(30,10)     0.117908 -0.000159027
sel_devs_fsh(30,11)    0.0871202  0.000260926
sel_devs_fsh(30,12)    0.0559798 -0.000267995
sel_devs_fsh(31,1)   -0.0348067 -7.72865e-05
sel_devs_fsh(31,2)     0.517055  2.99903e-05
sel_devs_fsh(31,3)     0.268272 -8.96822e-05
sel_devs_fsh(31,4)    -0.788225  0.000224771
sel_devs_fsh(31,5)     -0.73986  9.64731e-05
sel_devs_fsh(31,6)    -0.358195 -0.000324198
sel_devs_fsh(31,7)     0.271512   -1.956e-05
sel_devs_fsh(31,8)     0.308988  0.000105046
sel_devs_fsh(31,9)     0.227553  0.000234086
sel_devs_fsh(31,10)     0.155474 -0.000103061
sel_devs_fsh(31,11)     0.100609  0.000212229
sel_devs_fsh(31,12)    0.0716232 -0.000305508
sel_devs_fsh(32,1)    -0.134935  4.53965e-05
sel_devs_fsh(32,2)     0.353638 -3.25473e-05
sel_devs_fsh(32,3)     0.155927 -3.87338e-05
sel_devs_fsh(32,4)     0.642968  0.000184324
sel_devs_fsh(32,5)  -0.00793327 -4.88135e-05
sel_devs_fsh(32,6)     -0.40415  -0.00040835
sel_devs_fsh(32,7)    -0.411359 -1.06559e-05
sel_devs_fsh(32,8)    -0.307085  0.000164384
sel_devs_fsh(32,9)  -0.00338636  0.000225201
sel_devs_fsh(32,10)    0.0315198 -1.88119e-05
sel_devs_fsh(32,11)    0.0392365  0.000206556
sel_devs_fsh(32,12)    0.0455581 -0.000282386
sel_devs_fsh(33,1)    -0.108298  1.86226e-05
sel_devs_fsh(33,2)    -0.379546  7.69275e-06
sel_devs_fsh(33,3)     0.292082  5.38101e-05
sel_devs_fsh(33,4)     0.243214   0.00018737
sel_devs_fsh(33,5)     0.175633  2.43029e-06
sel_devs_fsh(33,6)     0.285588 -0.000342975
sel_devs_fsh(33,7)    -0.233997  1.33913e-05
sel_devs_fsh(33,8)   -0.0648226  8.51289e-05
sel_devs_fsh(33,9)    -0.077771  0.000181423
sel_devs_fsh(33,10)   -0.0491166 -0.000110978
sel_devs_fsh(33,11)   -0.0468213  0.000163593
sel_devs_fsh(33,12)   -0.0361448 -0.000264745
sel_devs_fsh(34,1)    -0.153678 -7.25069e-05
sel_devs_fsh(34,2)    -0.383167  5.53307e-05
sel_devs_fsh(34,3)     0.834585  3.82461e-05
sel_devs_fsh(34,4)     0.473077  0.000126529
sel_devs_fsh(34,5)      0.15117 -3.63321e-05
sel_devs_fsh(34,6)    -0.261258 -0.000380864
sel_devs_fsh(34,7)     0.254962   2.4777e-05
sel_devs_fsh(34,8)    -0.108088  0.000140356
sel_devs_fsh(34,9)    -0.279062  0.000243069
sel_devs_fsh(34,10)    -0.247143 -2.69583e-05
sel_devs_fsh(34,11)    -0.177212   0.00019056
sel_devs_fsh(34,12)    -0.104181 -0.000244543
sel_devs_fsh(35,1)   -0.0807043  9.46203e-05
sel_devs_fsh(35,2)    -0.153097  1.23584e-05
sel_devs_fsh(35,3)    -0.558734  5.62916e-05
sel_devs_fsh(35,4)     0.308938  5.28567e-05
sel_devs_fsh(35,5)     0.437686 -3.29888e-05
sel_devs_fsh(35,6)    0.0154044  -0.00038299
sel_devs_fsh(35,7)   -0.0424086  5.11056e-05
sel_devs_fsh(35,8)     0.238544  0.000120094
sel_devs_fsh(35,9)    0.0218779  0.000188596
sel_devs_fsh(35,10)   -0.0533268 -2.99346e-05
sel_devs_fsh(35,11)    -0.056246  0.000289656
sel_devs_fsh(35,12)    -0.077924 -0.000277652
sel_devs_fsh(36,1)   -0.0361596 -4.92958e-05
sel_devs_fsh(36,2)    -0.201502 -3.48113e-05
sel_devs_fsh(36,3)    -0.452301  5.59938e-05
sel_devs_fsh(36,4)    -0.308148  0.000117049
sel_devs_fsh(36,5)     0.257749 -0.000101466
sel_devs_fsh(36,6)     0.628941 -0.000349399
sel_devs_fsh(36,7)     0.145594  1.56673e-05
sel_devs_fsh(36,8)    -0.103506  7.01128e-05
sel_devs_fsh(36,9)    0.0294184   0.00021832
sel_devs_fsh(36,10)    0.0373556 -5.68174e-05
sel_devs_fsh(36,11)    0.0236597  0.000301639
sel_devs_fsh(36,12)   -0.0211045 -0.000227478
sel_devs_fsh(37,1)   -0.0804147  4.46613e-05
sel_devs_fsh(37,2)      0.16942 -4.21666e-05
sel_devs_fsh(37,3)    0.0808387  5.75988e-05
sel_devs_fsh(37,4)    -0.015318  8.37776e-05
sel_devs_fsh(37,5)    -0.227081 -8.42832e-05
sel_devs_fsh(37,6)    0.0644067 -0.000266367
sel_devs_fsh(37,7)     0.081775  7.85325e-05
sel_devs_fsh(37,8)    0.0636276  9.42955e-05
sel_devs_fsh(37,9)    0.0445093  0.000211066
sel_devs_fsh(37,10)   -0.0209303 -0.000113258
sel_devs_fsh(37,11)   -0.0841752  0.000229252
sel_devs_fsh(37,12)   -0.0766624 -0.000354528
sel_devs_fsh(38,1)   -0.0844097  6.19447e-05
sel_devs_fsh(38,2)    -0.339429 -1.21701e-05
sel_devs_fsh(38,3)     0.675661  0.000110282
sel_devs_fsh(38,4)   -0.0561961  0.000135839
sel_devs_fsh(38,5)    0.0365251 -0.000118681
sel_devs_fsh(38,6)    -0.173529 -0.000227878
sel_devs_fsh(38,7)    0.0376372   6.8724e-05
sel_devs_fsh(38,8)    0.0446204  0.000112908
sel_devs_fsh(38,9)    0.0111271  0.000140105
sel_devs_fsh(38,10)   -0.0105469 -0.000158656
sel_devs_fsh(38,11)   -0.0757591  0.000276223
sel_devs_fsh(38,12)   -0.0656968 -0.000310149
sel_devs_fsh(39,1)   -0.0389047 -3.11847e-05
sel_devs_fsh(39,2)     -0.14724 -3.42935e-05
sel_devs_fsh(39,3)    -0.674753  1.42271e-06
sel_devs_fsh(39,4)     0.726606  0.000201512
sel_devs_fsh(39,5)    0.0331803  -0.00014536
sel_devs_fsh(39,6)    -0.115777 -0.000326951
sel_devs_fsh(39,7)  -0.00291832  0.000127384
sel_devs_fsh(39,8)    0.0251592  7.78357e-05
sel_devs_fsh(39,9)    0.0489318  0.000108991
sel_devs_fsh(39,10)    0.0556063 -5.18968e-05
sel_devs_fsh(39,11)    0.0739725  0.000312342
sel_devs_fsh(39,12)     0.016134 -0.000286495
sel_devs_fsh(40,1)   -0.0681035  -3.4707e-06
sel_devs_fsh(40,2)    0.0772559  -2.8505e-05
sel_devs_fsh(40,3) -0.000392301 -2.94209e-05
sel_devs_fsh(40,4)    -0.328941  0.000175965
sel_devs_fsh(40,5)     0.435356 -0.000121176
sel_devs_fsh(40,6)      0.25425  -0.00029398
sel_devs_fsh(40,7)    -0.110402  0.000127701
sel_devs_fsh(40,8)    -0.154409  0.000146246
sel_devs_fsh(40,9)   -0.0598401  0.000184614
sel_devs_fsh(40,10)   0.00299469 -4.71765e-05
sel_devs_fsh(40,11)  0.000107266  0.000237692
sel_devs_fsh(40,12)   -0.0478754 -0.000332963
sel_devs_fsh(41,1)   -0.0967471 -1.46306e-05
sel_devs_fsh(41,2)    0.0958414 -4.31229e-05
sel_devs_fsh(41,3)      0.56173 -0.000115134
sel_devs_fsh(41,4)   -0.0736906  0.000242463
sel_devs_fsh(41,5)    -0.303756 -0.000112251
sel_devs_fsh(41,6)    -0.054109 -0.000260165
sel_devs_fsh(41,7)   -0.0609334  8.51629e-05
sel_devs_fsh(41,8)   -0.0293612  7.70567e-05
sel_devs_fsh(41,9)   -0.0744751  0.000134163
sel_devs_fsh(41,10)   -0.0330067 -4.46943e-05
sel_devs_fsh(41,11)    0.0186803  0.000351378
sel_devs_fsh(41,12)     0.049834 -0.000199185
sel_devs_fsh(42,1)   -0.0563424 -8.56824e-06
sel_devs_fsh(42,2)    0.0367235 -2.73594e-05
sel_devs_fsh(42,3)   -0.0503199  0.000116904
sel_devs_fsh(42,4)    0.0142005  0.000156384
sel_devs_fsh(42,5)   -0.0436957 -7.03324e-05
sel_devs_fsh(42,6)    0.0103392 -0.000246349
sel_devs_fsh(42,7)     0.025567  0.000100386
sel_devs_fsh(42,8)   -0.0614017  0.000148883
sel_devs_fsh(42,9)    -0.028447   0.00017762
sel_devs_fsh(42,10)   0.00359111 -6.99659e-05
sel_devs_fsh(42,11)    0.0518234  0.000109005
sel_devs_fsh(42,12)    0.0979627 -0.000374101
sel_devs_fsh(43,1)   -0.0061758 -1.00735e-05
sel_devs_fsh(43,2)   -0.0623367 -4.69246e-05
sel_devs_fsh(43,3)    -0.532278  -9.6081e-06
sel_devs_fsh(43,4)    -0.139728  0.000182478
sel_devs_fsh(43,5)   -0.0803417 -7.28163e-05
sel_devs_fsh(43,6)    0.0387812  -0.00032165
sel_devs_fsh(43,7)    0.0609075  4.20751e-05
sel_devs_fsh(43,8)     0.129453  0.000140763
sel_devs_fsh(43,9)     0.146657  0.000102786
sel_devs_fsh(43,10)    0.0809389 -0.000109611
sel_devs_fsh(43,11)     0.167286  0.000223877
sel_devs_fsh(43,12)     0.196832 -0.000208139
sel_devs_fsh(44,1)   -0.0360157  3.29253e-05
sel_devs_fsh(44,2)    -0.346727  1.30764e-05
sel_devs_fsh(44,3)     0.197237 -5.48446e-05
sel_devs_fsh(44,4)    0.0477923  9.28881e-05
sel_devs_fsh(44,5)    -0.146218 -1.49527e-05
sel_devs_fsh(44,6)   -0.0875298 -0.000390271
sel_devs_fsh(44,7)   -0.0493593 -1.84365e-05
sel_devs_fsh(44,8)   -0.0135785  9.43188e-05
sel_devs_fsh(44,9)     0.003757  0.000181944
sel_devs_fsh(44,10)     0.153223 -1.20373e-05
sel_devs_fsh(44,11)     0.151634  0.000315599
sel_devs_fsh(44,12)     0.125788 -0.000196818
sel_devs_fsh(45,1)   0.00359214  7.53981e-06
sel_devs_fsh(45,2)     0.077647  8.86204e-05
sel_devs_fsh(45,3)    -0.611962 -8.80602e-07
sel_devs_fsh(45,4)     0.446067  0.000148074
sel_devs_fsh(45,5)      0.17072 -0.000146804
sel_devs_fsh(45,6)    -0.251205 -0.000209859
sel_devs_fsh(45,7)   -0.0680083  0.000127665
sel_devs_fsh(45,8)    0.0894755  0.000125534
sel_devs_fsh(45,9)    0.0938254   0.00017555
sel_devs_fsh(45,10)    0.0251866 -6.87702e-05
sel_devs_fsh(45,11)   -0.0307631  0.000132371
sel_devs_fsh(45,12)    0.0554281 -0.000327858
sel_devs_fsh(46,1)    0.0100543  7.06013e-05
sel_devs_fsh(46,2)   -0.0567517 -3.64416e-05
sel_devs_fsh(46,3)    0.0388554    4.908e-05
sel_devs_fsh(46,4)     -1.07755  0.000117152
sel_devs_fsh(46,5)     0.428244 -3.36809e-05
sel_devs_fsh(46,6)     0.361169 -0.000366099
sel_devs_fsh(46,7)     0.132549  6.26182e-05
sel_devs_fsh(46,8)    0.0164281  0.000112448
sel_devs_fsh(46,9)    0.0217446  0.000177604
sel_devs_fsh(46,10)    0.0946235 -9.65222e-05
sel_devs_fsh(46,11)     0.057849  0.000262653
sel_devs_fsh(46,12)   -0.0272054 -0.000141736
sel_devs_fsh(47,1)   -0.0249557  5.84338e-05
sel_devs_fsh(47,2)     0.199777  4.27773e-05
sel_devs_fsh(47,3)     0.182079   3.6135e-05
sel_devs_fsh(47,4)      0.60639  0.000125077
sel_devs_fsh(47,5)     -1.09033  3.62353e-05
sel_devs_fsh(47,6)   -0.0145987 -0.000290953
sel_devs_fsh(47,7)    0.0142339  0.000136943
sel_devs_fsh(47,8)     0.038297  0.000152255
sel_devs_fsh(47,9)    0.0233918  0.000275939
sel_devs_fsh(47,10)   -0.0442387 -0.000177697
sel_devs_fsh(47,11)    0.0290674  0.000264365
sel_devs_fsh(47,12)    0.0809199 -0.000195975
sel_devs_fsh(48,1)   0.00930666   5.8115e-06
sel_devs_fsh(48,2)    -0.201795  2.99027e-05
sel_devs_fsh(48,3)    0.0284622 -3.08219e-05
sel_devs_fsh(48,4)    -0.132986  0.000137704
sel_devs_fsh(48,5)     0.499619  1.70211e-05
sel_devs_fsh(48,6)    -0.618938 -0.000294885
sel_devs_fsh(48,7)    -0.132119  0.000127196
sel_devs_fsh(48,8)    0.0707561  3.57036e-05
sel_devs_fsh(48,9)     0.129556  0.000191632
sel_devs_fsh(48,10)      0.14256 -0.000195219
sel_devs_fsh(48,11)     0.109193   0.00027773
sel_devs_fsh(48,12)    0.0963929 -0.000180513
sel_devs_fsh(49,1)   -0.0209967  2.77764e-05
sel_devs_fsh(49,2)     0.154504  5.00416e-05
sel_devs_fsh(49,3)   -0.0370444 -0.000124093
sel_devs_fsh(49,4)     -0.13825  0.000152696
sel_devs_fsh(49,5)     -0.10402  8.08273e-05
sel_devs_fsh(49,6)      0.27921 -0.000358335
sel_devs_fsh(49,7)     0.124052  0.000129626
sel_devs_fsh(49,8)    -0.138362  0.000115397
sel_devs_fsh(49,9)    -0.114925  0.000144165
sel_devs_fsh(49,10) -0.000454204 -7.57484e-05
sel_devs_fsh(49,11)  -0.00484296    0.0001733
sel_devs_fsh(49,12)   0.00113206 -0.000269499
sel_devs_fsh(50,1)   -0.0162083  3.64024e-05
sel_devs_fsh(50,2)    -0.519926 -5.64217e-05
sel_devs_fsh(50,3)      1.09718  6.40811e-06
sel_devs_fsh(50,4)     0.191538  0.000129369
sel_devs_fsh(50,5)    -0.171122    5.297e-06
sel_devs_fsh(50,6)   -0.0964887 -0.000369417
sel_devs_fsh(50,7)    -0.172712  5.20939e-05
sel_devs_fsh(50,8)    -0.133096   0.00014286
sel_devs_fsh(50,9)    -0.108946  9.33531e-05
sel_devs_fsh(50,10)   -0.0328841  -0.00013209
sel_devs_fsh(50,11)   -0.0213146  0.000179078
sel_devs_fsh(50,12)   -0.0160301 -0.000281601
sel_devs_fsh(51,1)    0.0695249  1.75008e-05
sel_devs_fsh(51,2)    -0.114048 -1.21627e-05
sel_devs_fsh(51,3)     -1.46773 -7.05459e-05
sel_devs_fsh(51,4)      1.08284  0.000248476
sel_devs_fsh(51,5)     0.304803  8.34589e-05
sel_devs_fsh(51,6)    0.0321461 -0.000328951
sel_devs_fsh(51,7)   -0.0722522  0.000104396
sel_devs_fsh(51,8)     0.228051  6.53652e-05
sel_devs_fsh(51,9)    0.0796064  0.000120357
sel_devs_fsh(51,10)   -0.0825848 -8.78878e-05
sel_devs_fsh(51,11)   -0.0260514  0.000170853
sel_devs_fsh(51,12)   -0.0343096 -0.000296047
sel_devs_fsh(52,1)    0.0579177  2.57731e-05
sel_devs_fsh(52,2)     0.147444 -1.97099e-05
sel_devs_fsh(52,3)     -0.29994 -5.20396e-05
sel_devs_fsh(52,4)     -1.11287  0.000275689
sel_devs_fsh(52,5)     0.616456  3.19592e-05
sel_devs_fsh(52,6)      0.35264 -0.000288685
sel_devs_fsh(52,7)     0.216449  7.22486e-05
sel_devs_fsh(52,8)   -0.0733588  0.000201455
sel_devs_fsh(52,9)     0.100335   4.4138e-05
sel_devs_fsh(52,10)    0.0496404 -9.96543e-05
sel_devs_fsh(52,11)   -0.0278686  0.000138734
sel_devs_fsh(52,12)   -0.0268459 -0.000319495
sel_devs_fsh(53,1)    0.0341451 -4.43684e-05
sel_devs_fsh(53,2)     0.197931  5.31265e-05
sel_devs_fsh(53,3)    0.0736135 -3.25378e-05
sel_devs_fsh(53,4)    -0.562231  0.000279057
sel_devs_fsh(53,5)    0.0519728  1.49717e-05
sel_devs_fsh(53,6)     0.215199  -0.00029979
sel_devs_fsh(53,7)     0.120568  0.000101421
sel_devs_fsh(53,8)     0.111005 -2.70588e-05
sel_devs_fsh(53,9)    -0.047331  9.65949e-05
sel_devs_fsh(53,10)   -0.0752292 -0.000120458
sel_devs_fsh(53,11)   -0.0676646  0.000126566
sel_devs_fsh(53,12)   -0.0519804 -0.000187898
sel_devs_fsh(54,1)    0.0878429  8.39986e-06
sel_devs_fsh(54,2)     0.780043  9.40109e-06
sel_devs_fsh(54,3)     0.158462 -5.86349e-05
sel_devs_fsh(54,4)    -0.632731  0.000248333
sel_devs_fsh(54,5)     -1.39025 -0.000104169
sel_devs_fsh(54,6)    0.0644639 -0.000236417
sel_devs_fsh(54,7)     0.490566   6.8921e-05
sel_devs_fsh(54,8)     0.276438  0.000101979
sel_devs_fsh(54,9)     0.176641  7.00207e-05
sel_devs_fsh(54,10)     0.153784 -4.07561e-05
sel_devs_fsh(54,11)   -0.0539226  0.000203317
sel_devs_fsh(54,12)     -0.11133 -0.000224649
sel_devs_fsh(55,1)     0.129946  1.19719e-06
sel_devs_fsh(55,2)      1.00171 -1.08682e-05
sel_devs_fsh(55,3)     0.666763 -8.95862e-05
sel_devs_fsh(55,4)     0.762946  0.000236531
sel_devs_fsh(55,5)     0.227099 -0.000180242
sel_devs_fsh(55,6)      -0.5397 -7.68004e-06
sel_devs_fsh(55,7)     -0.66113  7.33777e-05
sel_devs_fsh(55,8)     -0.60775  8.34273e-05
sel_devs_fsh(55,9)    -0.346098  0.000104454
sel_devs_fsh(55,10)    -0.295262 -3.25569e-05
sel_devs_fsh(55,11)    -0.144305  8.18318e-05
sel_devs_fsh(55,12)     -0.19422 -0.000251758
sel_devs_fsh(56,1)   -0.0331725 -1.26101e-05
sel_devs_fsh(56,2)     0.360837  -1.4961e-05
sel_devs_fsh(56,3)     0.931836 -0.000104923
sel_devs_fsh(56,4)    -0.152666  0.000312325
sel_devs_fsh(56,5)   -0.0956043 -0.000223637
sel_devs_fsh(56,6)    -0.558482  0.000128903
sel_devs_fsh(56,7)    -0.176118  0.000147657
sel_devs_fsh(56,8)     0.105344  6.95666e-05
sel_devs_fsh(56,9)    -0.109788 -9.00336e-06
sel_devs_fsh(56,10)    -0.113854 -7.25264e-05
sel_devs_fsh(56,11)   -0.0948114  0.000145413
sel_devs_fsh(56,12)   -0.0635105 -0.000238275
sel_devs_fsh(57,1)    0.0049034  8.52998e-05
sel_devs_fsh(57,2)    0.0771164  6.59482e-05
sel_devs_fsh(57,3)    -0.360361 -3.37592e-05
sel_devs_fsh(57,4)     0.640895   0.00014636
sel_devs_fsh(57,5)     0.130437 -0.000229603
sel_devs_fsh(57,6)  -0.00412204  7.91222e-06
sel_devs_fsh(57,7)    -0.166875  0.000266911
sel_devs_fsh(57,8)   -0.0475756  5.64083e-05
sel_devs_fsh(57,9)   -0.0937704 -7.82647e-05
sel_devs_fsh(57,10)    -0.153958 -1.90312e-05
sel_devs_fsh(57,11)   -0.0299752  3.48609e-05
sel_devs_fsh(57,12)   0.00328891 -0.000244504
sel_devs_fsh(58,1)    0.0282162 -4.98252e-06
sel_devs_fsh(58,2)    -0.311433  7.64146e-05
sel_devs_fsh(58,3)    -0.191248  0.000102165
sel_devs_fsh(58,4)   -0.0615661   0.00025369
sel_devs_fsh(58,5)     0.614442 -0.000263813
sel_devs_fsh(58,6)     0.309375   5.0353e-05
sel_devs_fsh(58,7)    -0.259738  1.79423e-05
sel_devs_fsh(58,8)    -0.161492   6.7887e-05
sel_devs_fsh(58,9)   -0.0199422 -4.15774e-05
sel_devs_fsh(58,10)    0.0340594   7.1162e-05
sel_devs_fsh(58,11)  -0.00346935 -3.53397e-05
sel_devs_fsh(58,12)    0.0227965  -0.00030161
sel_devs_fsh(59,1)  3.19176e-06  5.43835e-06
sel_devs_fsh(59,2)   0.00131627  2.04533e-05
sel_devs_fsh(59,3)   0.00191885   1.2821e-05
sel_devs_fsh(59,4)     0.069351  0.000238218
sel_devs_fsh(59,5)    -0.126289 -3.91806e-05
sel_devs_fsh(59,6)   -0.0896088  0.000111331
sel_devs_fsh(59,7)    0.0324377  7.23887e-05
sel_devs_fsh(59,8)   -0.0173296  6.73906e-05
sel_devs_fsh(59,9)   -0.0169635 -5.37969e-05
sel_devs_fsh(59,10)    0.0170318 -1.25689e-05
sel_devs_fsh(59,11)     0.019296  5.32759e-05
sel_devs_fsh(59,12)     0.108838 -0.000447702
sel_devs_ats(1,2)     0.129505 -7.14995e-05
sel_devs_ats(1,3)     0.128913  -1.4252e-05
sel_devs_ats(1,4)     0.122819 -0.000106564
sel_devs_ats(1,5)     0.120756 -0.000162673
sel_devs_ats(1,6)     0.126511 -7.99553e-05
sel_devs_ats(1,7)     0.128134 -7.81683e-05
sel_devs_ats(1,8)     0.127107  2.83486e-05
sel_devs_ats(2,2)     0.141443  3.04987e-05
sel_devs_ats(2,3)     0.142009  0.000125013
sel_devs_ats(2,4)     0.133637  1.50741e-05
sel_devs_ats(2,5)     0.135312 -2.15505e-05
sel_devs_ats(2,6)     0.138343  2.46061e-05
sel_devs_ats(2,7)     0.138488  0.000105267
sel_devs_ats(2,8)      0.14104  -6.6629e-06
sel_devs_ats(3,2)     0.153662  1.68691e-05
sel_devs_ats(3,3)     0.165081  9.78446e-05
sel_devs_ats(3,4)     0.173168 -2.95501e-06
sel_devs_ats(3,5)     0.162801 -3.38327e-05
sel_devs_ats(3,6)     0.161236 -3.42947e-06
sel_devs_ats(3,7)     0.158468  6.31839e-05
sel_devs_ats(3,8)     0.143208 -2.18177e-05
sel_devs_ats(4,2)     0.161057 -4.01666e-05
sel_devs_ats(4,3)     0.180315 -7.25243e-06
sel_devs_ats(4,4)      0.18879 -5.67576e-05
sel_devs_ats(4,5)     0.181294 -9.24235e-05
sel_devs_ats(4,6)     0.175125 -6.99423e-05
sel_devs_ats(4,7)     0.169112  1.15208e-05
sel_devs_ats(4,8)     0.149424  0.000129839
sel_devs_ats(5,2)      0.16729 -2.54998e-06
sel_devs_ats(5,3)     0.189852  2.11434e-05
sel_devs_ats(5,4)     0.197306  4.66048e-05
sel_devs_ats(5,5)     0.188807 -3.47882e-05
sel_devs_ats(5,6)      0.18228 -3.38434e-05
sel_devs_ats(5,7)     0.178599  8.16931e-05
sel_devs_ats(5,8)     0.158266 -0.000109014
sel_devs_ats(6,2)      0.17468  4.24032e-05
sel_devs_ats(6,3)     0.179862  3.81735e-05
sel_devs_ats(6,4)     0.193069  8.88242e-05
sel_devs_ats(6,5)     0.191312 -3.54373e-05
sel_devs_ats(6,6)      0.18525  5.71975e-06
sel_devs_ats(6,7)     0.171504  8.94207e-05
sel_devs_ats(6,8)     0.168845 -8.16772e-05
sel_devs_ats(7,2)     0.187093 -2.02709e-05
sel_devs_ats(7,3)     0.186933 -3.82275e-05
sel_devs_ats(7,4)     0.185153  2.83417e-05
sel_devs_ats(7,5)     0.190645 -6.76109e-05
sel_devs_ats(7,6)     0.189646  -7.5619e-06
sel_devs_ats(7,7)     0.179199  1.12334e-05
sel_devs_ats(7,8)      0.17445 -0.000124225
sel_devs_ats(8,2)      0.18765  -1.7391e-06
sel_devs_ats(8,3)     0.192239 -3.53932e-06
sel_devs_ats(8,4)     0.191391  -4.4447e-06
sel_devs_ats(8,5)     0.193416 -5.29375e-05
sel_devs_ats(8,6)     0.193805  1.94981e-05
sel_devs_ats(8,7)     0.184894  1.76089e-05
sel_devs_ats(8,8)     0.178749  0.000175298
sel_devs_ats(9,2)     0.174524 -3.73825e-05
sel_devs_ats(9,3)     0.173264  2.06234e-05
sel_devs_ats(9,4)     0.186689 -1.57683e-05
sel_devs_ats(9,5)     0.190036  -4.4252e-05
sel_devs_ats(9,6)     0.185395 -1.63734e-05
sel_devs_ats(9,7)     0.186692 -2.72231e-05
sel_devs_ats(9,8)     0.190611  0.000112763
sel_devs_ats(10,2)      0.17394  1.77024e-05
sel_devs_ats(10,3)     0.176267  2.95901e-05
sel_devs_ats(10,4)     0.192631  2.24265e-07
sel_devs_ats(10,5)     0.192399  2.47818e-05
sel_devs_ats(10,6)     0.188671  6.11934e-05
sel_devs_ats(10,7)     0.190625  6.84846e-06
sel_devs_ats(10,8)      0.19381 -0.000187273
sel_devs_ats(11,2)     0.182983  5.12521e-05
sel_devs_ats(11,3)     0.168248  6.00492e-05
sel_devs_ats(11,4)     0.155514  3.01853e-05
sel_devs_ats(11,5)     0.168006  3.28428e-05
sel_devs_ats(11,6)     0.180854  4.52493e-05
sel_devs_ats(11,7)     0.189739    1.513e-05
sel_devs_ats(11,8)     0.196541 -0.000106572
sel_devs_ats(12,2)      0.17577 -9.27339e-06
sel_devs_ats(12,3)     0.163002 -3.10158e-05
sel_devs_ats(12,4)     0.153885 -4.16136e-05
sel_devs_ats(12,5)      0.16404 -1.41017e-05
sel_devs_ats(12,6)     0.176695  1.46325e-05
sel_devs_ats(12,7)     0.186361 -4.63697e-05
sel_devs_ats(12,8)     0.192736 -3.71544e-05
sel_devs_ats(13,2)      0.17469  3.31432e-05
sel_devs_ats(13,3)      0.16569 -1.31303e-05
sel_devs_ats(13,4)     0.167175 -8.60368e-06
sel_devs_ats(13,5)     0.182264  -1.6178e-05
sel_devs_ats(13,6)     0.189581 -2.38822e-05
sel_devs_ats(13,7)     0.188046 -2.19017e-05
sel_devs_ats(13,8)      0.18504   3.1231e-05
sel_devs_ats(14,2)     0.177713  4.50365e-05
sel_devs_ats(14,3)     0.163311 -1.95306e-05
sel_devs_ats(14,4)      0.15924 -6.60185e-07
sel_devs_ats(14,5)     0.163863 -1.41622e-05
sel_devs_ats(14,6)      0.16954 -4.81051e-05
sel_devs_ats(14,7)     0.175922 -3.60281e-05
sel_devs_ats(14,8)     0.189327  0.000216781
sel_devs_ats(15,2)     0.185708  2.47683e-05
sel_devs_ats(15,3)     0.164078 -2.79052e-05
sel_devs_ats(15,4)     0.158248 -3.48434e-06
sel_devs_ats(15,5)     0.167802  7.56026e-06
sel_devs_ats(15,6)     0.176703 -5.06043e-05
sel_devs_ats(15,7)     0.180235 -4.31701e-05
sel_devs_ats(15,8)     0.183715    8.116e-06
sel_devs_ats(16,2)     0.179376   4.2987e-05
sel_devs_ats(16,3)     0.173524 -2.77517e-06
sel_devs_ats(16,4)     0.155854  4.17683e-05
sel_devs_ats(16,5)     0.150209  2.70773e-05
sel_devs_ats(16,6)     0.156909  1.97773e-05
sel_devs_ats(16,7)     0.160997  2.24727e-05
sel_devs_ats(16,8)     0.153468  -4.2836e-05
sel_devs_ats(17,2)     0.164241  -4.0358e-05
sel_devs_ats(17,3)     0.151582 -1.54086e-05
sel_devs_ats(17,4)     0.127339 -3.39917e-05
sel_devs_ats(17,5)     0.130968  1.25296e-05
sel_devs_ats(17,6)     0.138073 -2.74553e-05
sel_devs_ats(17,7)     0.140625 -2.35007e-05
sel_devs_ats(17,8)     0.132573  0.000115059
sel_devs_ats(18,2)     0.150263 -4.19994e-05
sel_devs_ats(18,3)     0.138824 -3.88087e-05
sel_devs_ats(18,4)     0.102088 -3.81212e-05
sel_devs_ats(18,5)     0.117131 -1.14437e-05
sel_devs_ats(18,6)     0.121344 -2.48827e-05
sel_devs_ats(18,7)     0.121804  -2.5505e-05
sel_devs_ats(18,8)     0.111661 -2.70047e-05
sel_devs_ats(19,2)     0.141422 -4.02352e-05
sel_devs_ats(19,3)     0.151473  3.30481e-05
sel_devs_ats(19,4)     0.157575   -6.305e-05
sel_devs_ats(19,5)     0.126293   2.5966e-05
sel_devs_ats(19,6)     0.125692 -2.87317e-05
sel_devs_ats(19,7)     0.107602 -2.03466e-05
sel_devs_ats(19,8)    0.0849708  0.000207972
sel_devs_ats(20,2)      0.13467  1.54562e-05
sel_devs_ats(20,3)     0.140674  2.79076e-05
sel_devs_ats(20,4)     0.139823  -2.7255e-06
sel_devs_ats(20,5)     0.120121  3.80769e-05
sel_devs_ats(20,6)     0.118984  2.58847e-06
sel_devs_ats(20,7)    0.0992009  -9.5339e-06
sel_devs_ats(20,8)    0.0712098  4.44796e-05
sel_devs_ats(21,2)     0.101871 -1.00821e-05
sel_devs_ats(21,3)     0.145277 -4.69354e-05
sel_devs_ats(21,4)      0.12717  -4.8872e-05
sel_devs_ats(21,5)    0.0993037 -2.97635e-05
sel_devs_ats(21,6)    0.0860239 -8.07454e-05
sel_devs_ats(21,7)     0.104169 -3.62253e-05
sel_devs_ats(21,8)    0.0849638  3.89144e-05
sel_devs_ats(22,2)    0.0722879  8.40992e-05
sel_devs_ats(22,3)    0.0947655  2.73495e-05
sel_devs_ats(22,4)     0.112888   4.1255e-06
sel_devs_ats(22,5)    0.0810344  3.08229e-05
sel_devs_ats(22,6)    0.0715451 -7.49518e-07
sel_devs_ats(22,7)    0.0768787  7.75761e-05
sel_devs_ats(22,8)     0.103182  3.00055e-05
sel_devs_ats(23,2)    0.0780614  3.52071e-05
sel_devs_ats(23,3)    0.0560077 -9.16728e-05
sel_devs_ats(23,4)    0.0488687 -1.09758e-05
sel_devs_ats(23,5)    0.0629156 -3.15141e-05
sel_devs_ats(23,6)    0.0690874 -7.64119e-05
sel_devs_ats(23,7)    0.0788666  2.92619e-05
sel_devs_ats(23,8)     0.104978  4.49725e-05
sel_devs_ats(24,2)    0.0716877  4.87054e-06
sel_devs_ats(24,3)    0.0611974 -7.58539e-05
sel_devs_ats(24,4)    0.0604259 -3.57728e-05
sel_devs_ats(24,5)     0.061646 -3.69815e-05
sel_devs_ats(24,6)    0.0681214 -7.30049e-05
sel_devs_ats(24,7)    0.0802827  2.25529e-05
sel_devs_ats(24,8)    0.0983928  3.33658e-05
sel_devs_ats(25,2)    0.0725792 -2.01414e-06
sel_devs_ats(25,3)    0.0731299 -4.24654e-05
sel_devs_ats(25,4)    0.0976662  1.04726e-05
sel_devs_ats(25,5)     0.104593 -3.72992e-06
sel_devs_ats(25,6)    0.0875889 -4.35143e-05
sel_devs_ats(25,7)    0.0787934  1.60951e-05
sel_devs_ats(25,8)    0.0862772  0.000203279
sel_devs_ats(26,2)    0.0786745  1.60171e-05
sel_devs_ats(26,3)     0.084621 -5.65319e-06
sel_devs_ats(26,4)     0.105148  -2.3514e-05
sel_devs_ats(26,5)     0.102871  1.94558e-05
sel_devs_ats(26,6)    0.0885625  7.75728e-06
sel_devs_ats(26,7)    0.0881145  1.68057e-05
sel_devs_ats(26,8)    0.0974803  5.88479e-05
sel_devs_ats(27,2)    0.0854107 -3.77747e-05
sel_devs_ats(27,3)    0.0932148 -4.90191e-05
sel_devs_ats(27,4)     0.113822 -5.90152e-05
sel_devs_ats(27,5)     0.106098 -4.15334e-05
sel_devs_ats(27,6)     0.095833   -5.257e-05
sel_devs_ats(27,7)    0.0977521 -4.59312e-05
sel_devs_ats(27,8)     0.105382   9.6995e-05
sel_devs_ats(28,2)    0.0879086  2.43363e-05
sel_devs_ats(28,3)    0.0945338  2.21989e-05
sel_devs_ats(28,4)     0.124285  5.96768e-06
sel_devs_ats(28,5)     0.107656  1.53725e-05
sel_devs_ats(28,6)     0.100336  1.53956e-05
sel_devs_ats(28,7)     0.105028  -1.4498e-05
sel_devs_ats(28,8)     0.112287  0.000137651
sel_devs_ats(29,2)    0.0999939 -4.27043e-05
sel_devs_ats(29,3)    0.0965453 -1.37759e-05
sel_devs_ats(29,4)     0.080062 -1.33827e-05
sel_devs_ats(29,5)    0.0979106 -2.45777e-05
sel_devs_ats(29,6)     0.100623  1.94731e-05
sel_devs_ats(29,7)     0.110385 -2.72092e-05
sel_devs_ats(29,8)     0.118043   -1.573e-05
sel_devs_ats(30,2)    0.0947704  4.44206e-06
sel_devs_ats(30,3)     0.095287 -2.13884e-05
sel_devs_ats(30,4)    0.0872098 -3.81263e-05
sel_devs_ats(30,5)    0.0985119 -1.89252e-05
sel_devs_ats(30,6)    0.0961251  4.23688e-06
sel_devs_ats(30,7)     0.110904 -1.27493e-05
sel_devs_ats(30,8)      0.11711  9.03346e-05
sel_coffs_fsh(1)     -4.10314 -1.71551e-06
sel_coffs_fsh(2)     -2.16236   2.7973e-06
sel_coffs_fsh(3)    -0.881285  5.68787e-06
sel_coffs_fsh(4)     0.358992  1.69689e-05
sel_coffs_fsh(5)     0.339235  1.01331e-05
sel_coffs_fsh(6)     0.310117 -7.27079e-05
sel_coffs_fsh(7)     0.269729   4.2892e-05
sel_coffs_fsh(8)     0.229339  4.08293e-05
sel_coffs_fsh(9)     0.194221 -6.92268e-05
sel_coffs_fsh(10)     0.166514 -8.93821e-05
sel_coffs_fsh(11)     0.144661  0.000192375
sel_coffs_fsh(12)     0.127747 -7.41803e-05
sel_coffs_ats(2)   -0.0525952 -2.79924e-07
sel_coffs_ats(3)   -0.0582062  8.71483e-06
sel_coffs_ats(4)   -0.0355904 -2.03945e-06
sel_coffs_ats(5)     0.012899 -6.19537e-06
sel_coffs_ats(6)    0.0571262  1.93793e-07
sel_coffs_ats(7)     0.121013   4.8252e-06
sel_coffs_ats(8)     0.193901  2.02452e-05
sel_slp_bts     0.995958 -0.000146735
sel_a50_bts      6.21677 -0.000113006
sel_age_one_bts     -3.20351  -7.3174e-06
sel_slp_bts_dev(1982)    -0.713679  1.99412e-05
sel_slp_bts_dev(1983)    0.0427125  3.03177e-05
sel_slp_bts_dev(1984)    0.0044614  3.35225e-05
sel_slp_bts_dev(1985)     -0.40487  6.57601e-05
sel_slp_bts_dev(1986)    -0.346226 -2.48249e-05
sel_slp_bts_dev(1987)    -0.443076  -3.6703e-06
sel_slp_bts_dev(1988)     -0.54377  8.54154e-06
sel_slp_bts_dev(1989)    -0.430684 -2.71476e-05
sel_slp_bts_dev(1990)     0.326553 -5.38436e-05
sel_slp_bts_dev(1991)     0.218571 -2.73182e-05
sel_slp_bts_dev(1992)     0.167593 -2.86669e-05
sel_slp_bts_dev(1993)     0.310174 -5.44486e-05
sel_slp_bts_dev(1994)     0.275881  3.42096e-05
sel_slp_bts_dev(1995)     0.228498  -2.1161e-05
sel_slp_bts_dev(1996)    -0.141569 -5.41876e-05
sel_slp_bts_dev(1997)    -0.292824  1.58703e-05
sel_slp_bts_dev(1998)    -0.515831  6.49548e-05
sel_slp_bts_dev(1999)    -0.610276  1.47694e-06
sel_slp_bts_dev(2000)    -0.343206 -5.37077e-05
sel_slp_bts_dev(2001)    -0.487103  6.73979e-06
sel_slp_bts_dev(2002)   -0.0674809  5.39539e-05
sel_slp_bts_dev(2003)     0.169196  3.47378e-05
sel_slp_bts_dev(2004)     0.081489 -0.000117239
sel_slp_bts_dev(2005)     0.215269  3.81489e-08
sel_slp_bts_dev(2006)   -0.0762465 -5.62202e-05
sel_slp_bts_dev(2007)     0.328645  5.46167e-06
sel_slp_bts_dev(2008)     0.526586 -4.87806e-05
sel_slp_bts_dev(2009)     0.219676 -2.58679e-06
sel_slp_bts_dev(2010)     0.749548  1.40971e-05
sel_slp_bts_dev(2011)     0.545922  0.000235405
sel_slp_bts_dev(2012)      0.20281 -3.65509e-05
sel_slp_bts_dev(2013)      0.29407 -6.41454e-05
sel_slp_bts_dev(2014)     0.523538 -2.59012e-05
sel_slp_bts_dev(2015)     0.428933  4.45782e-05
sel_slp_bts_dev(2016)     0.431602  -1.1653e-06
sel_slp_bts_dev(2017)     0.257971 -1.59026e-05
sel_slp_bts_dev(2018)    -0.335563 -4.18231e-05
sel_slp_bts_dev(2019) -0.000968922  2.57638e-05
sel_slp_bts_dev(2020)    -0.123821 -0.000109394
sel_slp_bts_dev(2021)    -0.213879  2.55572e-05
sel_slp_bts_dev(2022)  -0.00200803 -2.37937e-05
sel_slp_bts_dev(2023)    -0.289214  0.000154222
sel_slp_bts_dev(2024)    -0.167405  6.19509e-05
sel_a50_bts_dev(1982)   -0.0089192  -6.9243e-06
sel_a50_bts_dev(1983)     -0.15706 -2.30757e-05
sel_a50_bts_dev(1984)   -0.0342607 -1.28159e-05
sel_a50_bts_dev(1985)    0.0765884  4.38756e-05
sel_a50_bts_dev(1986)    0.0998061  0.000228487
sel_a50_bts_dev(1987)    0.0608107 -2.30528e-05
sel_a50_bts_dev(1988)   -0.0544812  2.13319e-05
sel_a50_bts_dev(1989)    -0.101487   -4.334e-05
sel_a50_bts_dev(1990)    -0.208441  8.52671e-05
sel_a50_bts_dev(1991)    -0.129533  4.27955e-05
sel_a50_bts_dev(1992)    -0.132364 -0.000160173
sel_a50_bts_dev(1993)    -0.168223 -0.000231617
sel_a50_bts_dev(1994)   -0.0874995 -5.59601e-05
sel_a50_bts_dev(1995)   0.00454447  3.96385e-05
sel_a50_bts_dev(1996)     0.187041 -0.000101127
sel_a50_bts_dev(1997)     0.223475  0.000131653
sel_a50_bts_dev(1998)     0.313898   9.1299e-05
sel_a50_bts_dev(1999)     0.277514 -5.63482e-05
sel_a50_bts_dev(2000)     0.143527 -8.56107e-05
sel_a50_bts_dev(2001)      0.17852  -2.8327e-05
sel_a50_bts_dev(2002)    0.0549731  0.000133954
sel_a50_bts_dev(2003)   0.00730288 -2.42093e-06
sel_a50_bts_dev(2004)    0.0391534  -0.00044938
sel_a50_bts_dev(2005)   -0.0196568  0.000237173
sel_a50_bts_dev(2006)    0.0890563 -0.000235643
sel_a50_bts_dev(2007)   -0.0802054 -4.88669e-05
sel_a50_bts_dev(2008)    -0.113336  0.000186871
sel_a50_bts_dev(2009)   -0.0233777 -0.000181903
sel_a50_bts_dev(2010)    -0.210738  0.000164275
sel_a50_bts_dev(2011)    -0.093075 -1.14521e-05
sel_a50_bts_dev(2012)   -0.0492921 -3.45748e-05
sel_a50_bts_dev(2013)    -0.076552 -0.000171679
sel_a50_bts_dev(2014)     -0.16021  6.86321e-06
sel_a50_bts_dev(2015)    -0.207996 -9.71343e-05
sel_a50_bts_dev(2016)    -0.149497   1.4435e-05
sel_a50_bts_dev(2017)   -0.0718746 -0.000209897
sel_a50_bts_dev(2018)     0.152279  3.68849e-05
sel_a50_bts_dev(2019)   -0.0185082  0.000179513
sel_a50_bts_dev(2020)    0.0595349  9.13673e-05
sel_a50_bts_dev(2021)     0.130382 -0.000238289
sel_a50_bts_dev(2022)    0.0351845 -2.87363e-05
sel_a50_bts_dev(2023)     0.185433   0.00059504
sel_a50_bts_dev(2024)     0.037564  3.03363e-05
sel_age_one_bts_dev(1982)   -0.0397559 -0.000195441
sel_age_one_bts_dev(1983) -0.000401823  4.26002e-05
sel_age_one_bts_dev(1984)    0.0334255 -6.97212e-05
sel_age_one_bts_dev(1985)    -0.221734   4.3128e-05
sel_age_one_bts_dev(1986)    -0.406341 -0.000111963
sel_age_one_bts_dev(1987)    -0.242071  2.48645e-05
sel_age_one_bts_dev(1988)    -0.295496 -5.78782e-07
sel_age_one_bts_dev(1989)   -0.0588803 -8.15337e-06
sel_age_one_bts_dev(1990)    0.0885735  0.000125055
sel_age_one_bts_dev(1991)    -0.172101 -0.000105856
sel_age_one_bts_dev(1992)   -0.0350819   6.0202e-05
sel_age_one_bts_dev(1993)    0.0173008  0.000166655
sel_age_one_bts_dev(1994)   -0.0943934  1.32762e-05
sel_age_one_bts_dev(1995)    -0.118765 -4.53401e-05
sel_age_one_bts_dev(1996)    -0.113669   0.00012368
sel_age_one_bts_dev(1997)   -0.0157622  -5.7194e-05
sel_age_one_bts_dev(1998)    0.0454306   5.3807e-05
sel_age_one_bts_dev(1999)    0.0970481    4.025e-05
sel_age_one_bts_dev(2000)     0.175101 -1.82768e-05
sel_age_one_bts_dev(2001)    0.0593082  7.43188e-05
sel_age_one_bts_dev(2002)    0.0626548  7.28338e-05
sel_age_one_bts_dev(2003)     0.218631 -8.29278e-05
sel_age_one_bts_dev(2004)    0.0420747 -8.35061e-07
sel_age_one_bts_dev(2005)   -0.0317285  5.34815e-05
sel_age_one_bts_dev(2006)   -0.0412156 -7.21211e-05
sel_age_one_bts_dev(2007)   -0.0677988  -3.5852e-05
sel_age_one_bts_dev(2008)     0.156428  2.98629e-05
sel_age_one_bts_dev(2009)     0.332945 -0.000134015
sel_age_one_bts_dev(2010)     0.298127  8.06306e-05
sel_age_one_bts_dev(2011)    -0.106836  1.32798e-06
sel_age_one_bts_dev(2012)   -0.0903823  5.17073e-05
sel_age_one_bts_dev(2013)      0.17085 -0.000138008
sel_age_one_bts_dev(2014)     0.133548 -2.03375e-05
sel_age_one_bts_dev(2015)    0.0327928 -5.84578e-05
sel_age_one_bts_dev(2016)   -0.0743556  5.68181e-05
sel_age_one_bts_dev(2017)   -0.0908491 -0.000137234
sel_age_one_bts_dev(2018)   -0.0555661 -6.84103e-05
sel_age_one_bts_dev(2019)     0.224181 -7.26524e-06
sel_age_one_bts_dev(2020)     0.119025 -1.31283e-05
sel_age_one_bts_dev(2021)    0.0138688 -2.79311e-05
sel_age_one_bts_dev(2022)    0.0523255  8.90489e-05
sel_age_one_bts_dev(2023)    0.0164555 -9.34181e-05
sel_age_one_bts_dev(2024)   -0.0169089  6.16929e-05
rec_dev_future(2025)            0            0
rec_dev_future(2026)            0            0
rec_dev_future(2027)            0            0
rec_dev_future(2028)            0            0
rec_dev_future(2029)            0            0
L1      28.2781   9.4711e-05
L2      46.0963 -0.000181021
log_K    -0.127712 -3.06029e-05
d_scale(1,3)     0.524271  1.31424e-05
d_scale(1,4)     0.704796  6.15417e-06
d_scale(1,5)     0.765596  -3.9278e-05
d_scale(1,6)     0.829606 -1.03478e-05
d_scale(1,7)     0.869714  9.11314e-06
d_scale(1,8)     0.932864 -2.48459e-05
d_scale(1,9)     0.978332  7.18333e-06
d_scale(1,10)     0.974084  5.08262e-05
d_scale(1,11)      0.99401  2.35137e-05
d_scale(1,12)      0.93309  3.61285e-05
d_scale(1,13)     0.952799 -2.71949e-05
d_scale(1,14)     0.861008  2.18453e-05
d_scale(1,15)       1.0025  8.34402e-06
coh_eff(1955)            0            0
coh_eff(1956)            0            0
coh_eff(1957)            0            0
coh_eff(1958)            0            0
coh_eff(1959)            0            0
coh_eff(1960)            0            0
coh_eff(1961)            0            0
coh_eff(1962)            0            0
coh_eff(1963)            0            0
coh_eff(1964)            0            0
coh_eff(1965)            0            0
coh_eff(1966)            0            0
coh_eff(1967)            0            0
coh_eff(1968)            0            0
coh_eff(1969)            0            0
coh_eff(1970)            0            0
coh_eff(1971)    -0.195726  4.32779e-05
coh_eff(1972)     0.270194 -1.18496e-06
coh_eff(1973)    0.0178918  0.000187579
coh_eff(1974)     0.507852  5.34907e-05
coh_eff(1975)    -0.424947 -0.000135256
coh_eff(1976)     0.557311  6.97996e-05
coh_eff(1977)    -0.494053  1.40648e-05
coh_eff(1978)     0.447582 -5.59053e-05
coh_eff(1979)    0.0390411 -7.57625e-05
coh_eff(1980)    -0.116122 -0.000121538
coh_eff(1981)    -0.431928 -9.60911e-05
coh_eff(1982)    -0.590149   4.1796e-05
coh_eff(1983)     0.549419  0.000122255
coh_eff(1984)     0.649129 -8.59764e-05
coh_eff(1985)      1.12421  9.98305e-05
coh_eff(1986)    -0.050782  -4.2323e-05
coh_eff(1987)     0.605563   4.7612e-05
coh_eff(1988)   -0.0270274  3.50555e-05
coh_eff(1989)     -1.01445 -1.42801e-05
coh_eff(1990)    -0.880883 -5.09546e-05
coh_eff(1991)     -0.97245 -9.31986e-05
coh_eff(1992)     0.848661 -1.50957e-05
coh_eff(1993)      1.78563 -3.02116e-05
coh_eff(1994)      0.49999 -1.13295e-05
coh_eff(1995)    -0.989847  8.83187e-05
coh_eff(1996)   -0.0785234 -3.71001e-05
coh_eff(1997)     0.964749  3.61317e-06
coh_eff(1998)      0.46444  4.47001e-06
coh_eff(1999)     0.393606  1.06088e-05
coh_eff(2000)   -0.0710531  0.000202863
coh_eff(2001)     0.382438 -3.88886e-05
coh_eff(2002)     0.875275 -1.73247e-05
coh_eff(2003)       1.4554  9.11657e-06
coh_eff(2004)     0.411144 -7.70272e-05
coh_eff(2005)    -0.804029 -9.60712e-06
coh_eff(2006)      -1.1225  4.17815e-05
coh_eff(2007)    -0.453701  6.19062e-05
coh_eff(2008)     -1.67132  1.07067e-05
coh_eff(2009)     -0.77524  1.99083e-05
coh_eff(2010)     -1.53855 -6.56366e-05
coh_eff(2011)     -2.03472 -5.56496e-05
coh_eff(2012)     -1.88594 -3.04098e-05
coh_eff(2013)     -1.15802   4.7952e-05
coh_eff(2014)     0.720735  6.17585e-05
coh_eff(2015)     0.774458  2.23864e-05
coh_eff(2016)    0.0191162  1.00834e-05
coh_eff(2017)       0.3218  5.74437e-05
coh_eff(2018)     0.564118 -5.54125e-05
coh_eff(2019)      1.40881 -2.40682e-05
coh_eff(2020)     0.370853 -2.37226e-06
coh_eff(2021)     0.189007  0.000107055
coh_eff(2022)      1.11705 -1.44272e-05
coh_eff(2023)      1.66502 -0.000118583
coh_eff(2024)     0.353911 -1.99952e-06
coh_eff(2025)            0            0
coh_eff(2026)            0            0
yr_eff(1970)            0            0
yr_eff(1971)     0.182047 -3.48763e-05
yr_eff(1972)   -0.0368479 -5.39285e-05
yr_eff(1973)     0.255812 -3.35196e-05
yr_eff(1974)     0.285239  4.38639e-05
yr_eff(1975)      1.41123  8.38047e-05
yr_eff(1976)     0.323893 -2.54697e-05
yr_eff(1977)      1.80156 -7.63912e-06
yr_eff(1978)     0.261989 -2.87833e-05
yr_eff(1979)     0.994125  0.000132183
yr_eff(1980)      1.05416 -3.57528e-05
yr_eff(1981)     0.686783 -0.000112958
yr_eff(1982)   -0.0135119 -6.64924e-05
yr_eff(1983)     0.710122 -0.000119527
yr_eff(1984)    -0.714578  3.58077e-05
yr_eff(1985)   -0.0426537  -3.6677e-06
yr_eff(1986)     -1.56818  6.28142e-05
yr_eff(1987)    -0.750081 -4.00666e-05
yr_eff(1988)     -1.17332  3.61892e-05
yr_eff(1989)    -0.904121  7.66602e-05
yr_eff(1990)     0.295509 -6.16203e-05
yr_eff(1991)    0.0313348  -3.6939e-05
yr_eff(1992)    0.0445351 -8.01199e-05
yr_eff(1993)     0.820972  0.000210426
yr_eff(1994)   -0.0655039  4.61589e-05
yr_eff(1995)    -0.492022  -0.00014784
yr_eff(1996)    -0.720847  1.10053e-05
yr_eff(1997)    -0.326737 -6.34187e-05
yr_eff(1998)    -0.623959  6.77049e-06
yr_eff(1999)     -0.44726  5.85758e-05
yr_eff(2000)    -0.347642 -3.30726e-06
yr_eff(2001)     0.433007  5.77138e-05
yr_eff(2002)   -0.0962549  3.34014e-06
yr_eff(2003)    -0.206935  1.53971e-06
yr_eff(2004)    -0.437964 -0.000119504
yr_eff(2005)    -0.880863 -4.52997e-05
yr_eff(2006)    -0.255303  5.65515e-05
yr_eff(2007)     0.847882 -4.17305e-05
yr_eff(2008)     0.262084 -5.79633e-05
yr_eff(2009)       1.3247  4.57197e-05
yr_eff(2010)     0.497071 -6.21255e-06
yr_eff(2011)     0.644254 -6.25543e-05
yr_eff(2012)    0.0107439  3.03159e-05
yr_eff(2013)     0.428681  0.000168392
yr_eff(2014)     0.558671 -0.000124883
yr_eff(2015)     -2.25876  0.000174687
yr_eff(2016)    -0.485373 -9.69936e-05
yr_eff(2017)    -0.209312  3.06621e-05
yr_eff(2018)     -1.02216 -6.90756e-05
yr_eff(2019)     0.652145 -7.55192e-05
yr_eff(2020)     -1.76719 -7.31288e-06
yr_eff(2021)     -1.55096 -3.62134e-05
yr_eff(2022)    -0.242907 -6.55804e-05
yr_eff(2023)     -3.43126 -3.65375e-06
yr_eff(2024)     0.849623 -1.49145e-05
yr_eff(2025)            0            0
yr_eff(2026)            0            0
yr_eff(2027)            0            0
yr_eff(2028)            0            0
yr_eff(2029)            0            0
