ParName   Value   Gradient
log_avgrec      10.8113      -6883.1
log_avginit      6.31827     -137.764
log_avg_F     -3.40264     -5026.54
log_q_cpue     -1.21842      164.755
log_q_avo     -9.47423      6.38769
L1      28.3817        54164
L2      46.1984      29937.2
log_K    -0.126623     -39690.7
coh_eff(1955)            0            0
coh_eff(1956)            0            0
coh_eff(1957)            0            0
coh_eff(1958)            0            0
coh_eff(1959)            0            0
coh_eff(1960)            0            0
coh_eff(1961)            0            0
coh_eff(1962)            0            0
coh_eff(1963)            0            0
coh_eff(1964)            0            0
coh_eff(1965)            0            0
coh_eff(1966)            0            0
coh_eff(1967)            0            0
coh_eff(1968)            0            0
coh_eff(1969)            0            0
coh_eff(1970)            0            0
coh_eff(1971)    -0.178322    -0.846528
coh_eff(1972)     0.287396      0.86463
coh_eff(1973)     0.015041     0.745671
coh_eff(1974)     0.856633       8.2282
coh_eff(1975)     0.248385      16.0768
coh_eff(1976)      1.89609      55.6303
coh_eff(1977)     0.747663      117.473
coh_eff(1978)      1.76421      82.8538
coh_eff(1979)      0.34534      120.797
coh_eff(1980)     -0.57434      111.968
coh_eff(1981)      -1.7179        61.02
coh_eff(1982)     -2.72833      33.2218
coh_eff(1983)     -1.67126      140.315
coh_eff(1984)     -1.07426      111.631
coh_eff(1985)     -1.01074      329.183
coh_eff(1986)      -2.8135      33.9285
coh_eff(1987)    -0.989376      555.107
coh_eff(1988)      -1.3036      356.567
coh_eff(1989)     -2.88581      234.898
coh_eff(1990)     -3.25408      -41.851
coh_eff(1991)     -2.01815     -219.324
coh_eff(1992)    -0.421402     -3164.12
coh_eff(1993)      2.03766       1443.2
coh_eff(1994)     0.147948      283.767
coh_eff(1995)     -1.33786      3275.72
coh_eff(1996)     -1.26084      1105.28
coh_eff(1997)   -0.0510229      1035.48
coh_eff(1998)     -0.37813      2615.14
coh_eff(1999)     0.423062     -1492.89
coh_eff(2000)     0.430647     -300.916
coh_eff(2001)     0.168798     -121.273
coh_eff(2002)      1.59162      918.719
coh_eff(2003)      1.49439      1420.26
coh_eff(2004)     0.331659      3128.96
coh_eff(2005)    -0.840754      3001.73
coh_eff(2006)     -1.65541      466.149
coh_eff(2007)       -0.445     -251.824
coh_eff(2008)     -2.65933     -696.352
coh_eff(2009)    -0.547012      1321.35
coh_eff(2010)     0.373867     -62.5994
coh_eff(2011)      -2.7746     -624.086
coh_eff(2012)     -1.94985     -2208.05
coh_eff(2013)     -2.06653       2184.1
coh_eff(2014)      1.16064      2528.39
coh_eff(2015)     -0.10962     -1994.18
coh_eff(2016)    -0.111387     -2785.65
coh_eff(2017)     0.346528      1024.47
coh_eff(2018)     0.880599      35.3826
coh_eff(2019)      1.46696      271.387
coh_eff(2020)     0.906029      1148.67
coh_eff(2021)     0.787268      27610.9
coh_eff(2022)      1.63558      1720.22
coh_eff(2023)      1.49636     -12.2119
coh_eff(2024)    0.0108461      0.16333
coh_eff(2025)            0            0
coh_eff(2026)            0            0
yr_eff(1970)            0            0
yr_eff(1971)     0.196415     0.405481
yr_eff(1972)    0.0244004    -0.201958
yr_eff(1973)     0.313657     0.515196
yr_eff(1974)     0.303938     0.653378
yr_eff(1975)      1.47707      4.54581
yr_eff(1976)     0.462093      3.05639
yr_eff(1977)      1.13817      30.5402
yr_eff(1978)      2.30069      297.989
yr_eff(1979)      2.02362       346.15
yr_eff(1980)       1.2101       411.05
yr_eff(1981)      1.43673      703.092
yr_eff(1982)     0.439198      585.308
yr_eff(1983)     0.866357      443.078
yr_eff(1984)    0.0534877       413.82
yr_eff(1985)     0.415754      515.878
yr_eff(1986)    -0.600788      572.646
yr_eff(1987)    0.0277127      779.271
yr_eff(1988)    -0.401974       1129.5
yr_eff(1989)    -0.200046      1601.49
yr_eff(1990)     0.888952      2950.33
yr_eff(1991)      1.31704      3379.48
yr_eff(1992)     0.020871      65.2108
yr_eff(1993)      1.39431     -5847.97
yr_eff(1994)     0.239819     -1611.89
yr_eff(1995)    -0.449157     -585.153
yr_eff(1996)    -0.752676      2035.12
yr_eff(1997)    -0.289911      3762.36
yr_eff(1998)     0.146721      6182.59
yr_eff(1999)      1.25472      14670.2
yr_eff(2000)     -0.10866      2284.85
yr_eff(2001)     -0.30566     -1440.82
yr_eff(2002)     0.621035     -1605.36
yr_eff(2003)    -0.987202     -780.911
yr_eff(2004)    -0.465583      559.661
yr_eff(2005)    -0.503779      3176.25
yr_eff(2006)     0.334296      8335.48
yr_eff(2007)      1.66114      14780.4
yr_eff(2008)  -0.00936972      2072.99
yr_eff(2009)      1.80095      84.1595
yr_eff(2010)      1.23211      1023.81
yr_eff(2011)     -2.92902     -867.226
yr_eff(2012)     0.748436     -2443.81
yr_eff(2013)     -1.33808     -2495.98
yr_eff(2014)      1.78796      9375.71
yr_eff(2015)     -3.09245      1148.15
yr_eff(2016)     0.664268      6436.84
yr_eff(2017)    -0.567081     -1174.29
yr_eff(2018)   -0.0494589      186.664
yr_eff(2019)     0.447932     -1249.75
yr_eff(2020)     -1.11993      102.998
yr_eff(2021)     -1.89383       242.37
yr_eff(2022)    0.0586309      13300.7
yr_eff(2023)     -2.68553      2037.98
yr_eff(2024)       0.9211      11.9041
yr_eff(2025)            0            0
yr_eff(2026)            0            0
yr_eff(2027)            0            0
yr_eff(2028)            0            0
yr_eff(2029)            0            0
