ParName   Value   Gradient
log_avgrec      9.84262 -3.24743e-05
log_avginit      4.81775 -6.49049e-07
log_avg_F     -1.41836 -2.94519e-05
log_q_ats     -0.68005  -4.0492e-05
log_Rzero      10.1677  4.51225e-07
steepness     0.601596  9.61553e-07
log_q_cpue    0.0976598  2.47889e-06
log_q_avo     -8.25245  2.87922e-05
log_initdevs(2)      3.31523  7.71915e-05
log_initdevs(3)      2.83249  6.39606e-05
log_initdevs(4)      1.29788  2.47847e-05
log_initdevs(5)     0.470807  -5.6002e-05
log_initdevs(6)      1.14529 -6.68441e-05
log_initdevs(7)     0.351465  -5.1225e-05
log_initdevs(8)    -0.786091 -4.43463e-06
log_initdevs(9)     -1.24245 -8.47271e-07
log_initdevs(10)      -1.2354 -1.80224e-06
log_initdevs(11)     -1.23038 -1.12893e-05
log_initdevs(12)     -1.22722 -3.94097e-06
log_initdevs(13)     -1.22884  8.20291e-07
log_initdevs(14)     -1.23044 -8.36087e-06
log_initdevs(15)     -1.23234  7.32366e-07
log_rec_devs(1964)     -1.08061  9.05249e-05
log_rec_devs(1965)     0.106247  0.000114335
log_rec_devs(1966)    -0.224955  8.12825e-05
log_rec_devs(1967)     0.300873  0.000112053
log_rec_devs(1968)     0.157834   4.9639e-05
log_rec_devs(1969)     0.324793 -6.01765e-06
log_rec_devs(1970)     0.218431 -5.52664e-06
log_rec_devs(1971)    -0.269499 -3.83269e-05
log_rec_devs(1972)    -0.472227  2.57298e-06
log_rec_devs(1973)     0.346061  3.26047e-05
log_rec_devs(1974)    0.0251283 -6.00543e-05
log_rec_devs(1975)    -0.156835 -4.65839e-05
log_rec_devs(1976)    -0.441393 -6.33058e-05
log_rec_devs(1977)    -0.420375 -6.91586e-05
log_rec_devs(1978)     0.158184 -0.000106073
log_rec_devs(1979)      1.00415 -6.00483e-06
log_rec_devs(1980)     0.310611 -3.49907e-05
log_rec_devs(1981)     0.513271  2.31525e-05
log_rec_devs(1982)    -0.115237 -2.01602e-05
log_rec_devs(1983)     0.981858 -0.000293319
log_rec_devs(1984)    -0.253409 -6.54618e-05
log_rec_devs(1985)     0.624202 -3.40239e-05
log_rec_devs(1986)    -0.325181 -5.72463e-05
log_rec_devs(1987)    -0.918091  1.86992e-05
log_rec_devs(1988)     -1.21851  2.21923e-05
log_rec_devs(1989)    -0.508002 -7.96508e-05
log_rec_devs(1990)      0.94092 -1.05317e-05
log_rec_devs(1991)     0.268211 -1.14504e-05
log_rec_devs(1992)    0.0895231  9.33239e-06
log_rec_devs(1993)      0.78308 -3.69258e-05
log_rec_devs(1994)    -0.247718   7.7412e-06
log_rec_devs(1995)    -0.593214 -2.74219e-05
log_rec_devs(1996)      0.13241  -9.9991e-05
log_rec_devs(1997)     0.453117  0.000156286
log_rec_devs(1998)     -0.22688 -7.52211e-05
log_rec_devs(1999)    -0.137678  -5.6961e-06
log_rec_devs(2000)     0.274218  0.000106052
log_rec_devs(2001)     0.608121  0.000113777
log_rec_devs(2002)       0.2268 -4.93982e-05
log_rec_devs(2003)    -0.202184  1.45303e-05
log_rec_devs(2004)    -0.982032  2.46181e-05
log_rec_devs(2005)     -1.33284  4.48186e-05
log_rec_devs(2006)    -0.421877  7.56034e-05
log_rec_devs(2007)      0.31258  8.95041e-05
log_rec_devs(2008)     -0.34355 -4.11529e-05
log_rec_devs(2009)     0.954939  6.59349e-05
log_rec_devs(2010)     0.197744 -6.55324e-05
log_rec_devs(2011)    -0.303614  -9.1458e-05
log_rec_devs(2012)    -0.458034  -7.3717e-05
log_rec_devs(2013)     0.790081  -4.6887e-05
log_rec_devs(2014)     0.915381 -6.01267e-05
log_rec_devs(2015)    0.0870673  -3.2775e-05
log_rec_devs(2016)    -0.918324  4.03671e-05
log_rec_devs(2017)    -0.936137 -0.000106992
log_rec_devs(2018)    -0.215025 -5.05655e-05
log_rec_devs(2019)      1.42054  4.58059e-05
log_rec_devs(2020)      0.23963  8.02874e-06
log_rec_devs(2021)    -0.122018 -5.85522e-06
log_rec_devs(2022)    -0.165184  1.22369e-05
log_rec_devs(2023)     0.196666  9.96577e-06
log_rec_devs(2024)    0.0479764  4.64948e-05
log_F_devs(1964)    -0.655414 -0.000146108
log_F_devs(1965)    -0.630497  1.31991e-05
log_F_devs(1966)    -0.708499  7.24125e-05
log_F_devs(1967)    -0.168998  6.71587e-05
log_F_devs(1968)    -0.182798  1.35161e-05
log_F_devs(1969)    -0.140736  0.000230224
log_F_devs(1970)     0.221896  0.000141523
log_F_devs(1971)     0.568804  3.86508e-05
log_F_devs(1972)     0.679752  0.000139823
log_F_devs(1973)     0.810318 -8.74848e-05
log_F_devs(1974)     0.873409  4.25404e-06
log_F_devs(1975)     0.681313  9.27081e-05
log_F_devs(1976)     0.574468  0.000334013
log_F_devs(1977)     0.469684 -0.000139047
log_F_devs(1978)     0.577981 -0.000142322
log_F_devs(1979)        0.655  3.32433e-05
log_F_devs(1980)     0.629733 -0.000194714
log_F_devs(1981)      0.34793   0.00014347
log_F_devs(1982)    -0.106577 -3.23945e-05
log_F_devs(1983)    -0.319256 -6.89852e-05
log_F_devs(1984)    -0.355251 -0.000224267
log_F_devs(1985)    -0.363178  0.000494871
log_F_devs(1986)    -0.471692 -2.54503e-05
log_F_devs(1987)    -0.805396  -0.00036023
log_F_devs(1988)    -0.526732  -0.00011021
log_F_devs(1989)    -0.505593 -7.30982e-05
log_F_devs(1990)     -0.10918 -6.76285e-05
log_F_devs(1991)     0.125081 -6.22824e-05
log_F_devs(1992)     0.427848  0.000181257
log_F_devs(1993)   0.00438612  3.67465e-05
log_F_devs(1994)    -0.220966 -4.27764e-05
log_F_devs(1995)    -0.213244  3.59167e-05
log_F_devs(1996)   -0.0190855 -0.000190746
log_F_devs(1997)    0.0336224 -0.000129569
log_F_devs(1998)    -0.134662  6.31013e-05
log_F_devs(1999)    -0.383697  6.69428e-05
log_F_devs(2000)     -0.30705  2.15551e-05
log_F_devs(2001)    -0.199789 -8.38612e-05
log_F_devs(2002)   -0.0552383  7.83972e-05
log_F_devs(2003)   0.00223527 -3.68428e-05
log_F_devs(2004)    -0.117394 -5.69956e-05
log_F_devs(2005)    -0.180466 -0.000146248
log_F_devs(2006)    0.0204957 -0.000141674
log_F_devs(2007)    0.0861579  5.19407e-06
log_F_devs(2008)     0.185175  1.68114e-05
log_F_devs(2009)     0.139237  6.12911e-05
log_F_devs(2010)   -0.0688127  0.000122718
log_F_devs(2011)     0.233372  6.49177e-06
log_F_devs(2012)      0.22411 -4.62724e-07
log_F_devs(2013)     0.140966  3.76884e-05
log_F_devs(2014)    0.0942596   8.9671e-05
log_F_devs(2015)     0.184099 -7.06376e-05
log_F_devs(2016)   -0.0802928 -6.34934e-05
log_F_devs(2017)   -0.0636167  1.30738e-05
log_F_devs(2018)     -0.25581 -0.000112389
log_F_devs(2019)    -0.124761 -9.60739e-05
log_F_devs(2020)     0.151063  0.000245642
log_F_devs(2021)     0.111426 -4.72459e-05
log_F_devs(2022)    -0.238648  0.000139211
log_F_devs(2023)    -0.271641 -4.68061e-05
log_F_devs(2024)    -0.268854 -0.000131908
sel_devs_fsh(1,1)    0.0529988 -8.89121e-06
sel_devs_fsh(1,2)    0.0928636  1.85164e-05
sel_devs_fsh(1,3)     0.143162  0.000122817
sel_devs_fsh(1,4)   -0.0412686  5.45303e-05
sel_devs_fsh(1,5)   -0.0415409 -7.33192e-05
sel_devs_fsh(1,6)   -0.0558595  0.000324005
sel_devs_fsh(1,7)   -0.0478983 -0.000968317
sel_devs_fsh(1,8)   -0.0387335    0.0012989
sel_devs_fsh(1,9)   -0.0279097 -0.000679092
sel_devs_fsh(1,10)   -0.0183794 -0.000367929
sel_devs_fsh(1,11)   -0.0111551   0.00018992
sel_devs_fsh(1,12)  -0.00627963  9.46942e-05
sel_devs_fsh(2,1)    0.0604638  3.28071e-05
sel_devs_fsh(2,2)     0.100131  5.60626e-06
sel_devs_fsh(2,3)     0.243399  0.000154217
sel_devs_fsh(2,4)    -0.132236  2.64929e-05
sel_devs_fsh(2,5)   -0.0949109 -0.000140044
sel_devs_fsh(2,6)     -0.07345  0.000347369
sel_devs_fsh(2,7)   -0.0520888 -0.000850433
sel_devs_fsh(2,8)   -0.0325143    0.0013615
sel_devs_fsh(2,9)   -0.0196944 -0.000616952
sel_devs_fsh(2,10)  -0.00851296 -0.000503384
sel_devs_fsh(2,11)  0.000930959  0.000189422
sel_devs_fsh(2,12)   0.00848833  8.93494e-05
sel_devs_fsh(3,1)     0.125368  3.26083e-05
sel_devs_fsh(3,2)      0.10029  3.77124e-05
sel_devs_fsh(3,3)   0.00649865  0.000110119
sel_devs_fsh(3,4)  -0.00605351  6.07448e-05
sel_devs_fsh(3,5)   -0.0469394 -0.000180775
sel_devs_fsh(3,6)   -0.0510223  0.000348088
sel_devs_fsh(3,7)   -0.0479464 -0.000873149
sel_devs_fsh(3,8)   -0.0368545   0.00121994
sel_devs_fsh(3,9)   -0.0245457 -0.000511623
sel_devs_fsh(3,10)   -0.0128517  -0.00059896
sel_devs_fsh(3,11)  -0.00497826  0.000232611
sel_devs_fsh(3,12)  -0.00096515  0.000125122
sel_devs_fsh(4,1)     0.132629 -6.46617e-05
sel_devs_fsh(4,2)    0.0670992  6.46245e-05
sel_devs_fsh(4,3)     0.157019  0.000142425
sel_devs_fsh(4,4)     -0.10534  -1.6098e-05
sel_devs_fsh(4,5)    -0.101509 -0.000170766
sel_devs_fsh(4,6)   -0.0919973  0.000299455
sel_devs_fsh(4,7)   -0.0785273 -0.000775497
sel_devs_fsh(4,8)   -0.0229307   0.00108057
sel_devs_fsh(4,9)  -0.00498563 -0.000416485
sel_devs_fsh(4,10)   0.00952674 -0.000560953
sel_devs_fsh(4,11)    0.0166096  0.000222979
sel_devs_fsh(4,12)    0.0224044  0.000166273
sel_devs_fsh(5,1)     0.188745 -1.89144e-05
sel_devs_fsh(5,2)     0.137255   6.7952e-05
sel_devs_fsh(5,3)   -0.0322627  6.00146e-05
sel_devs_fsh(5,4)     -0.25165  1.83231e-05
sel_devs_fsh(5,5)    -0.122569 -0.000138117
sel_devs_fsh(5,6)    -0.107172  0.000353473
sel_devs_fsh(5,7)   -0.0490002 -0.000788006
sel_devs_fsh(5,8)    0.0104119   0.00117215
sel_devs_fsh(5,9)    0.0365578 -0.000414597
sel_devs_fsh(5,10)    0.0517979 -0.000668385
sel_devs_fsh(5,11)    0.0588031  0.000265704
sel_devs_fsh(5,12)    0.0790854  0.000120181
sel_devs_fsh(6,1)    0.0115951 -8.43293e-06
sel_devs_fsh(6,2)    0.0295027  4.99294e-05
sel_devs_fsh(6,3)   -0.0799298  5.98555e-05
sel_devs_fsh(6,4)   -0.0487192  7.64114e-05
sel_devs_fsh(6,5) -0.000969565  -0.00015189
sel_devs_fsh(6,6)   -0.0140687  0.000333033
sel_devs_fsh(6,7)   -0.0486598 -0.000828426
sel_devs_fsh(6,8)   0.00672275   0.00118242
sel_devs_fsh(6,9)    0.0272318 -0.000377834
sel_devs_fsh(6,10)    0.0318491 -0.000679328
sel_devs_fsh(6,11)    0.0364288  0.000219681
sel_devs_fsh(6,12)    0.0490164  0.000118476
sel_devs_fsh(7,1)    -0.231234 -1.11142e-05
sel_devs_fsh(7,2)     0.199157   3.2359e-05
sel_devs_fsh(7,3)     0.117304   7.3759e-05
sel_devs_fsh(7,4)    0.0807897   9.7033e-05
sel_devs_fsh(7,5)   -0.0206448 -0.000218652
sel_devs_fsh(7,6)  -0.00721531   0.00025196
sel_devs_fsh(7,7)    -0.016715 -0.000857833
sel_devs_fsh(7,8)   -0.0308699   0.00115078
sel_devs_fsh(7,9)   -0.0147324 -0.000332443
sel_devs_fsh(7,10)   -0.0176533 -0.000589572
sel_devs_fsh(7,11)   -0.0240288  0.000171472
sel_devs_fsh(7,12)   -0.0341601  0.000192241
sel_devs_fsh(8,1)    -0.251559  3.03282e-05
sel_devs_fsh(8,2)     0.109293 -5.08616e-05
sel_devs_fsh(8,3)     0.070687  7.07774e-05
sel_devs_fsh(8,4)    0.0510063  4.90796e-05
sel_devs_fsh(8,5)     0.039662 -0.000141251
sel_devs_fsh(8,6)    0.0493754  0.000278804
sel_devs_fsh(8,7)    0.0290223 -0.000834041
sel_devs_fsh(8,8) -0.000132374    0.0011405
sel_devs_fsh(8,9)   -0.0114427 -0.000287395
sel_devs_fsh(8,10)   -0.0192031 -0.000632336
sel_devs_fsh(8,11)   -0.0272053  0.000268885
sel_devs_fsh(8,12)    -0.039503  0.000131252
sel_devs_fsh(9,1)    -0.208588  2.19378e-05
sel_devs_fsh(9,2)     0.148229  5.74093e-06
sel_devs_fsh(9,3)     0.182175  6.47552e-05
sel_devs_fsh(9,4)    0.0385159   5.0387e-05
sel_devs_fsh(9,5)   0.00842748 -0.000125487
sel_devs_fsh(9,6)  -0.00293011  0.000294468
sel_devs_fsh(9,7)  -0.00231003 -0.000812361
sel_devs_fsh(9,8)   -0.0284816   0.00115135
sel_devs_fsh(9,9)   -0.0227889 -0.000411173
sel_devs_fsh(9,10)   -0.0271193 -0.000669588
sel_devs_fsh(9,11)   -0.0344388  0.000219338
sel_devs_fsh(9,12)   -0.0506933  0.000168586
sel_devs_fsh(10,1)    -0.191774 -4.94931e-05
sel_devs_fsh(10,2)    -0.170437  4.31217e-05
sel_devs_fsh(10,3)     0.131194  0.000113147
sel_devs_fsh(10,4)    0.0817061  1.30589e-05
sel_devs_fsh(10,5)    0.0457253 -0.000196913
sel_devs_fsh(10,6)    0.0377912  0.000269507
sel_devs_fsh(10,7)    0.0354105 -0.000768232
sel_devs_fsh(10,8)  -0.00373355    0.0010695
sel_devs_fsh(10,9)   0.00360273 -0.000412411
sel_devs_fsh(10,10)    0.0102357 -0.000533743
sel_devs_fsh(10,11)    0.0100981  0.000292723
sel_devs_fsh(10,12)    0.0101818   0.00016909
sel_devs_fsh(11,1)    -0.190735  4.07806e-05
sel_devs_fsh(11,2)   -0.0650107   2.5529e-05
sel_devs_fsh(11,3)   -0.0795033  0.000107147
sel_devs_fsh(11,4)     0.090471  2.25106e-05
sel_devs_fsh(11,5)    0.0754563 -0.000156837
sel_devs_fsh(11,6)    0.0626618  0.000243177
sel_devs_fsh(11,7)    0.0556586 -0.000794315
sel_devs_fsh(11,8)    0.0148884   0.00112409
sel_devs_fsh(11,9)   0.00929262 -0.000465362
sel_devs_fsh(11,10)    0.0100339 -0.000562548
sel_devs_fsh(11,11)   0.00928063  0.000272498
sel_devs_fsh(11,12)   0.00750654  0.000148852
sel_devs_fsh(12,1)    -0.181671  3.65594e-05
sel_devs_fsh(12,2)    0.0259269  4.72215e-06
sel_devs_fsh(12,3)    -0.125593  7.99575e-06
sel_devs_fsh(12,4)   -0.0502444 -2.24051e-05
sel_devs_fsh(12,5)    0.0557951 -0.000132435
sel_devs_fsh(12,6)    0.0599649  0.000224002
sel_devs_fsh(12,7)    0.0580003 -0.000749171
sel_devs_fsh(12,8)    0.0358248   0.00117211
sel_devs_fsh(12,9)    0.0256875  -0.00036755
sel_devs_fsh(12,10)    0.0310475 -0.000610822
sel_devs_fsh(12,11)    0.0322287  0.000269247
sel_devs_fsh(12,12)    0.0330303  0.000135115
sel_devs_fsh(13,1)    -0.223638 -6.71829e-05
sel_devs_fsh(13,2)    -0.134807  3.35711e-05
sel_devs_fsh(13,3)   -0.0359057  5.80972e-05
sel_devs_fsh(13,4)   -0.0246902  2.63998e-05
sel_devs_fsh(13,5)    0.0432243 -7.25609e-05
sel_devs_fsh(13,6)    0.0531983  0.000179398
sel_devs_fsh(13,7)    0.0643006 -0.000540215
sel_devs_fsh(13,8)    0.0644673  0.000961141
sel_devs_fsh(13,9)    0.0525528 -0.000483915
sel_devs_fsh(13,10)    0.0468057 -0.000578503
sel_devs_fsh(13,11)    0.0475542  0.000316822
sel_devs_fsh(13,12)    0.0469417  0.000226465
sel_devs_fsh(14,1)    -0.184295 -1.28442e-05
sel_devs_fsh(14,2)    -0.383946 -5.73424e-05
sel_devs_fsh(14,3)    -0.166692  7.43677e-05
sel_devs_fsh(14,4)   -0.0294613  6.18614e-05
sel_devs_fsh(14,5)    0.0932269 -0.000107424
sel_devs_fsh(14,6)      0.13327   4.6837e-05
sel_devs_fsh(14,7)     0.120253 -0.000364594
sel_devs_fsh(14,8)     0.119898  0.000930704
sel_devs_fsh(14,9)     0.097514 -0.000424963
sel_devs_fsh(14,10)    0.0699573 -0.000551376
sel_devs_fsh(14,11)    0.0665377  0.000327814
sel_devs_fsh(14,12)    0.0637405  0.000140094
sel_devs_fsh(15,1)     -0.20807  3.75563e-05
sel_devs_fsh(15,2)    -0.505388  5.47527e-05
sel_devs_fsh(15,3)    -0.281254  6.37976e-05
sel_devs_fsh(15,4)    0.0823518  1.48625e-06
sel_devs_fsh(15,5)     0.138531 -0.000115886
sel_devs_fsh(15,6)     0.151787   9.0726e-05
sel_devs_fsh(15,7)     0.146444 -0.000221224
sel_devs_fsh(15,8)     0.134426  0.000733191
sel_devs_fsh(15,9)    0.0951646 -0.000437173
sel_devs_fsh(15,10)    0.0862907 -0.000612778
sel_devs_fsh(15,11)    0.0821968   0.00027311
sel_devs_fsh(15,12)    0.0775197  0.000115081
sel_devs_fsh(16,1)    -0.171713 -1.99168e-07
sel_devs_fsh(16,2)    -0.290205  2.70263e-05
sel_devs_fsh(16,3)    -0.290406  5.17951e-05
sel_devs_fsh(16,4)   -0.0196064  2.64891e-05
sel_devs_fsh(16,5)     0.140297 -0.000187555
sel_devs_fsh(16,6)    0.0929785  2.68062e-06
sel_devs_fsh(16,7)    0.0981404 -8.52971e-05
sel_devs_fsh(16,8)    0.0992174   0.00054292
sel_devs_fsh(16,9)    0.0923398 -0.000462604
sel_devs_fsh(16,10)    0.0851913 -0.000589164
sel_devs_fsh(16,11)    0.0816223  0.000361854
sel_devs_fsh(16,12)    0.0821379  0.000212292
sel_devs_fsh(17,1)    -0.135015 -4.14358e-05
sel_devs_fsh(17,2)    -0.105506  4.51788e-05
sel_devs_fsh(17,3)    -0.280339  5.77304e-06
sel_devs_fsh(17,4)   -0.0111975  5.12097e-05
sel_devs_fsh(17,5)    0.0211105 -0.000178148
sel_devs_fsh(17,6)     0.062473 -6.59668e-05
sel_devs_fsh(17,7)    0.0638153 -8.53277e-05
sel_devs_fsh(17,8)    0.0714935  0.000510117
sel_devs_fsh(17,9)    0.0758018 -0.000328855
sel_devs_fsh(17,10)    0.0774539 -0.000491592
sel_devs_fsh(17,11)    0.0787699  0.000395985
sel_devs_fsh(17,12)    0.0811333   8.7059e-05
sel_devs_fsh(18,1)    -0.153345 -2.18343e-05
sel_devs_fsh(18,2)    0.0964335  4.04997e-05
sel_devs_fsh(18,3)   -0.0714531  2.14296e-05
sel_devs_fsh(18,4)    -0.119582 -7.09548e-05
sel_devs_fsh(18,5)    -0.076413 -0.000117992
sel_devs_fsh(18,6)     0.030436  7.23649e-05
sel_devs_fsh(18,7)    0.0282852  5.29351e-05
sel_devs_fsh(18,8)    0.0321026  0.000337772
sel_devs_fsh(18,9)    0.0457914 -0.000275046
sel_devs_fsh(18,10)    0.0554659 -0.000517666
sel_devs_fsh(18,11)    0.0633568    0.0003178
sel_devs_fsh(18,12)    0.0689245   0.00018859
sel_devs_fsh(19,1)      -0.1357 -3.43638e-05
sel_devs_fsh(19,2)    -0.162304  5.66066e-05
sel_devs_fsh(19,3)    0.0357495  8.20649e-05
sel_devs_fsh(19,4)   -0.0824191 -2.28963e-05
sel_devs_fsh(19,5)     0.104487 -0.000183462
sel_devs_fsh(19,6)    0.0249701   5.8875e-05
sel_devs_fsh(19,7)    0.0364753  2.44484e-05
sel_devs_fsh(19,8)    0.0282485  0.000316988
sel_devs_fsh(19,9)    0.0295394 -0.000219144
sel_devs_fsh(19,10)    0.0306437 -0.000456248
sel_devs_fsh(19,11)    0.0424004  0.000262884
sel_devs_fsh(19,12)    0.0479101  0.000133262
sel_devs_fsh(20,1)     -0.15073 -5.22912e-05
sel_devs_fsh(20,2)    0.0401829  8.59647e-05
sel_devs_fsh(20,3)     0.109296  3.15534e-05
sel_devs_fsh(20,4)    -0.105735  2.84917e-06
sel_devs_fsh(20,5)    -0.219578  -4.8116e-05
sel_devs_fsh(20,6)     0.100735 -6.80879e-06
sel_devs_fsh(20,7)    0.0586853  5.68097e-05
sel_devs_fsh(20,8)    0.0458032  7.36484e-05
sel_devs_fsh(20,9)    0.0259943 -0.000241452
sel_devs_fsh(20,10)    0.0253292  -0.00036094
sel_devs_fsh(20,11)    0.0324545  0.000179256
sel_devs_fsh(20,12)    0.0375581  0.000205391
sel_devs_fsh(21,1)    -0.155951  1.85389e-05
sel_devs_fsh(21,2)   -0.0312095  8.37283e-06
sel_devs_fsh(21,3)    0.0752997  7.30792e-06
sel_devs_fsh(21,4)     0.151568 -2.53494e-05
sel_devs_fsh(21,5)   -0.0366603 -8.77275e-05
sel_devs_fsh(21,6)   -0.0292613  0.000158653
sel_devs_fsh(21,7)    0.0206683 -9.62258e-05
sel_devs_fsh(21,8)   -0.0347609  7.46442e-05
sel_devs_fsh(21,9)   0.00930596 -0.000151426
sel_devs_fsh(21,10)   0.00480701 -0.000252333
sel_devs_fsh(21,11)   0.00643427  0.000184495
sel_devs_fsh(21,12)     0.019759  0.000145381
sel_devs_fsh(22,1)    -0.158239 -2.16616e-05
sel_devs_fsh(22,2)   -0.0687364  5.22309e-05
sel_devs_fsh(22,3)     0.122335  2.30278e-05
sel_devs_fsh(22,4)   -0.0824513  0.000100155
sel_devs_fsh(22,5)   0.00582481 -0.000169886
sel_devs_fsh(22,6)   -0.0603034  7.74575e-05
sel_devs_fsh(22,7)   -0.0752018  9.44831e-06
sel_devs_fsh(22,8)      0.12658  0.000112009
sel_devs_fsh(22,9)    0.0869299 -9.35481e-05
sel_devs_fsh(22,10)    0.0608521 -0.000230735
sel_devs_fsh(22,11)    0.0312017   0.00011218
sel_devs_fsh(22,12)    0.0112143  0.000128039
sel_devs_fsh(23,1)    -0.189814  1.84235e-05
sel_devs_fsh(23,2)     -0.10129 -6.96312e-06
sel_devs_fsh(23,3)     0.475539  4.24087e-05
sel_devs_fsh(23,4)    0.0524728  1.40811e-05
sel_devs_fsh(23,5)     0.130352 -4.38907e-05
sel_devs_fsh(23,6)   -0.0424079   3.9757e-05
sel_devs_fsh(23,7)    0.0905723 -4.76696e-05
sel_devs_fsh(23,8)   -0.0981921 -2.12768e-05
sel_devs_fsh(23,9)   -0.0976001 -8.14483e-05
sel_devs_fsh(23,10)    -0.119926 -0.000158522
sel_devs_fsh(23,11)   -0.0694102  1.04564e-05
sel_devs_fsh(23,12)   -0.0302992  0.000193666
sel_devs_fsh(24,1)    -0.159442   8.9455e-06
sel_devs_fsh(24,2)    -0.061493 -3.67365e-05
sel_devs_fsh(24,3)    -0.371283  7.72358e-05
sel_devs_fsh(24,4)     0.171648  6.15713e-06
sel_devs_fsh(24,5)    0.0274262 -5.19157e-05
sel_devs_fsh(24,6)    0.0836504   0.00013087
sel_devs_fsh(24,7)     0.121485 -6.51644e-05
sel_devs_fsh(24,8)    0.0964783  6.69557e-05
sel_devs_fsh(24,9)    0.0211861 -0.000147764
sel_devs_fsh(24,10)    0.0644605 -0.000182894
sel_devs_fsh(24,11)    0.0162602  0.000162084
sel_devs_fsh(24,12)   -0.0103701  0.000147734
sel_devs_fsh(25,1)    -0.149988 -9.72591e-05
sel_devs_fsh(25,2)   -0.0299146 -1.50656e-05
sel_devs_fsh(25,3)     -0.34283  4.49731e-05
sel_devs_fsh(25,4)    0.0313513  6.81007e-05
sel_devs_fsh(25,5)     0.186605 -7.20538e-05
sel_devs_fsh(25,6)    0.0557617  0.000165196
sel_devs_fsh(25,7)   -0.0362573  1.86709e-05
sel_devs_fsh(25,8)    0.0354057   5.8765e-05
sel_devs_fsh(25,9)    0.0533067 -5.60531e-05
sel_devs_fsh(25,10)   -0.0165539  -0.00029371
sel_devs_fsh(25,11)      0.13925  5.94859e-06
sel_devs_fsh(25,12)    0.0738595  0.000122513
sel_devs_fsh(26,1)    -0.072318    6.756e-05
sel_devs_fsh(26,2)    0.0179466 -4.73132e-05
sel_devs_fsh(26,3)    -0.372024  8.03755e-05
sel_devs_fsh(26,4)    -0.365772  8.40771e-05
sel_devs_fsh(26,5)    -0.309244 -8.52753e-05
sel_devs_fsh(26,6)    -0.141276  9.12505e-05
sel_devs_fsh(26,7)     0.136362 -9.64977e-06
sel_devs_fsh(26,8)  -0.00392455    4.599e-05
sel_devs_fsh(26,9)     0.213158 -0.000113738
sel_devs_fsh(26,10)     0.149432 -0.000142427
sel_devs_fsh(26,11)     0.387172  0.000113746
sel_devs_fsh(26,12)     0.360504  0.000163472
sel_devs_fsh(27,1)    -0.158454 -2.35741e-06
sel_devs_fsh(27,2)   -0.0470037 -1.78683e-05
sel_devs_fsh(27,3)     0.513101  0.000116942
sel_devs_fsh(27,4)    -0.263151 -2.49472e-05
sel_devs_fsh(27,5)     -0.34617   1.9245e-05
sel_devs_fsh(27,6)   -0.0445375  3.53453e-05
sel_devs_fsh(27,7)   -0.0265774 -4.82276e-05
sel_devs_fsh(27,8)     0.218468  8.91603e-05
sel_devs_fsh(27,9)    0.0946909 -7.45631e-05
sel_devs_fsh(27,10)     0.220827 -0.000203924
sel_devs_fsh(27,11)    -0.114966  8.36177e-05
sel_devs_fsh(27,12)   -0.0462191  0.000162737
sel_devs_fsh(28,1)    -0.149059  3.36539e-05
sel_devs_fsh(28,2)    -0.491195  3.12005e-05
sel_devs_fsh(28,3)  -0.00406928  4.21432e-05
sel_devs_fsh(28,4)     0.803766   3.3284e-05
sel_devs_fsh(28,5)   0.00933403 -1.70869e-05
sel_devs_fsh(28,6)    0.0143092  0.000139676
sel_devs_fsh(28,7)    0.0796487 -7.19742e-05
sel_devs_fsh(28,8)    0.0178655  2.00163e-06
sel_devs_fsh(28,9)   -0.0238161 -7.04503e-05
sel_devs_fsh(28,10)   -0.0568936 -0.000232058
sel_devs_fsh(28,11)    -0.134765  0.000115315
sel_devs_fsh(28,12)   -0.0651155  0.000142446
sel_devs_fsh(29,1)    -0.058641  9.75299e-05
sel_devs_fsh(29,2)   -0.0125306  5.56517e-05
sel_devs_fsh(29,3)    -0.784967  8.93013e-05
sel_devs_fsh(29,4)    -0.276759  6.77829e-05
sel_devs_fsh(29,5)     0.904685 -2.82559e-05
sel_devs_fsh(29,6)     0.267657  0.000112361
sel_devs_fsh(29,7)    0.0332904   8.4698e-05
sel_devs_fsh(29,8)   -0.0183657  9.83666e-05
sel_devs_fsh(29,9)   -0.0282801 -6.93046e-05
sel_devs_fsh(29,10)  -0.00541868 -0.000243198
sel_devs_fsh(29,11)    0.0230171  2.69674e-05
sel_devs_fsh(29,12)   -0.0436583  0.000168792
sel_devs_fsh(30,1)   -0.0252675  2.40016e-05
sel_devs_fsh(30,2)     0.152731  2.03769e-05
sel_devs_fsh(30,3)    -0.316479  6.76075e-06
sel_devs_fsh(30,4)    -0.691174  5.85241e-05
sel_devs_fsh(30,5)    -0.338038  -5.8938e-06
sel_devs_fsh(30,6)      0.47522  5.13426e-05
sel_devs_fsh(30,7)     0.159512  1.56163e-05
sel_devs_fsh(30,8)     0.173039  4.44495e-05
sel_devs_fsh(30,9)     0.141804 -7.21695e-05
sel_devs_fsh(30,10)     0.123118 -0.000256173
sel_devs_fsh(30,11)     0.089708  4.94055e-05
sel_devs_fsh(30,12)    0.0558303  0.000132671
sel_devs_fsh(31,1)   -0.0362488 -1.11702e-05
sel_devs_fsh(31,2)     0.489101   7.2651e-05
sel_devs_fsh(31,3)     0.242386  8.34157e-05
sel_devs_fsh(31,4)    -0.818895   6.6663e-05
sel_devs_fsh(31,5)    -0.746053  1.51287e-05
sel_devs_fsh(31,6)    -0.336071  0.000120018
sel_devs_fsh(31,7)     0.301568 -6.29963e-05
sel_devs_fsh(31,8)     0.316586  7.42169e-05
sel_devs_fsh(31,9)     0.236631 -3.67233e-05
sel_devs_fsh(31,10)     0.164268 -0.000239288
sel_devs_fsh(31,11)       0.1086 -2.24317e-05
sel_devs_fsh(31,12)    0.0781413  0.000140972
sel_devs_fsh(32,1)    -0.134703  2.74915e-06
sel_devs_fsh(32,2)     0.324862  3.75172e-05
sel_devs_fsh(32,3)     0.131617  7.33191e-05
sel_devs_fsh(32,4)     0.625713  2.46035e-05
sel_devs_fsh(32,5)   -0.0322723  -5.9142e-05
sel_devs_fsh(32,6)    -0.402554  8.82203e-05
sel_devs_fsh(32,7)    -0.392016  1.51203e-05
sel_devs_fsh(32,8)    -0.274873  8.66063e-07
sel_devs_fsh(32,9)   0.00710197 -6.86972e-05
sel_devs_fsh(32,10)    0.0421007 -0.000219088
sel_devs_fsh(32,11)    0.0492824  7.42842e-05
sel_devs_fsh(32,12)    0.0557501  0.000159393
sel_devs_fsh(33,1)    -0.105896 -8.17971e-05
sel_devs_fsh(33,2)    -0.399957  1.97863e-05
sel_devs_fsh(33,3)      0.26844 -2.64624e-05
sel_devs_fsh(33,4)     0.232125 -3.03836e-05
sel_devs_fsh(33,5)     0.171698  4.04941e-05
sel_devs_fsh(33,6)     0.258553  4.28811e-05
sel_devs_fsh(33,7)    -0.249008 -3.08655e-05
sel_devs_fsh(33,8)   -0.0430837  0.000213416
sel_devs_fsh(33,9)   -0.0485987 -0.000149917
sel_devs_fsh(33,10)   -0.0281393 -0.000296937
sel_devs_fsh(33,11)   -0.0309341  3.61741e-05
sel_devs_fsh(33,12)    -0.025204  0.000199006
sel_devs_fsh(34,1)    -0.154662 -1.30024e-05
sel_devs_fsh(34,2)      -0.3861  0.000102434
sel_devs_fsh(34,3)     0.820331  5.67966e-05
sel_devs_fsh(34,4)     0.459139 -1.23226e-05
sel_devs_fsh(34,5)     0.150721 -6.04427e-06
sel_devs_fsh(34,6)    -0.256488  4.38379e-05
sel_devs_fsh(34,7)     0.248129  9.16002e-06
sel_devs_fsh(34,8)    -0.121569  0.000144318
sel_devs_fsh(34,9)    -0.268128  1.89117e-05
sel_devs_fsh(34,10)    -0.229913 -0.000303666
sel_devs_fsh(34,11)     -0.16051 -2.65827e-05
sel_devs_fsh(34,12)    -0.100942  0.000108326
sel_devs_fsh(35,1)   -0.0802609 -2.46602e-06
sel_devs_fsh(35,2)    -0.143244   4.2914e-05
sel_devs_fsh(35,3)    -0.557763  1.31953e-05
sel_devs_fsh(35,4)     0.305693  4.68349e-05
sel_devs_fsh(35,5)     0.435929 -8.54661e-06
sel_devs_fsh(35,6)    0.0245902  6.15955e-05
sel_devs_fsh(35,7)   -0.0406652 -1.40069e-05
sel_devs_fsh(35,8)     0.233068  0.000114091
sel_devs_fsh(35,9)    0.0113356  7.78363e-06
sel_devs_fsh(35,10)    -0.058578 -0.000267173
sel_devs_fsh(35,11)    -0.059011 -4.69633e-05
sel_devs_fsh(35,12)   -0.0710904  0.000109667
sel_devs_fsh(36,1)   -0.0366402 -5.89675e-06
sel_devs_fsh(36,2)    -0.185482   5.6135e-06
sel_devs_fsh(36,3)    -0.431513   1.5287e-05
sel_devs_fsh(36,4)    -0.296697 -9.48643e-05
sel_devs_fsh(36,5)     0.266372   5.5091e-06
sel_devs_fsh(36,6)     0.635926 -1.26136e-05
sel_devs_fsh(36,7)     0.147975  6.81813e-05
sel_devs_fsh(36,8)    -0.113156  7.49158e-05
sel_devs_fsh(36,9)    0.0124789 -4.76427e-05
sel_devs_fsh(36,10)    0.0172803 -0.000340817
sel_devs_fsh(36,11)    0.0094433 -2.49422e-05
sel_devs_fsh(36,12)   -0.0260024  0.000115059
sel_devs_fsh(37,1)   -0.0782309  1.83367e-05
sel_devs_fsh(37,2)     0.185482  4.72975e-05
sel_devs_fsh(37,3)     0.098851  4.70953e-08
sel_devs_fsh(37,4)   -0.0119467  2.12578e-05
sel_devs_fsh(37,5)    -0.243679 -7.22598e-05
sel_devs_fsh(37,6)    0.0434016  2.37446e-05
sel_devs_fsh(37,7)    0.0705075 -3.92155e-05
sel_devs_fsh(37,8)    0.0607499  5.90979e-05
sel_devs_fsh(37,9)    0.0464883 -9.78144e-06
sel_devs_fsh(37,10)   -0.0156775 -0.000237039
sel_devs_fsh(37,11)    -0.080791 -5.49701e-05
sel_devs_fsh(37,12)   -0.0751619  0.000137537
sel_devs_fsh(38,1)    -0.083869  1.88337e-05
sel_devs_fsh(38,2)    -0.335899  9.14911e-05
sel_devs_fsh(38,3)     0.701137  8.24935e-05
sel_devs_fsh(38,4)   -0.0340538 -5.07843e-05
sel_devs_fsh(38,5)    0.0501469  7.11235e-08
sel_devs_fsh(38,6)    -0.175624  4.55757e-05
sel_devs_fsh(38,7)    0.0329114 -3.63267e-05
sel_devs_fsh(38,8)    0.0373717  8.03758e-06
sel_devs_fsh(38,9)   0.00211121 -2.75842e-05
sel_devs_fsh(38,10)   -0.0239964 -0.000359076
sel_devs_fsh(38,11)   -0.0904478 -3.91661e-05
sel_devs_fsh(38,12)   -0.0797974  0.000121418
sel_devs_fsh(39,1)   -0.0349218 -1.51179e-05
sel_devs_fsh(39,2)    -0.147387  3.15374e-05
sel_devs_fsh(39,3)    -0.682962 -3.09825e-05
sel_devs_fsh(39,4)     0.742523  3.52098e-06
sel_devs_fsh(39,5)    0.0510119   2.3297e-05
sel_devs_fsh(39,6)   -0.0995313  1.85809e-05
sel_devs_fsh(39,7)   0.00375777  6.47857e-05
sel_devs_fsh(39,8)    0.0243416  7.71669e-05
sel_devs_fsh(39,9)    0.0414009  -2.8089e-05
sel_devs_fsh(39,10)    0.0444587 -0.000237272
sel_devs_fsh(39,11)    0.0591907 -0.000114661
sel_devs_fsh(39,12)  -0.00188548  0.000173962
sel_devs_fsh(40,1)   -0.0590029 -3.85059e-05
sel_devs_fsh(40,2)    0.0839939 -1.07658e-05
sel_devs_fsh(40,3)   -0.0257559  3.58007e-05
sel_devs_fsh(40,4)    -0.348141 -7.74162e-05
sel_devs_fsh(40,5)     0.434017 -4.70568e-06
sel_devs_fsh(40,6)     0.258791  7.34238e-05
sel_devs_fsh(40,7)    -0.105644 -4.54378e-05
sel_devs_fsh(40,8)    -0.148926  4.72026e-05
sel_devs_fsh(40,9)   -0.0542514  -1.1853e-05
sel_devs_fsh(40,10)   0.00658974 -0.000263482
sel_devs_fsh(40,11)   0.00308093 -3.86932e-06
sel_devs_fsh(40,12)   -0.0447568  0.000231926
sel_devs_fsh(41,1)   -0.0875981 -2.91424e-05
sel_devs_fsh(41,2)     0.106283 -1.10138e-05
sel_devs_fsh(41,3)     0.549825  9.59028e-05
sel_devs_fsh(41,4)    -0.106417 -4.87094e-05
sel_devs_fsh(41,5)    -0.326802   7.5732e-05
sel_devs_fsh(41,6)   -0.0584016  2.72623e-05
sel_devs_fsh(41,7)   -0.0535539  2.93509e-05
sel_devs_fsh(41,8)   -0.0183752 -2.10801e-06
sel_devs_fsh(41,9)   -0.0640121 -4.82801e-05
sel_devs_fsh(41,10)   -0.0234468 -0.000216261
sel_devs_fsh(41,11)    0.0263412 -0.000119213
sel_devs_fsh(41,12)    0.0561556  0.000224351
sel_devs_fsh(42,1)   -0.0477486 -7.93492e-06
sel_devs_fsh(42,2)    0.0483755 -7.93689e-06
sel_devs_fsh(42,3)   -0.0362452  4.26943e-05
sel_devs_fsh(42,4)   0.00491892 -3.45286e-05
sel_devs_fsh(42,5)   -0.0715802  9.14512e-05
sel_devs_fsh(42,6)  -0.00998466  3.01105e-05
sel_devs_fsh(42,7)    0.0118548  4.29731e-05
sel_devs_fsh(42,8)   -0.0633358 -6.85922e-06
sel_devs_fsh(42,9)   -0.0233756  5.30652e-06
sel_devs_fsh(42,10)    0.0123646 -0.000237206
sel_devs_fsh(42,11)    0.0634803 -8.49704e-05
sel_devs_fsh(42,12)     0.111276  0.000164778
sel_devs_fsh(43,1)  0.000623594   6.5068e-05
sel_devs_fsh(43,2)   -0.0382629  9.18905e-05
sel_devs_fsh(43,3)    -0.514338  1.54772e-05
sel_devs_fsh(43,4)    -0.120631 -7.42023e-05
sel_devs_fsh(43,5)   -0.0884332  0.000128335
sel_devs_fsh(43,6)    0.0081059  6.30556e-05
sel_devs_fsh(43,7)    0.0435566  1.53056e-05
sel_devs_fsh(43,8)     0.119344  7.64249e-05
sel_devs_fsh(43,9)     0.142536 -1.00343e-05
sel_devs_fsh(43,10)    0.0800542  -0.00021809
sel_devs_fsh(43,11)     0.166964 -0.000134822
sel_devs_fsh(43,12)      0.20049  0.000125572
sel_devs_fsh(44,1)   -0.0329143  5.64526e-06
sel_devs_fsh(44,2)    -0.316225  8.10507e-05
sel_devs_fsh(44,3)     0.236432  1.49346e-05
sel_devs_fsh(44,4)    0.0571919 -8.19734e-05
sel_devs_fsh(44,5)    -0.133681  7.83896e-05
sel_devs_fsh(44,6)   -0.0984673  5.03895e-05
sel_devs_fsh(44,7)   -0.0746148 -1.26213e-07
sel_devs_fsh(44,8)   -0.0294943  1.10767e-05
sel_devs_fsh(44,9)   -0.0124814 -7.39941e-05
sel_devs_fsh(44,10)     0.143414 -0.000159552
sel_devs_fsh(44,11)       0.1436 -0.000144321
sel_devs_fsh(44,12)     0.117237  0.000170277
sel_devs_fsh(45,1)   0.00210199 -8.55629e-05
sel_devs_fsh(45,2)     0.100711  9.68488e-05
sel_devs_fsh(45,3)    -0.574034  4.97168e-05
sel_devs_fsh(45,4)     0.489451 -1.46826e-05
sel_devs_fsh(45,5)     0.183717  5.02369e-05
sel_devs_fsh(45,6)    -0.239101  7.83527e-05
sel_devs_fsh(45,7)   -0.0918566 -1.97031e-05
sel_devs_fsh(45,8)    0.0471705  9.79285e-05
sel_devs_fsh(45,9)    0.0747913  1.65945e-05
sel_devs_fsh(45,10)   0.00801216   -0.0001593
sel_devs_fsh(45,11)   -0.0445579  -7.7331e-05
sel_devs_fsh(45,12)    0.0436053  0.000130664
sel_devs_fsh(46,1)   0.00629851  3.15731e-05
sel_devs_fsh(46,2)   -0.0521005  4.33222e-05
sel_devs_fsh(46,3)    0.0646426  4.21887e-05
sel_devs_fsh(46,4)     -1.03758  -6.3138e-05
sel_devs_fsh(46,5)     0.465615   4.5649e-05
sel_devs_fsh(46,6)     0.372951 -1.10127e-05
sel_devs_fsh(46,7)     0.154807  4.16798e-05
sel_devs_fsh(46,8)  -0.00630311  4.86751e-06
sel_devs_fsh(46,9)   -0.0301938 -2.92181e-05
sel_devs_fsh(46,10)    0.0712742 -0.000162353
sel_devs_fsh(46,11)    0.0374652 -0.000105292
sel_devs_fsh(46,12)   -0.0468726  0.000175771
sel_devs_fsh(47,1)   -0.0274156 -0.000110387
sel_devs_fsh(47,2)     0.205594 -2.05667e-05
sel_devs_fsh(47,3)     0.172796  -9.1782e-06
sel_devs_fsh(47,4)     0.619531  2.71959e-05
sel_devs_fsh(47,5)     -1.05273  1.83244e-05
sel_devs_fsh(47,6)   0.00848063  9.32531e-05
sel_devs_fsh(47,7)    0.0323607  3.72524e-05
sel_devs_fsh(47,8)    0.0462339  3.63936e-05
sel_devs_fsh(47,9)    0.0210049  5.28281e-05
sel_devs_fsh(47,10)   -0.0848091  -0.00013792
sel_devs_fsh(47,11)  0.000490792 -0.000115489
sel_devs_fsh(47,12)    0.0584634  0.000118675
sel_devs_fsh(48,1)   0.00249679  4.61567e-05
sel_devs_fsh(48,2)    -0.194638 -1.67647e-05
sel_devs_fsh(48,3)    0.0317453  5.49015e-05
sel_devs_fsh(48,4)    -0.130689 -3.89755e-05
sel_devs_fsh(48,5)     0.525645  4.64903e-05
sel_devs_fsh(48,6)    -0.559669  1.88408e-05
sel_devs_fsh(48,7)    -0.137835 -3.95043e-05
sel_devs_fsh(48,8)    0.0784752  5.23829e-05
sel_devs_fsh(48,9)     0.113783 -3.77199e-05
sel_devs_fsh(48,10)       0.1252 -0.000158918
sel_devs_fsh(48,11)    0.0790993 -1.86347e-05
sel_devs_fsh(48,12)    0.0663878  0.000117502
sel_devs_fsh(49,1)   -0.0241956 -3.61777e-05
sel_devs_fsh(49,2)     0.165984   6.0567e-05
sel_devs_fsh(49,3)   -0.0287966   4.3286e-06
sel_devs_fsh(49,4)    -0.147599  5.80109e-05
sel_devs_fsh(49,5)    -0.120697 -8.16188e-06
sel_devs_fsh(49,6)     0.280364  3.19722e-05
sel_devs_fsh(49,7)     0.168458  -8.0711e-06
sel_devs_fsh(49,8)    -0.108672 -4.62878e-06
sel_devs_fsh(49,9)    -0.119128 -1.18746e-05
sel_devs_fsh(49,10)   -0.0176745 -0.000260956
sel_devs_fsh(49,11)   -0.0245555 -8.08861e-05
sel_devs_fsh(49,12)   -0.0234928  0.000182433
sel_devs_fsh(50,1)   -0.0235291 -6.67887e-05
sel_devs_fsh(50,2)     -0.51732  3.32717e-05
sel_devs_fsh(50,3)      1.10924  6.14628e-05
sel_devs_fsh(50,4)     0.196679 -0.000100346
sel_devs_fsh(50,5)    -0.180851  7.22462e-05
sel_devs_fsh(50,6)    -0.109064 -1.57307e-05
sel_devs_fsh(50,7)    -0.154886 -3.99565e-06
sel_devs_fsh(50,8)    -0.106128  0.000153517
sel_devs_fsh(50,9)    -0.109398  4.73109e-05
sel_devs_fsh(50,10)   -0.0460263  -0.00013801
sel_devs_fsh(50,11)   -0.0306092  6.28133e-05
sel_devs_fsh(50,12)   -0.0280946  6.45655e-05
sel_devs_fsh(51,1)    0.0705079 -2.98088e-05
sel_devs_fsh(51,2)    -0.121763 -2.78736e-06
sel_devs_fsh(51,3)     -1.48111  6.21516e-05
sel_devs_fsh(51,4)      1.07283  5.88568e-05
sel_devs_fsh(51,5)     0.298064  7.20067e-05
sel_devs_fsh(51,6)   0.00674572  -3.2618e-05
sel_devs_fsh(51,7)    -0.100426 -6.28405e-06
sel_devs_fsh(51,8)     0.213734  2.49447e-05
sel_devs_fsh(51,9)     0.131435 -8.43417e-05
sel_devs_fsh(51,10)   -0.0462853 -0.000176809
sel_devs_fsh(51,11)   -0.0166865  5.48364e-05
sel_devs_fsh(51,12)   -0.0270502  2.35559e-05
sel_devs_fsh(52,1)     0.054914  9.61815e-06
sel_devs_fsh(52,2)     0.135633 -1.59253e-05
sel_devs_fsh(52,3)    -0.309735  4.97956e-05
sel_devs_fsh(52,4)     -1.12305  9.02039e-06
sel_devs_fsh(52,5)     0.611197 -1.78763e-05
sel_devs_fsh(52,6)      0.35473    3.523e-05
sel_devs_fsh(52,7)     0.209595 -3.62078e-05
sel_devs_fsh(52,8)   -0.0744227  0.000117293
sel_devs_fsh(52,9)    0.0927884 -1.54394e-06
sel_devs_fsh(52,10)    0.0674557 -0.000225752
sel_devs_fsh(52,11)  -0.00656059  7.45967e-05
sel_devs_fsh(52,12)   -0.0125462  2.66176e-05
sel_devs_fsh(53,1)    0.0283972 -2.67698e-05
sel_devs_fsh(53,2)     0.184488  2.77711e-05
sel_devs_fsh(53,3)    0.0695883 -3.23061e-05
sel_devs_fsh(53,4)    -0.563842  2.18461e-05
sel_devs_fsh(53,5)    0.0449003  8.63155e-06
sel_devs_fsh(53,6)     0.219859 -5.60864e-05
sel_devs_fsh(53,7)     0.128766  -1.1885e-05
sel_devs_fsh(53,8)    0.0995874  0.000124877
sel_devs_fsh(53,9)   -0.0382788 -4.88373e-05
sel_devs_fsh(53,10)    -0.066717 -0.000106263
sel_devs_fsh(53,11)   -0.0566818  6.17027e-05
sel_devs_fsh(53,12)   -0.0500705 -3.50489e-05
sel_devs_fsh(54,1)    0.0624933 -1.41049e-05
sel_devs_fsh(54,2)     0.738508  2.88089e-05
sel_devs_fsh(54,3)     0.141154 -1.66517e-05
sel_devs_fsh(54,4)    -0.623865  -2.8706e-05
sel_devs_fsh(54,5)     -1.37875 -2.01029e-05
sel_devs_fsh(54,6)    0.0721648 -4.91738e-05
sel_devs_fsh(54,7)     0.500746  -4.6073e-06
sel_devs_fsh(54,8)     0.294615  0.000151581
sel_devs_fsh(54,9)     0.183937 -2.82333e-05
sel_devs_fsh(54,10)     0.161017 -0.000149708
sel_devs_fsh(54,11)   -0.0494928  7.16572e-05
sel_devs_fsh(54,12)    -0.102532  5.47731e-05
sel_devs_fsh(55,1)     0.102807 -8.08742e-06
sel_devs_fsh(55,2)     0.941819   6.1905e-05
sel_devs_fsh(55,3)     0.627941 -1.67523e-05
sel_devs_fsh(55,4)      0.74442  -1.8095e-05
sel_devs_fsh(55,5)     0.233313 -6.31777e-06
sel_devs_fsh(55,6)    -0.543644 -5.94466e-05
sel_devs_fsh(55,7)    -0.656369  9.08604e-06
sel_devs_fsh(55,8)    -0.572011  9.26428e-05
sel_devs_fsh(55,9)    -0.332053 -7.55434e-05
sel_devs_fsh(55,10)    -0.272491 -9.68549e-05
sel_devs_fsh(55,11)    -0.114126  4.75173e-05
sel_devs_fsh(55,12)    -0.159608  4.41844e-05
sel_devs_fsh(56,1)   -0.0336566   3.1555e-06
sel_devs_fsh(56,2)     0.272062  3.47775e-05
sel_devs_fsh(56,3)     0.891535 -1.27036e-05
sel_devs_fsh(56,4)     -0.18625  7.16965e-05
sel_devs_fsh(56,5)   -0.0973081  6.79022e-05
sel_devs_fsh(56,6)     -0.53752 -4.07566e-05
sel_devs_fsh(56,7)    -0.161737 -3.65435e-05
sel_devs_fsh(56,8)     0.123011  0.000133844
sel_devs_fsh(56,9)   -0.0595328 -0.000112139
sel_devs_fsh(56,10)   -0.0801139  -0.00010684
sel_devs_fsh(56,11)   -0.0762452  4.21559e-05
sel_devs_fsh(56,12)   -0.0542465  -6.5748e-05
sel_devs_fsh(57,1)   0.00839184  5.10421e-05
sel_devs_fsh(57,2)    0.0309634 -1.98523e-05
sel_devs_fsh(57,3)    -0.448658 -2.85484e-05
sel_devs_fsh(57,4)     0.616962  3.98951e-05
sel_devs_fsh(57,5)     0.114778  7.47339e-05
sel_devs_fsh(57,6)   0.00820119 -1.34524e-05
sel_devs_fsh(57,7)    -0.144033 -2.15105e-05
sel_devs_fsh(57,8)   -0.0251143  5.93478e-05
sel_devs_fsh(57,9)   -0.0553025 -1.09187e-05
sel_devs_fsh(57,10)   -0.0980261 -3.80225e-05
sel_devs_fsh(57,11)   -0.0242088   3.3103e-05
sel_devs_fsh(57,12)    0.0160549  5.86175e-06
sel_devs_fsh(58,1)    0.0354844 -2.91331e-05
sel_devs_fsh(58,2)    -0.333425  7.97516e-06
sel_devs_fsh(58,3)    -0.216468  3.70542e-05
sel_devs_fsh(58,4)    -0.133553  2.28397e-05
sel_devs_fsh(58,5)      0.59833  1.37548e-06
sel_devs_fsh(58,6)       0.2998   2.2443e-05
sel_devs_fsh(58,7)    -0.257036  2.04979e-06
sel_devs_fsh(58,8)    -0.135091   9.3906e-05
sel_devs_fsh(58,9)   0.00187572 -5.18355e-05
sel_devs_fsh(58,10)    0.0551632  8.28331e-06
sel_devs_fsh(58,11)    0.0357414 -4.30232e-06
sel_devs_fsh(58,12)     0.049186   2.1505e-06
sel_devs_fsh(59,1)  1.68605e-06 -5.02081e-08
sel_devs_fsh(59,2)  0.000153487 -4.93999e-06
sel_devs_fsh(59,3)   0.00154713 -5.01394e-06
sel_devs_fsh(59,4)    0.0623194 -1.15802e-05
sel_devs_fsh(59,5)   -0.0771821 -9.53125e-06
sel_devs_fsh(59,6)   -0.0795038 -6.54773e-06
sel_devs_fsh(59,7)    0.0259233 -1.43411e-05
sel_devs_fsh(59,8)   -0.0368978  1.91157e-05
sel_devs_fsh(59,9)   -0.0356774 -4.28251e-05
sel_devs_fsh(59,10)   0.00620207  1.52117e-05
sel_devs_fsh(59,11)    0.0272161 -5.50749e-06
sel_devs_fsh(59,12)     0.105895  1.59281e-05
sel_devs_ats(1,2)     0.112827  1.72206e-05
sel_devs_ats(1,3)      0.11266  2.55262e-05
sel_devs_ats(1,4)     0.107375 -3.04019e-07
sel_devs_ats(1,5)     0.105258  -1.4795e-05
sel_devs_ats(1,6)     0.111663  -8.6457e-05
sel_devs_ats(1,7)     0.113081 -1.93197e-05
sel_devs_ats(1,8)     0.111579  1.68883e-06
sel_devs_ats(2,2)     0.126354 -4.63153e-05
sel_devs_ats(2,3)     0.127451 -1.00912e-05
sel_devs_ats(2,4)     0.121207 -4.57923e-06
sel_devs_ats(2,5)     0.123243  2.79455e-05
sel_devs_ats(2,6)     0.126178  1.39045e-05
sel_devs_ats(2,7)     0.126578  3.46518e-05
sel_devs_ats(2,8)     0.127456  2.05447e-05
sel_devs_ats(3,2)     0.140796 -5.59778e-05
sel_devs_ats(3,3)     0.150763 -8.58934e-07
sel_devs_ats(3,4)     0.157379   1.0387e-05
sel_devs_ats(3,5)     0.150237  3.30038e-05
sel_devs_ats(3,6)     0.147972 -2.58742e-05
sel_devs_ats(3,7)     0.146548 -2.73236e-05
sel_devs_ats(3,8)     0.133455 -5.46877e-07
sel_devs_ats(4,2)     0.149307 -3.92466e-05
sel_devs_ats(4,3)     0.168107  7.14979e-06
sel_devs_ats(4,4)     0.174258 -2.15163e-06
sel_devs_ats(4,5)     0.163991  3.83087e-05
sel_devs_ats(4,6)      0.16144  3.55989e-05
sel_devs_ats(4,7)     0.159424  7.20413e-05
sel_devs_ats(4,8)     0.144586  1.73186e-05
sel_devs_ats(5,2)     0.157832  2.90563e-05
sel_devs_ats(5,3)     0.180366  1.06447e-05
sel_devs_ats(5,4)      0.18631  -2.1884e-05
sel_devs_ats(5,5)     0.175647 -1.14357e-05
sel_devs_ats(5,6)     0.171776 -6.28256e-05
sel_devs_ats(5,7)     0.172737 -1.53199e-06
sel_devs_ats(5,8)     0.156177 -1.40094e-05
sel_devs_ats(6,2)     0.167875 -7.74403e-05
sel_devs_ats(6,3)     0.170687 -3.81695e-06
sel_devs_ats(6,4)     0.183248    3.521e-05
sel_devs_ats(6,5)     0.181304   2.0528e-05
sel_devs_ats(6,6)     0.177051 -2.47745e-05
sel_devs_ats(6,7)     0.167431  5.82947e-05
sel_devs_ats(6,8)     0.170193   5.6356e-06
sel_devs_ats(7,2)     0.183041  4.88417e-05
sel_devs_ats(7,3)     0.179826   3.0215e-05
sel_devs_ats(7,4)     0.174811  2.40619e-05
sel_devs_ats(7,5)     0.181114 -9.94435e-06
sel_devs_ats(7,6)     0.183984 -5.50396e-05
sel_devs_ats(7,7)     0.178223  9.02898e-06
sel_devs_ats(7,8)     0.179423 -1.73869e-05
sel_devs_ats(8,2)     0.185898  1.14759e-05
sel_devs_ats(8,3)     0.187701  1.48759e-05
sel_devs_ats(8,4)     0.184262  9.62965e-06
sel_devs_ats(8,5)     0.186977 -8.50782e-05
sel_devs_ats(8,6)     0.190909 -6.45099e-05
sel_devs_ats(8,7)     0.186895  1.34593e-05
sel_devs_ats(8,8)     0.186341   1.1362e-05
sel_devs_ats(9,2)     0.174874  3.45331e-05
sel_devs_ats(9,3)      0.17105 -1.42946e-05
sel_devs_ats(9,4)     0.182202  5.16991e-05
sel_devs_ats(9,5)     0.186281  1.09737e-05
sel_devs_ats(9,6)     0.185205 -3.40248e-05
sel_devs_ats(9,7)     0.191996  -2.1678e-05
sel_devs_ats(9,8)     0.201522   7.0898e-06
sel_devs_ats(10,2)     0.177139  -2.3873e-05
sel_devs_ats(10,3)     0.177044 -5.82931e-05
sel_devs_ats(10,4)     0.191135 -2.58228e-06
sel_devs_ats(10,5)     0.191709  2.19752e-05
sel_devs_ats(10,6)     0.191376  4.88116e-05
sel_devs_ats(10,7)     0.198763  5.14188e-05
sel_devs_ats(10,8)     0.207702 -4.33378e-06
sel_devs_ats(11,2)      0.19038   1.8073e-06
sel_devs_ats(11,3)      0.17415 -3.55565e-05
sel_devs_ats(11,4)     0.160404  -4.2047e-06
sel_devs_ats(11,5)      0.17238  6.67334e-06
sel_devs_ats(11,6)     0.187159  1.85615e-05
sel_devs_ats(11,7)     0.200868  1.91305e-06
sel_devs_ats(11,8)     0.213565  -2.0105e-05
sel_devs_ats(12,2)     0.186956  2.29208e-05
sel_devs_ats(12,3)     0.172776   1.9917e-05
sel_devs_ats(12,4)     0.162372  9.03697e-06
sel_devs_ats(12,5)     0.172021 -2.11018e-05
sel_devs_ats(12,6)     0.186364 -3.57819e-05
sel_devs_ats(12,7)     0.200692 -3.93907e-05
sel_devs_ats(12,8)     0.213633  5.40497e-05
sel_devs_ats(13,2)     0.190152  2.19594e-05
sel_devs_ats(13,3)      0.18113  1.58437e-05
sel_devs_ats(13,4)     0.183676  4.64778e-05
sel_devs_ats(13,5)     0.198517 -1.24905e-05
sel_devs_ats(13,6)     0.206175 -5.66501e-05
sel_devs_ats(13,7)      0.20726  -2.1827e-05
sel_devs_ats(13,8)     0.208834  1.30662e-05
sel_devs_ats(14,2)     0.197459  4.29753e-05
sel_devs_ats(14,3)     0.182584  -2.7542e-05
sel_devs_ats(14,4)     0.180549  1.72315e-05
sel_devs_ats(14,5)     0.187291 -1.11492e-05
sel_devs_ats(14,6)     0.193239 -4.94975e-05
sel_devs_ats(14,7)     0.200518   -1.316e-05
sel_devs_ats(14,8)     0.215839  1.67132e-05
sel_devs_ats(15,2)      0.21239  2.17029e-05
sel_devs_ats(15,3)     0.190176 -3.58878e-05
sel_devs_ats(15,4)     0.184576  2.65308e-05
sel_devs_ats(15,5)     0.197269  1.22513e-05
sel_devs_ats(15,6)     0.207734 -1.75657e-05
sel_devs_ats(15,7)     0.210549  3.76708e-05
sel_devs_ats(15,8)      0.21304 -1.54576e-05
sel_devs_ats(16,2)     0.209311 -1.03511e-05
sel_devs_ats(16,3)     0.206649 -3.13507e-05
sel_devs_ats(16,4)     0.188648   1.8208e-05
sel_devs_ats(16,5)     0.184293  1.63432e-05
sel_devs_ats(16,6)     0.192357 -3.61431e-05
sel_devs_ats(16,7)     0.196186  9.83058e-06
sel_devs_ats(16,8)     0.185339   7.3473e-06
sel_devs_ats(17,2)     0.199628  2.40545e-05
sel_devs_ats(17,3)     0.188387 -1.42317e-05
sel_devs_ats(17,4)     0.166072 -9.42296e-06
sel_devs_ats(17,5)     0.169196  4.30786e-05
sel_devs_ats(17,6)      0.17535 -3.92294e-05
sel_devs_ats(17,7)      0.17715  6.47533e-06
sel_devs_ats(17,8)      0.16656  1.70556e-07
sel_devs_ats(18,2)     0.188724  4.78521e-05
sel_devs_ats(18,3)     0.179899   4.7127e-05
sel_devs_ats(18,4)     0.143625 -1.62328e-05
sel_devs_ats(18,5)     0.159507 -7.77922e-06
sel_devs_ats(18,6)     0.161074 -6.14403e-05
sel_devs_ats(18,7)      0.16013    1.902e-05
sel_devs_ats(18,8)     0.148105  2.54205e-05
sel_devs_ats(19,2)     0.183125 -2.54544e-05
sel_devs_ats(19,3)     0.197725 -3.90444e-05
sel_devs_ats(19,4)     0.207858 -3.51773e-05
sel_devs_ats(19,5)     0.174248  3.59663e-05
sel_devs_ats(19,6)     0.172688 -2.97523e-05
sel_devs_ats(19,7)      0.15031 -3.25123e-06
sel_devs_ats(19,8)     0.123133  9.48779e-06
sel_devs_ats(20,2)      0.17886 -1.16927e-05
sel_devs_ats(20,3)     0.189701 -8.99864e-06
sel_devs_ats(20,4)     0.193434 -3.23314e-06
sel_devs_ats(20,5)      0.17263  6.42924e-05
sel_devs_ats(20,6)     0.168232  6.97161e-06
sel_devs_ats(20,7)     0.144676 -2.06897e-05
sel_devs_ats(20,8)     0.111594  2.61035e-05
sel_devs_ats(21,2)     0.148172 -3.29539e-06
sel_devs_ats(21,3)      0.19545 -2.80511e-05
sel_devs_ats(21,4)     0.182625 -2.83771e-05
sel_devs_ats(21,5)     0.153747  1.14221e-05
sel_devs_ats(21,6)     0.137326 -1.37771e-05
sel_devs_ats(21,7)     0.150412  2.39286e-05
sel_devs_ats(21,8)     0.125708 -6.18521e-08
sel_devs_ats(22,2)     0.121335  1.66573e-06
sel_devs_ats(22,3)     0.147856  1.14288e-05
sel_devs_ats(22,4)      0.16952 -1.14598e-05
sel_devs_ats(22,5)     0.135099  3.74683e-05
sel_devs_ats(22,6)     0.121662  1.37077e-06
sel_devs_ats(22,7)     0.121983  1.88965e-05
sel_devs_ats(22,8)     0.144213  2.65388e-05
sel_devs_ats(23,2)     0.124482 -3.10748e-05
sel_devs_ats(23,3)     0.102591  1.64744e-05
sel_devs_ats(23,4)     0.099229 -6.64303e-06
sel_devs_ats(23,5)     0.116206 -1.44399e-05
sel_devs_ats(23,6)     0.118265 -6.80279e-05
sel_devs_ats(23,7)     0.123431 -2.99024e-05
sel_devs_ats(23,8)     0.147176  2.39049e-05
sel_devs_ats(24,2)     0.116434  6.96332e-06
sel_devs_ats(24,3)     0.105033  3.04337e-05
sel_devs_ats(24,4)     0.105108 -1.05807e-05
sel_devs_ats(24,5)     0.111254  5.56667e-06
sel_devs_ats(24,6)     0.115521 -1.61532e-05
sel_devs_ats(24,7)     0.123613 -4.87142e-06
sel_devs_ats(24,8)     0.140157  5.13277e-05
sel_devs_ats(25,2)     0.114784 -3.67459e-05
sel_devs_ats(25,3)     0.113933  1.76408e-05
sel_devs_ats(25,4)     0.133927  -1.3189e-06
sel_devs_ats(25,5)     0.139843 -8.95283e-06
sel_devs_ats(25,6)     0.127672  6.69011e-06
sel_devs_ats(25,7)     0.121456 -1.35147e-05
sel_devs_ats(25,8)     0.129299 -1.86833e-07
sel_devs_ats(26,2)     0.120286  8.66769e-06
sel_devs_ats(26,3)     0.125464 -7.76346e-06
sel_devs_ats(26,4)      0.14203 -1.85092e-05
sel_devs_ats(26,5)     0.138219  2.20545e-05
sel_devs_ats(26,6)     0.126937  3.60204e-05
sel_devs_ats(26,7)     0.130223  3.06091e-05
sel_devs_ats(26,8)     0.141021  5.33621e-06
sel_devs_ats(27,2)     0.125024  1.80532e-05
sel_devs_ats(27,3)     0.133588 -2.82317e-06
sel_devs_ats(27,4)     0.151566 -1.12986e-05
sel_devs_ats(27,5)     0.142033 -3.04583e-06
sel_devs_ats(27,6)     0.133941 -1.81441e-05
sel_devs_ats(27,7)      0.13966 -6.07587e-05
sel_devs_ats(27,8)     0.149222 -3.87916e-06
sel_devs_ats(28,2)      0.12553  2.46685e-05
sel_devs_ats(28,3)     0.129648 -1.13658e-05
sel_devs_ats(28,4)     0.161906 -2.18994e-05
sel_devs_ats(28,5)     0.143496 -2.45975e-06
sel_devs_ats(28,6)     0.138233   5.3608e-05
sel_devs_ats(28,7)     0.146683  3.86697e-05
sel_devs_ats(28,8)     0.156515 -1.03039e-05
sel_devs_ats(29,2)     0.137502 -6.00788e-06
sel_devs_ats(29,3)     0.130476 -9.95711e-06
sel_devs_ats(29,4)     0.112129  2.92108e-06
sel_devs_ats(29,5)     0.132498 -3.45991e-06
sel_devs_ats(29,6)     0.138359 -4.68578e-05
sel_devs_ats(29,7)     0.152674 -5.02775e-05
sel_devs_ats(29,8)     0.162817  -1.1037e-05
sel_devs_ats(30,2)     0.131552  4.85348e-05
sel_devs_ats(30,3)     0.128789  3.97994e-05
sel_devs_ats(30,4)      0.12067 -2.76068e-05
sel_devs_ats(30,5)     0.133714  6.67932e-06
sel_devs_ats(30,6)     0.132952   1.4698e-05
sel_devs_ats(30,7)     0.153115  2.12554e-05
sel_devs_ats(30,8)     0.161235 -2.05341e-05
sel_coffs_fsh(1)     -4.10107  4.21218e-06
sel_coffs_fsh(2)     -2.16227  1.65491e-06
sel_coffs_fsh(3)    -0.881625  1.48786e-05
sel_coffs_fsh(4)     0.359136  4.24566e-06
sel_coffs_fsh(5)     0.339367 -1.26483e-05
sel_coffs_fsh(6)     0.310215  4.00671e-05
sel_coffs_fsh(7)     0.269799 -0.000124652
sel_coffs_fsh(8)     0.229362  0.000167239
sel_coffs_fsh(9)     0.194183 -8.81207e-05
sel_coffs_fsh(10)     0.166415 -4.86961e-05
sel_coffs_fsh(11)     0.144509  2.16984e-05
sel_coffs_fsh(12)     0.127554  1.18632e-05
sel_coffs_ats(2)   -0.0446741 -2.14266e-06
sel_coffs_ats(3)    -0.036889   7.6821e-07
sel_coffs_ats(4)  -0.00157046 -6.25821e-07
sel_coffs_ats(5)    0.0473686  9.14603e-07
sel_coffs_ats(6)     0.072935 -4.75799e-06
sel_coffs_ats(7)     0.108423  1.83481e-06
sel_coffs_ats(8)      0.15171  1.03071e-05
sel_slp_bts      1.03816  8.44051e-05
sel_a50_bts      6.08115  5.12728e-05
sel_age_one_bts     -3.20961 -1.37824e-05
sel_a50_bts_dev(1982)    -0.236291 -3.77852e-05
sel_a50_bts_dev(1983)    -0.178195 -6.04391e-05
sel_a50_bts_dev(1984)    -0.053326   1.9417e-05
sel_a50_bts_dev(1985)   -0.0463113  0.000100692
sel_a50_bts_dev(1986)   -0.0134311  3.41681e-05
sel_a50_bts_dev(1987)   -0.0637714  2.86914e-06
sel_a50_bts_dev(1988)    -0.168183  3.41171e-05
sel_a50_bts_dev(1989)    -0.161797  7.48392e-05
sel_a50_bts_dev(1990)    -0.124198 -6.20546e-05
sel_a50_bts_dev(1991)    -0.053296  8.80645e-05
sel_a50_bts_dev(1992)    -0.080502 -3.47103e-05
sel_a50_bts_dev(1993)    -0.104187  -3.8523e-05
sel_a50_bts_dev(1994)   -0.0221785   2.5234e-05
sel_a50_bts_dev(1995)    0.0759773 -3.31234e-05
sel_a50_bts_dev(1996)     0.145011 -1.17179e-05
sel_a50_bts_dev(1997)      0.13303  -3.2364e-05
sel_a50_bts_dev(1998)     0.152575 -1.46367e-05
sel_a50_bts_dev(1999)    0.0619944 -5.50491e-05
sel_a50_bts_dev(2000)    0.0302198  4.99374e-05
sel_a50_bts_dev(2001)    0.0291979 -5.02977e-05
sel_a50_bts_dev(2002)    0.0449722 -5.00358e-05
sel_a50_bts_dev(2003)    0.0827428  2.60468e-05
sel_a50_bts_dev(2004)     0.081628    9.106e-05
sel_a50_bts_dev(2005)    0.0555491 -0.000107789
sel_a50_bts_dev(2006)    0.0917332 -4.07012e-05
sel_a50_bts_dev(2007)    0.0312406   5.4419e-05
sel_a50_bts_dev(2008)    0.0594657 -1.39051e-05
sel_a50_bts_dev(2009)    0.0805058  1.30627e-05
sel_a50_bts_dev(2010)    0.0135211 -4.92873e-05
sel_a50_bts_dev(2011)    0.0677101 -2.95075e-06
sel_a50_bts_dev(2012)     0.020696 -0.000113623
sel_a50_bts_dev(2013)  -0.00790678  8.13589e-06
sel_a50_bts_dev(2014)   -0.0681683  5.20076e-05
sel_a50_bts_dev(2015)      -0.1261  3.64848e-05
sel_a50_bts_dev(2016)   -0.0438531 -2.23222e-05
sel_a50_bts_dev(2017)      -0.0179   2.3245e-05
sel_a50_bts_dev(2018)     0.064622 -3.11571e-05
sel_a50_bts_dev(2019)   -0.0168516 -0.000111143
sel_a50_bts_dev(2020)    0.0227497  4.81711e-05
sel_a50_bts_dev(2021)     0.059102  7.82043e-05
sel_a50_bts_dev(2022)    0.0387923 -1.53828e-05
sel_a50_bts_dev(2023)     0.116565 -0.000138109
sel_a50_bts_dev(2024)    0.0268464  7.28699e-05
sel_age_one_bts_dev(1982)   -0.0654324 -1.39833e-05
sel_age_one_bts_dev(1983)  -0.00774555  2.92446e-05
sel_age_one_bts_dev(1984)    0.0423099 -2.92983e-05
sel_age_one_bts_dev(1985)    -0.209391   5.4848e-05
sel_age_one_bts_dev(1986)    -0.401438  6.06276e-05
sel_age_one_bts_dev(1987)    -0.254338  7.64495e-06
sel_age_one_bts_dev(1988)    -0.319345  3.50133e-05
sel_age_one_bts_dev(1989)   -0.0792839 -3.50089e-05
sel_age_one_bts_dev(1990)    0.0904141  2.89293e-05
sel_age_one_bts_dev(1991)    -0.191582  1.72829e-05
sel_age_one_bts_dev(1992)   -0.0716728 -7.03136e-06
sel_age_one_bts_dev(1993)   -0.0124914  3.24797e-05
sel_age_one_bts_dev(1994)    -0.103448 -2.26076e-05
sel_age_one_bts_dev(1995)    -0.104596  5.39971e-06
sel_age_one_bts_dev(1996)    -0.132475   2.9553e-05
sel_age_one_bts_dev(1997)    -0.040353 -5.07043e-05
sel_age_one_bts_dev(1998)    0.0192627  7.27488e-05
sel_age_one_bts_dev(1999)    0.0580756  -8.4747e-06
sel_age_one_bts_dev(2000)     0.154797 -8.25675e-06
sel_age_one_bts_dev(2001)    0.0381538  7.97278e-06
sel_age_one_bts_dev(2002)    0.0727328 -1.55982e-05
sel_age_one_bts_dev(2003)     0.257446 -2.95828e-05
sel_age_one_bts_dev(2004)    0.0794347 -1.75673e-05
sel_age_one_bts_dev(2005)    0.0105734 -9.47442e-06
sel_age_one_bts_dev(2006)    -0.025159 -2.12127e-05
sel_age_one_bts_dev(2007)   -0.0175701 -2.08935e-05
sel_age_one_bts_dev(2008)     0.190017 -2.19992e-05
sel_age_one_bts_dev(2009)     0.338854  2.77508e-05
sel_age_one_bts_dev(2010)     0.330778  5.35826e-07
sel_age_one_bts_dev(2011)   -0.0846879 -1.67155e-05
sel_age_one_bts_dev(2012)   -0.0895488 -1.92191e-05
sel_age_one_bts_dev(2013)     0.166819 -3.38991e-05
sel_age_one_bts_dev(2014)     0.125067 -5.66967e-05
sel_age_one_bts_dev(2015)  -0.00567717  4.74721e-06
sel_age_one_bts_dev(2016)    -0.104821  3.07579e-05
sel_age_one_bts_dev(2017)    -0.124217 -8.06495e-06
sel_age_one_bts_dev(2018)    -0.109068 -2.66803e-05
sel_age_one_bts_dev(2019)     0.217024  2.21793e-07
sel_age_one_bts_dev(2020)     0.136699  8.90355e-06
sel_age_one_bts_dev(2021)    0.0563736 -8.28226e-06
sel_age_one_bts_dev(2022)     0.112744 -1.05382e-05
sel_age_one_bts_dev(2023)    0.0598218  1.77044e-05
sel_age_one_bts_dev(2024)  -0.00305829 -1.30299e-05
L1      28.2771 -0.000204646
L2      46.1029 -0.000173922
log_K    -0.127657  0.000106284
d_scale(1,3)       0.5236 -2.00578e-06
d_scale(1,4)     0.704441 -4.31832e-06
d_scale(1,5)     0.765531 -3.07309e-05
d_scale(1,6)     0.829738  2.02965e-05
d_scale(1,7)     0.870009 -1.25809e-05
d_scale(1,8)      0.93339 -1.60961e-05
d_scale(1,9)     0.978959  3.08176e-05
d_scale(1,10)     0.974786  3.26387e-06
d_scale(1,11)     0.995057  1.93364e-05
d_scale(1,12)     0.934379 -4.60228e-06
d_scale(1,13)     0.954279  1.11266e-05
d_scale(1,14)     0.863685 -4.84522e-07
d_scale(1,15)      1.00357  2.87743e-05
coh_eff(1955)            0            0
coh_eff(1956)            0            0
coh_eff(1957)            0            0
coh_eff(1958)            0            0
coh_eff(1959)            0            0
coh_eff(1960)            0            0
coh_eff(1961)            0            0
coh_eff(1962)            0            0
coh_eff(1963)            0            0
coh_eff(1964)            0            0
coh_eff(1965)            0            0
coh_eff(1966)            0            0
coh_eff(1967)            0            0
coh_eff(1968)            0            0
coh_eff(1969)            0            0
coh_eff(1970)            0            0
coh_eff(1971)    -0.174323  2.89935e-06
coh_eff(1972)     0.306421  5.81603e-06
coh_eff(1973)    0.0390725  4.84013e-06
coh_eff(1974)     0.531743  9.03474e-06
coh_eff(1975)    -0.412214  1.68786e-06
coh_eff(1976)     0.532175 -2.41598e-05
coh_eff(1977)    -0.453932 -9.23424e-05
coh_eff(1978)     0.450574  9.23395e-05
coh_eff(1979)    0.0472283 -1.70679e-05
coh_eff(1980)   -0.0884756  1.01695e-05
coh_eff(1981)    -0.393548 -1.33382e-05
coh_eff(1982)    -0.577962 -2.58829e-05
coh_eff(1983)     0.581888  2.84647e-05
coh_eff(1984)     0.662105  2.67965e-05
coh_eff(1985)      1.15135  7.08232e-06
coh_eff(1986)   -0.0378493 -1.18984e-05
coh_eff(1987)     0.619849 -1.77379e-05
coh_eff(1988)   -0.0222032  1.46903e-05
coh_eff(1989)     -1.01852  2.36601e-05
coh_eff(1990)    -0.872083 -3.28193e-05
coh_eff(1991)    -0.963217 -7.72613e-06
coh_eff(1992)     0.852762  1.71467e-05
coh_eff(1993)      1.78828  1.42407e-05
coh_eff(1994)      0.50675  1.56482e-05
coh_eff(1995)    -0.980142  1.47264e-05
coh_eff(1996)   -0.0701878 -2.54231e-05
coh_eff(1997)     0.969765 -3.67358e-05
coh_eff(1998)     0.468247  5.29979e-06
coh_eff(1999)     0.395471  -3.5077e-06
coh_eff(2000)   -0.0684585  4.18838e-07
coh_eff(2001)     0.385649 -6.82135e-05
coh_eff(2002)     0.878651  3.88057e-05
coh_eff(2003)      1.45759 -3.61486e-05
coh_eff(2004)     0.414359  3.88977e-05
coh_eff(2005)    -0.801252   1.7798e-05
coh_eff(2006)     -1.12025 -3.68211e-05
coh_eff(2007)    -0.451529 -2.04564e-06
coh_eff(2008)     -1.66794  8.51893e-06
coh_eff(2009)    -0.772619 -1.22524e-05
coh_eff(2010)     -1.53472 -1.29558e-05
coh_eff(2011)     -2.03099  4.43919e-05
coh_eff(2012)     -1.88351  2.50152e-05
coh_eff(2013)     -1.15567 -3.88431e-06
coh_eff(2014)     0.725716  2.08409e-05
coh_eff(2015)     0.775548  0.000135799
coh_eff(2016)    0.0220587  6.11812e-06
coh_eff(2017)     0.326546  1.68926e-06
coh_eff(2018)     0.567605 -1.26712e-05
coh_eff(2019)      1.41456 -3.39526e-07
coh_eff(2020)     0.374874 -7.83684e-05
coh_eff(2021)     0.189904 -0.000394728
coh_eff(2022)      1.11949 -9.27697e-06
coh_eff(2023)      1.66812  3.24466e-06
coh_eff(2024)     0.354273  1.28379e-08
coh_eff(2025)            0            0
coh_eff(2026)            0            0
yr_eff(1970)            0            0
yr_eff(1971)     0.173551  6.61827e-07
yr_eff(1972)    -0.003007  3.29319e-06
yr_eff(1973)     0.308491  9.34376e-06
yr_eff(1974)     0.365071  1.37154e-05
yr_eff(1975)       1.5963  4.64949e-05
yr_eff(1976)     0.449983  2.82644e-05
yr_eff(1977)      2.08953  2.64147e-06
yr_eff(1978)     0.408933 -8.90928e-05
yr_eff(1979)      1.21191 -1.47329e-05
yr_eff(1980)      1.29396 -1.41182e-05
yr_eff(1981)     0.913714 -8.97216e-06
yr_eff(1982)     0.186395 -1.31621e-05
yr_eff(1983)     0.946769  6.69542e-05
yr_eff(1984)    -0.522567  2.13423e-05
yr_eff(1985)      0.19448 -2.13339e-05
yr_eff(1986)     -1.38398 -1.69082e-05
yr_eff(1987)    -0.523554  8.98349e-06
yr_eff(1988)    -0.965511   3.9157e-05
yr_eff(1989)    -0.691759  3.18313e-05
yr_eff(1990)     0.532204  -0.00013056
yr_eff(1991)      0.25475 -1.28665e-05
yr_eff(1992)     0.266519 -3.76374e-05
yr_eff(1993)      1.04645  -6.6873e-06
yr_eff(1994)     0.161365 -6.18922e-06
yr_eff(1995)    -0.266973  1.25894e-05
yr_eff(1996)    -0.495524  1.94649e-05
yr_eff(1997)    -0.103362  1.00757e-06
yr_eff(1998)    -0.399312 -1.64919e-05
yr_eff(1999)    -0.222823   -4.757e-05
yr_eff(2000)    -0.121403 -2.55466e-05
yr_eff(2001)     0.660468  8.02113e-06
yr_eff(2002)     0.129535 -3.29733e-05
yr_eff(2003)    0.0186953  3.21548e-05
yr_eff(2004)    -0.211623   3.2782e-05
yr_eff(2005)    -0.655893  2.33051e-05
yr_eff(2006)   -0.0297589   3.7665e-05
yr_eff(2007)      1.07527 -5.40761e-05
yr_eff(2008)     0.487862 -9.21461e-05
yr_eff(2009)      1.55114 -8.90551e-05
yr_eff(2010)     0.723351  7.98516e-06
yr_eff(2011)     0.870444  -1.7907e-05
yr_eff(2012)     0.236104  3.59979e-05
yr_eff(2013)     0.655274  6.54929e-05
yr_eff(2014)     0.787419  9.91939e-05
yr_eff(2015)     -2.04374  2.76541e-05
yr_eff(2016)    -0.258236  0.000145817
yr_eff(2017)    0.0174494  2.76215e-05
yr_eff(2018)    -0.798285 -9.31874e-06
yr_eff(2019)     0.881217 -7.89634e-05
yr_eff(2020)     -1.54825 -2.85727e-05
yr_eff(2021)     -1.33076 -4.67528e-05
yr_eff(2022)   -0.0141347 -0.000195751
yr_eff(2023)     -3.22027 -2.68816e-05
yr_eff(2024)     0.945711  9.28575e-07
yr_eff(2025)            0            0
yr_eff(2026)            0            0
yr_eff(2027)            0            0
yr_eff(2028)            0            0
yr_eff(2029)            0            0
