# Number of parameters = 1366 Objective function value = 7027.19001817725  Maximum gradient component = 0.00154329167146658
# log_avgrec:
9.83932605062
# log_avginit:
4.81993740356
# log_avg_F:
-1.42552976789
# natmort_phi:
0.00000000000
# log_q_bts:
0.00000000000
# log_q_std_area:
-0.600000000000
# bt_slope:
0.00000000000
# log_q_ats:
-0.685978116852
# log_Rzero:
10.0854303748
# steepness:
0.622652266079
# log_q_cpue:
0.0965582899268
# log_q_avo:
-8.24780712525
# log_initdevs:
 3.31480783408 2.83186060165 1.29773649899 0.470794102052 1.14533418409 0.351580248407 -0.785973187098 -1.24234624262 -1.23528621907 -1.23025252525 -1.22709475332 -1.22870181996 -1.23027787924 -1.23216707926
# log_rec_devs:
 -1.07670896963 0.111245390443 -0.220050707651 0.306164947130 0.162905931275 0.329759440360 0.223550627642 -0.264250190843 -0.466292596803 0.353573802597 0.0365092886756 -0.132740301220 -0.395508126565 -0.343006869542 0.262468245343 1.11294137749 0.374098832774 0.530564763082 -0.0274837992164 1.00207779481 -0.289974530310 0.551862710586 -0.402493507612 -0.974957781051 -1.23951446238 -0.502343831778 0.968439652600 0.342890228155 0.192278195808 0.859365980466 -0.185302690254 -0.544321667553 0.157044845433 0.453280283331 -0.248681918928 -0.165758113887 0.249116462228 0.596851648691 0.198565162462 -0.269490436796 -1.07088953754 -1.41426076174 -0.506319307141 0.259722951027 -0.364725333706 0.951211415161 0.182381357976 -0.322761118226 -0.460440851315 0.811797907960 0.960581023517 0.150279745432 -0.837609143759 -0.855675880490 -0.150116113838 1.44278981946 0.165254958759 -0.248979030305 -0.365389024419 0.0371973812810 0.00927285476947
# larv_rec_devs:
 0.00000000000 0.00000000000 0.00000000000 0.00000000000 0.00000000000 0.00000000000 0.00000000000 0.00000000000 0.00000000000 0.00000000000 0.00000000000
 0.00000000000 0.00000000000 0.00000000000 0.00000000000 0.00000000000 0.00000000000 0.00000000000 0.00000000000 0.00000000000 0.00000000000 0.00000000000
 0.00000000000 0.00000000000 0.00000000000 0.00000000000 0.00000000000 0.00000000000 0.00000000000 0.00000000000 0.00000000000 0.00000000000 0.00000000000
 0.00000000000 0.00000000000 0.00000000000 0.00000000000 0.00000000000 0.00000000000 0.00000000000 0.00000000000 0.00000000000 0.00000000000 0.00000000000
 0.00000000000 0.00000000000 0.00000000000 0.00000000000 0.00000000000 0.00000000000 0.00000000000 0.00000000000 0.00000000000 0.00000000000 0.00000000000
 0.00000000000 0.00000000000 0.00000000000 0.00000000000 0.00000000000 0.00000000000 0.00000000000 0.00000000000 0.00000000000 0.00000000000 0.00000000000
 0.00000000000 0.00000000000 0.00000000000 0.00000000000 0.00000000000 0.00000000000 0.00000000000 0.00000000000 0.00000000000 0.00000000000 0.00000000000
 0.00000000000 0.00000000000 0.00000000000 0.00000000000 0.00000000000 0.00000000000 0.00000000000 0.00000000000 0.00000000000 0.00000000000 0.00000000000
 0.00000000000 0.00000000000 0.00000000000 0.00000000000 0.00000000000 0.00000000000 0.00000000000 0.00000000000 0.00000000000 0.00000000000 0.00000000000
 0.00000000000 0.00000000000 0.00000000000 0.00000000000 0.00000000000 0.00000000000 0.00000000000 0.00000000000 0.00000000000 0.00000000000 0.00000000000
 0.00000000000 0.00000000000 0.00000000000 0.00000000000 0.00000000000 0.00000000000 0.00000000000 0.00000000000 0.00000000000 0.00000000000 0.00000000000
# log_F_devs:
 -0.650489952152 -0.625513325122 -0.703360064042 -0.163695542682 -0.177396086201 -0.135301109245 0.227484796694 0.574510828051 0.685481550923 0.815709572494 0.878773476129 0.686081727944 0.577242017960 0.466141178568 0.559972744931 0.610875598214 0.548372169901 0.243551191060 -0.189187303599 -0.387182899658 -0.427331008103 -0.430440044269 -0.514892334038 -0.831345281681 -0.524241134145 -0.495939688611 -0.0819433821230 0.126263673047 0.433587367606 0.00420031868039 -0.242021752535 -0.258307774010 -0.0866623421125 -0.0577230236121 -0.238942921798 -0.473721835146 -0.378164103542 -0.240331539903 -0.0754801165882 0.00184814368852 -0.0991827621193 -0.162831862292 0.0452730870671 0.126641480884 0.236091028212 0.214402480031 0.0325582025160 0.342328618962 0.354180568488 0.304953908968 0.252510509406 0.332453531041 0.0151197585383 -0.0115682815903 -0.225686950355 -0.109893259422 0.125136158100 0.0643325408397 -0.299078123943 -0.328068237512 -0.260154186791
# sigr:
1.00000000000
# sel_devs_fsh:
 0.0526968071826 0.0927311280195 0.143078068499 -0.0413396414082 -0.0416122269142 -0.0559131392308 -0.0479064112781 -0.0386973857318 -0.0278145451411 -0.0182239589725 -0.0109514923512 -0.00604213470457
 0.0600416946582 0.0999830613929 0.243235287776 -0.132242165224 -0.0949985594159 -0.0735468965161 -0.0521693151783 -0.0325375510942 -0.0195863177588 -0.00826847454150 0.00124978192932 0.00883766603391
 0.124764327351 0.100119311822 0.00653984244121 -0.00617347123253 -0.0470208348553 -0.0511828393652 -0.0482359721499 -0.0372888623447 -0.0244231850930 -0.0122458800863 -0.00437190073494 -0.000479673150955
 0.131855654742 0.0668434471515 0.157045932690 -0.105373562211 -0.101598893127 -0.0920919477743 -0.0789801205524 -0.0233305208924 -0.00482142322814 0.0101890092097 0.0173323135256 0.0229319563527
 0.187739502301 0.136861855698 -0.0322753531191 -0.251461045654 -0.122807332762 -0.107393663135 -0.0494300223118 0.0100062863515 0.0367938800980 0.0525799264496 0.0596307991426 0.0797575614458
 0.0102695200375 0.0286872541549 -0.0800695053449 -0.0486580335536 -0.00106139597159 -0.0141884500966 -0.0489408122480 0.00648555675195 0.0276203853918 0.0327247836988 0.0373331375745 0.0497975928022
 -0.232738779152 0.197761401457 0.116591873998 0.0805994076600 -0.0208066700198 -0.00740954037109 -0.0167797489102 -0.0307696998548 -0.0139799425280 -0.0164828365304 -0.0229204275919 -0.0330665477006
 -0.253196123492 0.107661410019 0.0693387903067 0.0501650628521 0.0394979727483 0.0488487401233 0.0290414430502 0.000193670121535 -0.0102867857849 -0.0176261414444 -0.0257374561442 -0.0379008179653
 -0.210744583564 0.146000000981 0.180857307876 0.0371144578185 0.00767446056407 -0.00322374581447 -0.00253363537208 -0.0279342778766 -0.0210768386273 -0.0250625262014 -0.0325467069061 -0.0485240776583
 -0.193937832163 -0.175141163578 0.130405840557 0.0806726623171 0.0446282312260 0.0371529112390 0.0350429631661 -0.00312453599346 0.00571245547018 0.0128940057465 0.0127748726678 0.0129196841636
 -0.192556121053 -0.0723648584895 -0.0837672245449 0.0898368038227 0.0753307702911 0.0629199998475 0.0561817484249 0.0157700892162 0.0120274801856 0.0132685352570 0.0125421740843 0.0108117099811
 -0.182765097453 0.0176832967624 -0.132389137721 -0.0525456980976 0.0572326148815 0.0615312719939 0.0602386528951 0.0361822703143 0.0285192214342 0.0343438727388 0.0355629825135 0.0364008151600
 -0.223950381371 -0.141014070486 -0.0442601745947 -0.0295558911585 0.0435849164886 0.0539880210425 0.0676790507923 0.0674638268957 0.0551471718624 0.0498028421641 0.0508458210547 0.0502683708252
 -0.179526399083 -0.379501724988 -0.172967899070 -0.0430820775376 0.0825900207419 0.139299754257 0.123149332147 0.123111026135 0.0993524327465 0.0721509167596 0.0688897028291 0.0665370459459
 -0.198443305412 -0.486918854140 -0.274373662589 0.0658188169568 0.114840457532 0.150613800667 0.147688423367 0.138729890665 0.0949043079629 0.0844884354137 0.0828592358600 0.0797932085602
 -0.165011135346 -0.272647722407 -0.279231885261 -0.0223386432959 0.116610543837 0.0846328123961 0.0932589987786 0.0976531629729 0.0921826868964 0.0860642079242 0.0836462065503 0.0851861176268
 -0.130440766605 -0.102040456004 -0.300726813755 -0.0208040866011 0.0262208064909 0.0654751244254 0.0650559987070 0.0733539223045 0.0778351910749 0.0796914703816 0.0816929425023 0.0846856328155
 -0.147408636471 0.102470962140 -0.0849743032389 -0.162199577054 -0.0758964064903 0.0429022283101 0.0365953592383 0.0333720603922 0.0515489154476 0.0595373195566 0.0686748812076 0.0753750497930
 -0.135948947782 -0.150897864210 0.0626407416189 -0.0682968763726 0.0615510718918 0.00758336396161 0.0352179211818 0.0269806543833 0.0274900304342 0.0325668810893 0.0468445131837 0.0542695066642
 -0.151835712576 0.0453764971124 0.138985904538 -0.0780802293987 -0.230083805549 0.0733194892092 0.0428605389646 0.0425833140086 0.0187756157579 0.0245159675140 0.0334302838135 0.0401514409061
 -0.159510454303 -0.0312288728151 0.0773359520125 0.164135449772 -0.0160355932490 -0.0740014403444 0.0221907270932 -0.0305203038513 0.0229047288038 0.00410082951002 0.00286003088896 0.0177686298701
 -0.161088844040 -0.0781148381637 0.122086374275 -0.0843610786962 0.0135817817226 -0.0374550950339 -0.0958487877471 0.135934894462 0.0866802847985 0.0637977019383 0.0286214627855 0.00616523683962
 -0.194296862236 -0.114743657993 0.461375767097 0.0449857262408 0.123974844668 -0.0530133469293 0.133478287519 -0.0935310346466 -0.0904509777612 -0.111794178988 -0.0653177576796 -0.0406648254803
 -0.162910898520 -0.0738626164700 -0.382007152569 0.167776103379 0.0361093568534 0.0818947642289 0.126741895233 0.104959902788 0.0260230264062 0.0689070017539 0.0218267923899 -0.0154545400965
 -0.153426998622 -0.0417284971120 -0.345392525658 0.0386716983738 0.183469076032 0.0579781222093 -0.0286565896741 0.0452702044903 0.0590871452717 -0.0172043481135 0.129146186080 0.0727867688363
 -0.0808052494004 0.00240777227404 -0.370786004089 -0.322983282605 -0.222728465237 -0.0618764210980 0.126385674124 -0.0289284367226 0.165071219639 0.104365195642 0.353755108629 0.336121738260
 -0.156305431587 -0.0679508391542 0.502075394542 -0.260694641507 -0.344575818749 -0.0417396846192 -0.0280479904268 0.214353355269 0.107586274003 0.232740402262 -0.112468555573 -0.0449564558938
 -0.144482029738 -0.489648018045 -0.0316404091210 0.795384651474 0.00120863909852 0.0149186513983 0.0876033470344 0.0258988184201 -0.0131564326788 -0.0512587740557 -0.126275735099 -0.0685536159347
 -0.0512289330333 0.0105978329986 -0.777172796105 -0.298204029466 0.905825220745 0.260121733969 0.0242137414908 -0.0232510263451 -0.0318770986150 -0.00624568864806 0.0230138417312 -0.0357934626259
 -0.0206354533924 0.181072138143 -0.285340462493 -0.687036323336 -0.361000356067 0.463595925534 0.148668727105 0.164598357124 0.135066916958 0.117908315709 0.0871202238789 0.0559797556845
 -0.0348066806664 0.517055477411 0.268272040235 -0.788225424530 -0.739860419557 -0.358194568559 0.271512352737 0.308987910064 0.227552566580 0.155473988554 0.100608751344 0.0716231656565
 -0.134935459952 0.353638085229 0.155927407163 0.642968329939 -0.00793326830353 -0.404149607668 -0.411359083833 -0.307085298368 -0.00338636115815 0.0315197567746 0.0392365163285 0.0455580894552
 -0.108297585839 -0.379546215148 0.292081627592 0.243213939660 0.175632818979 0.285587934499 -0.233996599195 -0.0648225677308 -0.0777709825088 -0.0491166016067 -0.0468213001486 -0.0361448133315
 -0.153678133720 -0.383167155343 0.834584695288 0.473076947916 0.151169666831 -0.261257977338 0.254961621434 -0.108088378617 -0.279062322689 -0.247142790273 -0.177211615640 -0.104180811624
 -0.0807042538172 -0.153097365014 -0.558733990657 0.308938024033 0.437685683509 0.0154044146337 -0.0424085882024 0.238544054176 0.0218779173892 -0.0533267501308 -0.0562460460601 -0.0779240291594
 -0.0361596152478 -0.201501815518 -0.452301212593 -0.308148292502 0.257749049722 0.628941325090 0.145594325175 -0.103505766915 0.0294184446572 0.0373556047963 0.0236597077254 -0.0211044898571
 -0.0804146805753 0.169420214855 0.0808387192578 -0.0153179906731 -0.227080962349 0.0644066981658 0.0817750050548 0.0636276465720 0.0445092756377 -0.0209302538127 -0.0841751860495 -0.0766624027572
 -0.0844096938271 -0.339428858328 0.675661460313 -0.0561960639856 0.0365250551890 -0.173528693668 0.0376371500545 0.0446203752755 0.0111271030043 -0.0105468820568 -0.0757591175509 -0.0656967813889
 -0.0389047083901 -0.147240276079 -0.674752599651 0.726605850829 0.0331802961730 -0.115776941750 -0.00291832199094 0.0251592166143 0.0489318100659 0.0556063087337 0.0739724833515 0.0161340434894
 -0.0681035362981 0.0772559495233 -0.000392301022280 -0.328941087196 0.435356457710 0.254249657816 -0.110401668011 -0.154408934355 -0.0598400857402 0.00299468949250 0.000107265868866 -0.0478754427152
 -0.0967471413011 0.0958413828813 0.561730347838 -0.0736906248271 -0.303756384183 -0.0541090467787 -0.0609333763465 -0.0293612328934 -0.0744750915267 -0.0330067175317 0.0186802731166 0.0498339849371
 -0.0563423889915 0.0367235393526 -0.0503199450219 0.0142005472633 -0.0436957131459 0.0103391693543 0.0255670135801 -0.0614016995038 -0.0284469660086 0.00359110802245 0.0518233843554 0.0979627438915
 -0.00617580430469 -0.0623367214708 -0.532278424460 -0.139728383559 -0.0803417217454 0.0387812401594 0.0609075208134 0.129452774329 0.146656743864 0.0809388508128 0.167286455855 0.196831943548
 -0.0360156688373 -0.346727151427 0.197237341695 0.0477923490916 -0.146218077557 -0.0875297891364 -0.0493593130000 -0.0135784720099 0.00375700170422 0.153222750621 0.151633754842 0.125788036733
 0.00359213983656 0.0776469741113 -0.611961678646 0.446066693513 0.170720419531 -0.251205349110 -0.0680083225520 0.0894754553580 0.0938253511785 0.0251865635417 -0.0307630807903 0.0554281109571
 0.0100543061029 -0.0567517061529 0.0388553502006 -1.07754829805 0.428244004847 0.361169422663 0.132548552799 0.0164280703321 0.0217446323683 0.0946234618803 0.0578490379395 -0.0272054115482
 -0.0249557212770 0.199776981078 0.182078519833 0.606390078723 -1.09033293475 -0.0145986629794 0.0142338870770 0.0382970111829 0.0233917900199 -0.0442386617304 0.0290674323978 0.0809199086752
 0.00930665613263 -0.201794880871 0.0284622432828 -0.132985606336 0.499618522816 -0.618938448663 -0.132118909242 0.0707560907691 0.129556235059 0.142559869637 0.109192951976 0.0963928639605
 -0.0209967008514 0.154503777786 -0.0370443931361 -0.138249771892 -0.104019897880 0.279210352401 0.124051746580 -0.138362283227 -0.114924808718 -0.000454203584410 -0.00484296380492 0.00113206283651
 -0.0162082785208 -0.519925899269 1.09717780131 0.191537793824 -0.171121731540 -0.0964887470776 -0.172712090260 -0.133096405137 -0.108945962910 -0.0328841380511 -0.0213146095929 -0.0160301270084
 0.0695249248824 -0.114048436922 -1.46772542230 1.08284172122 0.304802860625 0.0321460699987 -0.0722521874285 0.228051087053 0.0796064209830 -0.0825848252212 -0.0260514394493 -0.0343096382654
 0.0579176640842 0.147444479468 -0.299939500776 -1.11286891345 0.616456222470 0.352640451452 0.216448772828 -0.0733587956203 0.100334836091 0.0496404262747 -0.0278686440355 -0.0268459149408
 0.0341451497564 0.197931092272 0.0736135459312 -0.562231451650 0.0519727796338 0.215199317215 0.120567659397 0.111004614715 -0.0473310409920 -0.0752291668422 -0.0676646121503 -0.0519803585003
 0.0878428861133 0.780042795169 0.158461710381 -0.632731126325 -1.39025320962 0.0644638848286 0.490565749994 0.276438235718 0.176640531806 0.153783508525 -0.0539226493950 -0.111329514370
 0.129946208551 1.00171116833 0.666763239919 0.762945944304 0.227098623478 -0.539699812143 -0.661129936046 -0.607750164384 -0.346097581547 -0.295262007664 -0.144305479320 -0.194219504697
 -0.0331724807978 0.360837029310 0.931835804568 -0.152666190467 -0.0956043123807 -0.558482332336 -0.176118347123 0.105343558598 -0.109788433112 -0.113854276520 -0.0948113962628 -0.0635105367632
 0.00490339780329 0.0771163988040 -0.360360921307 0.640894722081 0.130437494420 -0.00412204085670 -0.166874861945 -0.0475756088171 -0.0937703965814 -0.153958092008 -0.0299751947567 0.00328890548913
 0.0282162159543 -0.311433402566 -0.191248322521 -0.0615660610799 0.614442407949 0.309374834713 -0.259738038776 -0.161492487712 -0.0199422343281 0.0340593869945 -0.00346935148032 0.0227964590407
 3.19175803210e-06 0.00131627391848 0.00191884579079 0.0693509511299 -0.126289236506 -0.0896088254489 0.0324377417558 -0.0173295929487 -0.0169634808166 0.0170318074661 0.0192959894854 0.108838116479
# sel_devs_bts:
 0.00000000000 0.00000000000 0.00000000000 0.00000000000 0.00000000000 0.00000000000 0.00000000000 0.00000000000
 0.00000000000 0.00000000000 0.00000000000 0.00000000000 0.00000000000 0.00000000000 0.00000000000 0.00000000000
 0.00000000000 0.00000000000 0.00000000000 0.00000000000 0.00000000000 0.00000000000 0.00000000000 0.00000000000
 0.00000000000 0.00000000000 0.00000000000 0.00000000000 0.00000000000 0.00000000000 0.00000000000 0.00000000000
 0.00000000000 0.00000000000 0.00000000000 0.00000000000 0.00000000000 0.00000000000 0.00000000000 0.00000000000
 0.00000000000 0.00000000000 0.00000000000 0.00000000000 0.00000000000 0.00000000000 0.00000000000 0.00000000000
 0.00000000000 0.00000000000 0.00000000000 0.00000000000 0.00000000000 0.00000000000 0.00000000000 0.00000000000
 0.00000000000 0.00000000000 0.00000000000 0.00000000000 0.00000000000 0.00000000000 0.00000000000 0.00000000000
 0.00000000000 0.00000000000 0.00000000000 0.00000000000 0.00000000000 0.00000000000 0.00000000000 0.00000000000
 0.00000000000 0.00000000000 0.00000000000 0.00000000000 0.00000000000 0.00000000000 0.00000000000 0.00000000000
 0.00000000000 0.00000000000 0.00000000000 0.00000000000 0.00000000000 0.00000000000 0.00000000000 0.00000000000
 0.00000000000 0.00000000000 0.00000000000 0.00000000000 0.00000000000 0.00000000000 0.00000000000 0.00000000000
 0.00000000000 0.00000000000 0.00000000000 0.00000000000 0.00000000000 0.00000000000 0.00000000000 0.00000000000
 0.00000000000 0.00000000000 0.00000000000 0.00000000000 0.00000000000 0.00000000000 0.00000000000 0.00000000000
 0.00000000000 0.00000000000 0.00000000000 0.00000000000 0.00000000000 0.00000000000 0.00000000000 0.00000000000
 0.00000000000 0.00000000000 0.00000000000 0.00000000000 0.00000000000 0.00000000000 0.00000000000 0.00000000000
 0.00000000000 0.00000000000 0.00000000000 0.00000000000 0.00000000000 0.00000000000 0.00000000000 0.00000000000
 0.00000000000 0.00000000000 0.00000000000 0.00000000000 0.00000000000 0.00000000000 0.00000000000 0.00000000000
 0.00000000000 0.00000000000 0.00000000000 0.00000000000 0.00000000000 0.00000000000 0.00000000000 0.00000000000
 0.00000000000 0.00000000000 0.00000000000 0.00000000000 0.00000000000 0.00000000000 0.00000000000 0.00000000000
 0.00000000000 0.00000000000 0.00000000000 0.00000000000 0.00000000000 0.00000000000 0.00000000000 0.00000000000
 0.00000000000 0.00000000000 0.00000000000 0.00000000000 0.00000000000 0.00000000000 0.00000000000 0.00000000000
 0.00000000000 0.00000000000 0.00000000000 0.00000000000 0.00000000000 0.00000000000 0.00000000000 0.00000000000
 0.00000000000 0.00000000000 0.00000000000 0.00000000000 0.00000000000 0.00000000000 0.00000000000 0.00000000000
 0.00000000000 0.00000000000 0.00000000000 0.00000000000 0.00000000000 0.00000000000 0.00000000000 0.00000000000
 0.00000000000 0.00000000000 0.00000000000 0.00000000000 0.00000000000 0.00000000000 0.00000000000 0.00000000000
 0.00000000000 0.00000000000 0.00000000000 0.00000000000 0.00000000000 0.00000000000 0.00000000000 0.00000000000
 0.00000000000 0.00000000000 0.00000000000 0.00000000000 0.00000000000 0.00000000000 0.00000000000 0.00000000000
 0.00000000000 0.00000000000 0.00000000000 0.00000000000 0.00000000000 0.00000000000 0.00000000000 0.00000000000
 0.00000000000 0.00000000000 0.00000000000 0.00000000000 0.00000000000 0.00000000000 0.00000000000 0.00000000000
 0.00000000000 0.00000000000 0.00000000000 0.00000000000 0.00000000000 0.00000000000 0.00000000000 0.00000000000
 0.00000000000 0.00000000000 0.00000000000 0.00000000000 0.00000000000 0.00000000000 0.00000000000 0.00000000000
 0.00000000000 0.00000000000 0.00000000000 0.00000000000 0.00000000000 0.00000000000 0.00000000000 0.00000000000
 0.00000000000 0.00000000000 0.00000000000 0.00000000000 0.00000000000 0.00000000000 0.00000000000 0.00000000000
 0.00000000000 0.00000000000 0.00000000000 0.00000000000 0.00000000000 0.00000000000 0.00000000000 0.00000000000
 0.00000000000 0.00000000000 0.00000000000 0.00000000000 0.00000000000 0.00000000000 0.00000000000 0.00000000000
 0.00000000000 0.00000000000 0.00000000000 0.00000000000 0.00000000000 0.00000000000 0.00000000000 0.00000000000
 0.00000000000 0.00000000000 0.00000000000 0.00000000000 0.00000000000 0.00000000000 0.00000000000 0.00000000000
 0.00000000000 0.00000000000 0.00000000000 0.00000000000 0.00000000000 0.00000000000 0.00000000000 0.00000000000
 0.00000000000 0.00000000000 0.00000000000 0.00000000000 0.00000000000 0.00000000000 0.00000000000 0.00000000000
 0.00000000000 0.00000000000 0.00000000000 0.00000000000 0.00000000000 0.00000000000 0.00000000000 0.00000000000
 0.00000000000 0.00000000000 0.00000000000 0.00000000000 0.00000000000 0.00000000000 0.00000000000 0.00000000000
# sel_devs_ats:
 0.129505005822 0.128912996154 0.122818509454 0.120755663068 0.126510765296 0.128134265337 0.127107273601
 0.141442972447 0.142009426269 0.133637425530 0.135312059380 0.138342554942 0.138487572418 0.141040422473
 0.153661614794 0.165080538752 0.173167850139 0.162801223179 0.161236006313 0.158468230280 0.143207703804
 0.161056713177 0.180315263164 0.188790304736 0.181293559926 0.175124853973 0.169112115723 0.149423980248
 0.167290025964 0.189852389444 0.197305590189 0.188807367329 0.182280491894 0.178598713980 0.158266348069
 0.174679538373 0.179861999763 0.193068919191 0.191312001292 0.185249884584 0.171503842521 0.168845057172
 0.187092598145 0.186932590382 0.185152952383 0.190644797450 0.189646481571 0.179199449194 0.174450295433
 0.187650061978 0.192239371191 0.191390827665 0.193415504181 0.193804631872 0.184894440395 0.178749110674
 0.174524208783 0.173264075825 0.186688827349 0.190035596339 0.185394720107 0.186692435547 0.190610796432
 0.173940470731 0.176267086082 0.192631180143 0.192398811465 0.188671118903 0.190624975985 0.193810064354
 0.182983138188 0.168247953796 0.155513854616 0.168006241264 0.180854342007 0.189738918308 0.196541075459
 0.175769707466 0.163001729948 0.153884836627 0.164039665627 0.176694504501 0.186360880694 0.192735554318
 0.174689934993 0.165690145817 0.167174973267 0.182263998883 0.189581167511 0.188046403348 0.185039552014
 0.177713458720 0.163310881793 0.159239898800 0.163863273061 0.169539749938 0.175921958729 0.189326759596
 0.185708370837 0.164077733214 0.158248010014 0.167802030961 0.176703231892 0.180234744252 0.183715404183
 0.179376417267 0.173523781517 0.155854247027 0.150209343535 0.156909322504 0.160997139213 0.153468461213
 0.164240599376 0.151581987642 0.127338880121 0.130967663847 0.138073135021 0.140625307749 0.132572734645
 0.150263127291 0.138824333744 0.102088374003 0.117130749766 0.121343693001 0.121804456955 0.111660871264
 0.141422045544 0.151473436022 0.157574562887 0.126293301542 0.125691644109 0.107602338178 0.0849708433042
 0.134670118449 0.140673681975 0.139823055155 0.120121344921 0.118983534320 0.0992009229981 0.0712098282374
 0.101870622321 0.145276676494 0.127169970836 0.0993036908221 0.0860238935729 0.104169095260 0.0849638423857
 0.0722878578453 0.0947655196737 0.112888355004 0.0810344482901 0.0715451345370 0.0768787470007 0.103181821783
 0.0780613517459 0.0560076501676 0.0488687425656 0.0629155841669 0.0690874160146 0.0788665689272 0.104977583635
 0.0716876763299 0.0611974229706 0.0604258851256 0.0616460244557 0.0681213724260 0.0802826619068 0.0983928236583
 0.0725791633257 0.0731299416529 0.0976662388655 0.104593447643 0.0875888553873 0.0787933641590 0.0862771586450
 0.0786744870561 0.0846210137326 0.105148372815 0.102871195068 0.0885624716398 0.0881145161097 0.0974802860570
 0.0854106820125 0.0932147904619 0.113821847105 0.106097774711 0.0958330021542 0.0977521428560 0.105382427068
 0.0879085788480 0.0945337701862 0.124285499825 0.107656017934 0.100335680518 0.105027850485 0.112286713494
 0.0999938566129 0.0965452977393 0.0800619726313 0.0979105999087 0.100623144646 0.110385432894 0.118043175081
 0.0947703517080 0.0952870233164 0.0872098484616 0.0985118861670 0.0961251135092 0.110903814673 0.117109551421
# sel_coffs_fsh:
 -4.10314257384 -2.16236487699 -0.881285099854 0.358991660868 0.339234944717 0.310117162688 0.269729245128 0.229339407165 0.194220670246 0.166513995182 0.144661470804 0.127746524401
# sel_coffs_bts:
 -0.0100000000000 -0.0100000000000 -0.0100000000000 -0.0100000000000 -0.0100000000000 -0.0100000000000 -0.0100000000000 -0.0100000000000
# sel_coffs_ats:
 -0.0525952295881 -0.0582062085805 -0.0355904099383 0.0128990475406 0.0571262420195 0.121013408716 0.193901075784
# sel_slp_bts:
0.995958249516
# sel_a50_bts:
6.21676516990
# sel_age_one_bts:
-3.20350859969
# sel_slp_bts_dev:
 -0.713678733852 0.0427125051428 0.00446140389863 -0.404869562740 -0.346226198141 -0.443075500227 -0.543770370044 -0.430683653364 0.326552723398 0.218570894117 0.167592580553 0.310174254587 0.275881039786 0.228498052319 -0.141569221632 -0.292824279032 -0.515830670989 -0.610275660554 -0.343206383608 -0.487103157103 -0.0674809092132 0.169195875327 0.0814890493835 0.215269317741 -0.0762465152512 0.328645257446 0.526585999060 0.219675799761 0.749548438498 0.545921966250 0.202809584909 0.294070481834 0.523537876375 0.428932980544 0.431602356147 0.257971135066 -0.335562994392 -0.000968921566926 -0.123820728905 -0.213879185630 -0.00200802737289 -0.289213948461 -0.167404950063
# sel_a50_bts_dev:
 -0.00891919563998 -0.157059715360 -0.0342607146806 0.0765884258272 0.0998060754084 0.0608107216216 -0.0544811915959 -0.101486865948 -0.208441317464 -0.129533002708 -0.132363732644 -0.168223246472 -0.0874994613405 0.00454447361883 0.187041276750 0.223475084357 0.313897558990 0.277513926911 0.143526644742 0.178520313251 0.0549731219201 0.00730287890120 0.0391534132539 -0.0196568109655 0.0890562570440 -0.0802054321551 -0.113335986876 -0.0233777060496 -0.210737937060 -0.0930750250242 -0.0492920542454 -0.0765520086382 -0.160210429181 -0.207995687519 -0.149496879529 -0.0718746439570 0.152278609721 -0.0185081593571 0.0595348813503 0.130382453942 0.0351844510561 0.185432657544 0.0375639782004
# sel_age_one_bts_dev:
 -0.0397559007029 -0.000401823322531 0.0334255319380 -0.221734196148 -0.406341076677 -0.242070778803 -0.295495714781 -0.0588802802566 0.0885734531831 -0.172101221893 -0.0350819004312 0.0173007687567 -0.0943934425717 -0.118765031951 -0.113668706150 -0.0157622364903 0.0454305979086 0.0970480864137 0.175100866797 0.0593082193886 0.0626548253547 0.218630740933 0.0420747184135 -0.0317284712836 -0.0412156478793 -0.0677987853017 0.156428125884 0.332944733797 0.298126807238 -0.106836405259 -0.0903822773839 0.170849965449 0.133547629329 0.0327928438088 -0.0743556145911 -0.0908491133383 -0.0555660744487 0.224181029179 0.119024912144 0.0138688215768 0.0523255022915 0.0164554539905 -0.0169089341124
# sel_dif1_fsh:
1.00000000000
# sel_a501_fsh:
3.00000000000
# sel_trm2_fsh:
0.900000000000
# sel_dif2_fsh:
5.00000000000
# sel_dif1_fsh_dev:
 0.00000000000 0.00000000000 0.00000000000 0.00000000000 0.00000000000 0.00000000000 0.00000000000 0.00000000000 0.00000000000 0.00000000000 0.00000000000 0.00000000000 0.00000000000 0.00000000000 0.00000000000 0.00000000000 0.00000000000 0.00000000000 0.00000000000 0.00000000000 0.00000000000 0.00000000000 0.00000000000 0.00000000000 0.00000000000 0.00000000000 0.00000000000 0.00000000000 0.00000000000 0.00000000000 0.00000000000 0.00000000000 0.00000000000 0.00000000000 0.00000000000 0.00000000000 0.00000000000 0.00000000000 0.00000000000 0.00000000000 0.00000000000 0.00000000000 0.00000000000 0.00000000000 0.00000000000 0.00000000000 0.00000000000 0.00000000000 0.00000000000 0.00000000000 0.00000000000 0.00000000000 0.00000000000 0.00000000000 0.00000000000 0.00000000000 0.00000000000 0.00000000000 0.00000000000 0.00000000000 0.00000000000
# sel_a501_fsh_dev:
 0.00000000000 0.00000000000 0.00000000000 0.00000000000 0.00000000000 0.00000000000 0.00000000000 0.00000000000 0.00000000000 0.00000000000 0.00000000000 0.00000000000 0.00000000000 0.00000000000 0.00000000000 0.00000000000 0.00000000000 0.00000000000 0.00000000000 0.00000000000 0.00000000000 0.00000000000 0.00000000000 0.00000000000 0.00000000000 0.00000000000 0.00000000000 0.00000000000 0.00000000000 0.00000000000 0.00000000000 0.00000000000 0.00000000000 0.00000000000 0.00000000000 0.00000000000 0.00000000000 0.00000000000 0.00000000000 0.00000000000 0.00000000000 0.00000000000 0.00000000000 0.00000000000 0.00000000000 0.00000000000 0.00000000000 0.00000000000 0.00000000000 0.00000000000 0.00000000000 0.00000000000 0.00000000000 0.00000000000 0.00000000000 0.00000000000 0.00000000000 0.00000000000 0.00000000000 0.00000000000 0.00000000000
# sel_trm2_fsh_dev:
 0.00000000000 0.00000000000 0.00000000000 0.00000000000 0.00000000000 0.00000000000 0.00000000000 0.00000000000 0.00000000000 0.00000000000 0.00000000000 0.00000000000 0.00000000000 0.00000000000 0.00000000000 0.00000000000 0.00000000000 0.00000000000 0.00000000000 0.00000000000 0.00000000000 0.00000000000 0.00000000000 0.00000000000 0.00000000000 0.00000000000 0.00000000000 0.00000000000 0.00000000000 0.00000000000 0.00000000000 0.00000000000 0.00000000000 0.00000000000 0.00000000000 0.00000000000 0.00000000000 0.00000000000 0.00000000000 0.00000000000 0.00000000000 0.00000000000 0.00000000000 0.00000000000 0.00000000000 0.00000000000 0.00000000000 0.00000000000 0.00000000000 0.00000000000 0.00000000000 0.00000000000 0.00000000000 0.00000000000 0.00000000000 0.00000000000 0.00000000000 0.00000000000 0.00000000000 0.00000000000 0.00000000000
# rec_dev_future:
 0.00000000000 0.00000000000 0.00000000000 0.00000000000 0.00000000000
# M_dev:
 0.00000000000 0.00000000000 0.00000000000 0.00000000000 0.00000000000 0.00000000000 0.00000000000 0.00000000000 0.00000000000 0.00000000000 0.00000000000 0.00000000000 0.00000000000 0.00000000000 0.00000000000 0.00000000000 0.00000000000 0.00000000000 0.00000000000 0.00000000000 0.00000000000 0.00000000000 0.00000000000 0.00000000000 0.00000000000 0.00000000000 0.00000000000 0.00000000000 0.00000000000 0.00000000000 0.00000000000 0.00000000000 0.00000000000 0.00000000000 0.00000000000 0.00000000000 0.00000000000 0.00000000000 0.00000000000 0.00000000000 0.00000000000 0.00000000000 0.00000000000 0.00000000000 0.00000000000 0.00000000000 0.00000000000 0.00000000000 0.00000000000 0.00000000000 0.00000000000 0.00000000000 0.00000000000 0.00000000000 0.00000000000 0.00000000000 0.00000000000 0.00000000000 0.00000000000 0.00000000000
# L1:
28.2780669242
# L2:
46.0963290591
# log_alpha:
-11.0000000000
# log_K:
-0.127712247459
# d_scale:
 0.524271024336 0.704796053039 0.765596310764 0.829605777025 0.869713541315 0.932864143644 0.978332033815 0.974084130442 0.994010020397 0.933090200778 0.952799189798 0.861008010390 1.00250078332
# coh_eff:
 0.00000000000 0.00000000000 0.00000000000 0.00000000000 0.00000000000 0.00000000000 0.00000000000 0.00000000000 0.00000000000 0.00000000000 0.00000000000 0.00000000000 0.00000000000 0.00000000000 0.00000000000 0.00000000000 -0.195725567004 0.270194243002 0.0178917610650 0.507851672678 -0.424947087472 0.557310692188 -0.494053074768 0.447582162251 0.0390410674073 -0.116122327799 -0.431928491313 -0.590148869957 0.549419381696 0.649129396176 1.12421050818 -0.0507819811975 0.605563431306 -0.0270274041026 -1.01445178386 -0.880882586485 -0.972450487580 0.848661020547 1.78563177699 0.499990169809 -0.989846749570 -0.0785233566525 0.964749464670 0.464439775041 0.393605577538 -0.0710531282386 0.382437832158 0.875274555715 1.45540095784 0.411144078066 -0.804029007241 -1.12250300187 -0.453700834550 -1.67131731550 -0.775240195996 -1.53854969125 -2.03471550786 -1.88593704095 -1.15802440965 0.720734676493 0.774457939788 0.0191161655153 0.321800008150 0.564117571494 1.40880576493 0.370852633991 0.189006847528 1.11705018827 1.66502091934 0.353910925452 0.00000000000 0.00000000000
# yr_eff:
 0.00000000000 0.182047156191 -0.0368478609724 0.255811625353 0.285238837818 1.41123254466 0.323892532556 1.80156403805 0.261988634188 0.994124886758 1.05416206334 0.686783127988 -0.0135118802977 0.710121641645 -0.714577699799 -0.0426537340905 -1.56817937996 -0.750080693748 -1.17331667824 -0.904121325155 0.295508619123 0.0313348221894 0.0445351473779 0.820972003891 -0.0655038665560 -0.492022038307 -0.720847168033 -0.326736573225 -0.623959442865 -0.447259924074 -0.347642121345 0.433006640879 -0.0962548862156 -0.206934530111 -0.437963893094 -0.880862663017 -0.255303400004 0.847881974322 0.262083537268 1.32470161462 0.497071369121 0.644254185589 0.0107439276060 0.428681154252 0.558671145178 -2.25875918488 -0.485372980831 -0.209311782566 -1.02216179813 0.652145163553 -1.76718716822 -1.55095930312 -0.242907046118 -3.43125733189 0.849623232321 0.00000000000 0.00000000000 0.00000000000 0.00000000000 0.00000000000
# resid_temp_x1:
0.00000000000
# resid_temp_x2:
0.00000000000
# log_a_II:
 -6.00000000000 -6.00000000000 -6.00000000000
 -6.00000000000 -6.00000000000 -6.00000000000
# log_b_II:
 6.00000000000 6.00000000000 6.00000000000
 6.00000000000 6.00000000000 6.00000000000
# log_a_II_vec:
 -4.00000000000 -4.00000000000
# log_b_II_vec:
 2.50000000000 2.50000000000
# log_rho:
 -2.50000000000 -2.50000000000 -2.50000000000
 -2.50000000000 -2.50000000000 -2.50000000000
# log_resid_M:
 -1.45000000000 -1.45000000000 -1.45000000000
