ParName   Value   Gradient
log_avgrec       10.885     -7522.28
log_avginit      6.35068     -173.284
log_avg_F     -3.49568     -5319.47
log_q_cpue     -1.23589      216.508
log_q_avo     -9.61887     -20.9138
L1       28.451      54717.4
L2      46.3179      30963.7
log_K    -0.122963     -40767.6
coh_eff(1955)            0            0
coh_eff(1956)            0            0
coh_eff(1957)            0            0
coh_eff(1958)            0            0
coh_eff(1959)            0            0
coh_eff(1960)            0            0
coh_eff(1961)            0            0
coh_eff(1962)            0            0
coh_eff(1963)            0            0
coh_eff(1964)            0            0
coh_eff(1965)            0            0
coh_eff(1966)            0            0
coh_eff(1967)            0            0
coh_eff(1968)            0            0
coh_eff(1969)            0            0
coh_eff(1970)            0            0
coh_eff(1971)    -0.180136     -1.22461
coh_eff(1972)     0.264142    -0.547789
coh_eff(1973)    0.0080075    -0.257934
coh_eff(1974)     0.826292         4.59
coh_eff(1975)     0.264044      15.1615
coh_eff(1976)      1.85268      51.8948
coh_eff(1977)     0.674684      117.312
coh_eff(1978)       1.7628      79.6983
coh_eff(1979)     0.338696      139.155
coh_eff(1980)    -0.483314      133.321
coh_eff(1981)      -1.6445      145.758
coh_eff(1982)     -2.94349      78.1934
coh_eff(1983)     -1.81374      201.388
coh_eff(1984)     -1.20633      153.962
coh_eff(1985)     -1.09946      350.703
coh_eff(1986)     -2.81204      58.1815
coh_eff(1987)     -1.02602      383.012
coh_eff(1988)     -1.27525      223.024
coh_eff(1989)     -2.84878       61.588
coh_eff(1990)      -3.2737     -207.579
coh_eff(1991)     -2.31618     -379.507
coh_eff(1992)     -0.45618     -2948.78
coh_eff(1993)      1.84299      1332.31
coh_eff(1994)     0.346738      605.294
coh_eff(1995)     -1.14327      2773.23
coh_eff(1996)     -1.50547      706.253
coh_eff(1997)   -0.0643633       996.58
coh_eff(1998)    -0.122907      4360.99
coh_eff(1999)     0.179561     -1971.78
coh_eff(2000)     0.235611     -438.539
coh_eff(2001)    -0.224249     -758.943
coh_eff(2002)      1.63222      774.878
coh_eff(2003)      1.48754      483.927
coh_eff(2004)     0.583988      3868.19
coh_eff(2005)     -1.09518      2298.98
coh_eff(2006)     -1.64213      523.733
coh_eff(2007)     -0.35136      27.7362
coh_eff(2008)     -2.76077     -949.452
coh_eff(2009)     -0.71915       961.92
coh_eff(2010)   -0.0384425     -126.868
coh_eff(2011)     -3.49104     -685.285
coh_eff(2012)     -2.43313     -2280.12
coh_eff(2013)     -2.22447      2215.02
coh_eff(2014)     0.615493      813.658
coh_eff(2015)    -0.178814     -2359.36
coh_eff(2016)    -0.318971     -717.567
coh_eff(2017)     0.344902      568.211
coh_eff(2018)     0.786292     -429.254
coh_eff(2019)      1.49031      554.329
coh_eff(2020)       1.0535      1654.32
coh_eff(2021)     0.676759      26084.9
coh_eff(2022)      1.83074      2639.83
coh_eff(2023)      1.58973        32.26
coh_eff(2024)   0.00826226     0.354233
coh_eff(2025)            0            0
coh_eff(2026)            0            0
yr_eff(1970)            0            0
yr_eff(1971)     0.186486     0.135576
yr_eff(1972)    0.0162247    -0.823867
yr_eff(1973)     0.276845     -1.52138
yr_eff(1974)     0.254523     -2.54151
yr_eff(1975)      1.25549     -5.21314
yr_eff(1976)     0.414009     -4.68413
yr_eff(1977)      1.03682      15.7343
yr_eff(1978)      2.42999      294.599
yr_eff(1979)      1.90406      305.722
yr_eff(1980)      1.27188      433.217
yr_eff(1981)      1.21695      672.959
yr_eff(1982)     0.302695      681.722
yr_eff(1983)      1.19374      939.617
yr_eff(1984)     0.222963      798.781
yr_eff(1985)      0.63277       1037.7
yr_eff(1986)    -0.514182      868.222
yr_eff(1987)     0.322181      1287.85
yr_eff(1988)    -0.215774       1311.5
yr_eff(1989)    -0.112647      1528.75
yr_eff(1990)     0.875526      2231.59
yr_eff(1991)     0.974111       1707.1
yr_eff(1992)   -0.0661735     -387.712
yr_eff(1993)      1.34439     -5788.63
yr_eff(1994)     0.447334     -1274.85
yr_eff(1995)   -0.0794992     -190.937
yr_eff(1996)     -1.09033      1369.15
yr_eff(1997)    -0.332885      2758.61
yr_eff(1998)    -0.104981      4433.39
yr_eff(1999)      1.32048      16525.9
yr_eff(2000)    0.0393906      3306.72
yr_eff(2001)    -0.291036     -1082.13
yr_eff(2002)      0.75405     -1872.78
yr_eff(2003)    -0.969863     -1004.93
yr_eff(2004)    -0.618954     -406.905
yr_eff(2005)    -0.730988      2352.13
yr_eff(2006)     0.349394      7498.11
yr_eff(2007)      1.62397      13510.3
yr_eff(2008)     0.225602         2596
yr_eff(2009)      1.70605     -690.689
yr_eff(2010)      1.26643      408.388
yr_eff(2011)     -3.25322     -753.785
yr_eff(2012)     0.972887     -1746.45
yr_eff(2013)    -0.877102     -2204.29
yr_eff(2014)      1.85623      12726.5
yr_eff(2015)     -3.30088      913.238
yr_eff(2016)     0.608081      5456.76
yr_eff(2017)   -0.0369526      1377.57
yr_eff(2018)     0.174191      1511.65
yr_eff(2019)    -0.135584     -2098.55
yr_eff(2020)    -0.729863     -144.447
yr_eff(2021)     -2.04203      251.047
yr_eff(2022)    0.0791994      13399.6
yr_eff(2023)      -2.2147      2892.45
yr_eff(2024)     0.901795      14.2947
yr_eff(2025)            0            0
yr_eff(2026)            0            0
yr_eff(2027)            0            0
yr_eff(2028)            0            0
yr_eff(2029)            0            0
