ParName   Value   Gradient
log_avgrec       9.8349  0.000186874
log_avginit       4.8374 -5.13326e-06
log_avg_F     -1.44398  0.000122899
log_q_ats    -0.665928  9.87665e-07
log_Rzero      10.1381 -2.02908e-07
log_q_cpue     0.076719  4.89462e-06
log_q_avo     -8.20127  3.59073e-06
log_initdevs(2)      3.31005 -5.37089e-05
log_initdevs(3)      2.82836  2.41966e-05
log_initdevs(4)      1.29635  8.43784e-06
log_initdevs(5)      0.47011 -6.03626e-05
log_initdevs(6)      1.14517 -2.56151e-05
log_initdevs(7)     0.352007  2.73754e-05
log_initdevs(8)    -0.785259   1.8978e-05
log_initdevs(9)     -1.24142 -1.75879e-06
log_initdevs(10)     -1.23413  1.01942e-05
log_initdevs(11)     -1.22891 -1.73507e-05
log_initdevs(12)     -1.22563  -1.0266e-05
log_initdevs(13)     -1.22722  1.34794e-05
log_initdevs(14)     -1.22879  1.42858e-05
log_initdevs(15)     -1.23068  -6.8034e-06
log_rec_devs(1964)     -1.06601  2.82721e-05
log_rec_devs(1965)     0.122316   8.0057e-05
log_rec_devs(1966)    -0.211652  7.03153e-05
log_rec_devs(1967)     0.313554  0.000163488
log_rec_devs(1968)     0.169363  0.000123808
log_rec_devs(1969)      0.33516 -6.74529e-05
log_rec_devs(1970)     0.230064 -0.000159513
log_rec_devs(1971)     -0.25644 -4.23272e-05
log_rec_devs(1972)    -0.456955 -1.97168e-05
log_rec_devs(1973)     0.357981  7.04222e-05
log_rec_devs(1974)    0.0384187 -0.000265809
log_rec_devs(1975)    -0.143351 -0.000139679
log_rec_devs(1976)    -0.424209 -8.13594e-05
log_rec_devs(1977)      -0.3962  0.000211432
log_rec_devs(1978)     0.209704  0.000129244
log_rec_devs(1979)      1.12489  0.000236298
log_rec_devs(1980)     0.437453  0.000109972
log_rec_devs(1981)     0.625036  0.000298064
log_rec_devs(1982)   -0.0573545  0.000154466
log_rec_devs(1983)      1.02229 -0.000155651
log_rec_devs(1984)    -0.195365  -0.00017053
log_rec_devs(1985)     0.656336 -0.000170768
log_rec_devs(1986)    -0.334686  2.52801e-05
log_rec_devs(1987)     -0.87783 -4.14336e-05
log_rec_devs(1988)     -1.21673  0.000204829
log_rec_devs(1989)    -0.480428 -4.24297e-05
log_rec_devs(1990)     0.946338  0.000130145
log_rec_devs(1991)     0.226241  5.29729e-05
log_rec_devs(1992)    0.0150297   0.00017893
log_rec_devs(1993)     0.725969  0.000267144
log_rec_devs(1994)    -0.288381  8.01839e-05
log_rec_devs(1995)    -0.599559  0.000386965
log_rec_devs(1996)     0.136167 -6.63501e-05
log_rec_devs(1997)     0.458934  0.000155979
log_rec_devs(1998)    -0.220664  9.49382e-06
log_rec_devs(1999)    -0.140866 -0.000146774
log_rec_devs(2000)     0.264313  4.22057e-05
log_rec_devs(2001)     0.590326  0.000140441
log_rec_devs(2002)     0.203623 -1.89627e-06
log_rec_devs(2003)    -0.217793  2.45559e-05
log_rec_devs(2004)    -0.994131 -0.000113391
log_rec_devs(2005)     -1.34532 -0.000360866
log_rec_devs(2006)    -0.424363 -2.58294e-06
log_rec_devs(2007)     0.316864  5.46278e-05
log_rec_devs(2008)    -0.313515  7.42523e-05
log_rec_devs(2009)     0.982468  0.000100521
log_rec_devs(2010)     0.230487  2.93281e-05
log_rec_devs(2011)    -0.275598  0.000252806
log_rec_devs(2012)    -0.431172 -5.85907e-05
log_rec_devs(2013)     0.808059  0.000207584
log_rec_devs(2014)     0.919482  5.87374e-05
log_rec_devs(2015)    0.0717166  0.000230673
log_rec_devs(2016)    -0.969329 -0.000220346
log_rec_devs(2017)     -1.04076  4.88418e-05
log_rec_devs(2018)    -0.376189  0.000134717
log_rec_devs(2019)      1.24001  0.000517092
log_rec_devs(2020)    0.0564606  0.000277354
log_rec_devs(2021)    -0.272336   0.00010383
log_rec_devs(2022)   -0.0479325 -1.88363e-05
log_rec_devs(2023)     0.268926  -7.7055e-05
log_rec_devs(2024)    -0.028873 -6.27928e-05
log_F_devs(1964)    -0.652321 -0.000493388
log_F_devs(1965)    -0.627469  0.000152638
log_F_devs(1966)    -0.705331  -0.00027424
log_F_devs(1967)    -0.165962  0.000753428
log_F_devs(1968)    -0.178409 -0.000989044
log_F_devs(1969)    -0.136581 -0.000689461
log_F_devs(1970)     0.225386  0.000960577
log_F_devs(1971)     0.572035   0.00062411
log_F_devs(1972)     0.683029 -0.000665632
log_F_devs(1973)     0.812159 -0.000521233
log_F_devs(1974)     0.872548  0.000246351
log_F_devs(1975)     0.680374  0.000737362
log_F_devs(1976)     0.570675 -4.89614e-06
log_F_devs(1977)     0.460586 -0.000657683
log_F_devs(1978)     0.562988 -0.000488265
log_F_devs(1979)     0.629635 -7.13377e-05
log_F_devs(1980)     0.586842  0.000146078
log_F_devs(1981)     0.282319  0.000405706
log_F_devs(1982)    -0.189411  0.000357217
log_F_devs(1983)    -0.405848  0.000201361
log_F_devs(1984)     -0.43972 -0.000807316
log_F_devs(1985)    -0.441577  0.000348563
log_F_devs(1986)    -0.535546  9.47886e-05
log_F_devs(1987)    -0.864392  3.08252e-05
log_F_devs(1988)      -0.5681  -0.00032145
log_F_devs(1989)    -0.538596 -0.000104661
log_F_devs(1990)    -0.136427  9.30282e-05
log_F_devs(1991)    0.0709654 -0.000102422
log_F_devs(1992)     0.379411 -0.000530269
log_F_devs(1993)   -0.0278613  8.14027e-05
log_F_devs(1994)    -0.211707  0.000379775
log_F_devs(1995)    -0.167466 -0.000740647
log_F_devs(1996)     0.044079 -0.000180003
log_F_devs(1997)    0.0969087 -0.000110442
log_F_devs(1998)   -0.0707154  0.000279986
log_F_devs(1999)    -0.333753  7.56956e-05
log_F_devs(2000)    -0.268611  4.93721e-05
log_F_devs(2001)    -0.177015 -0.000476864
log_F_devs(2002)   -0.0382281  0.000173656
log_F_devs(2003)     0.013846  0.000341779
log_F_devs(2004)    -0.105642 -0.000245002
log_F_devs(2005)    -0.166917  3.16963e-05
log_F_devs(2006)    0.0342351 -2.69201e-05
log_F_devs(2007)    0.0968124 -0.000106495
log_F_devs(2008)     0.202973  0.000184031
log_F_devs(2009)      0.16597  0.000147181
log_F_devs(2010)   -0.0440549  7.79718e-05
log_F_devs(2011)     0.243032 -0.000188841
log_F_devs(2012)     0.215295  0.000120892
log_F_devs(2013)     0.117682  -0.00025826
log_F_devs(2014)    0.0562901   -0.0001587
log_F_devs(2015)     0.148109  0.000106637
log_F_devs(2016)   -0.0973667  0.000474797
log_F_devs(2017)   -0.0694647  0.000286757
log_F_devs(2018)    -0.251328 -0.000250322
log_F_devs(2019)    -0.112354  0.000110699
log_F_devs(2020)     0.185845   7.9492e-05
log_F_devs(2021)     0.168812 -0.000135724
log_F_devs(2022)    -0.149612  0.000110391
log_F_devs(2023)    -0.149078 -0.000146283
log_F_devs(2024)    -0.151979  0.000848994
sel_devs_fsh(1,1)    0.0527587   6.7329e-05
sel_devs_fsh(1,2)    0.0933942 -4.86115e-06
sel_devs_fsh(1,3)     0.144564   0.00038336
sel_devs_fsh(1,4)   -0.0408509 -0.000829284
sel_devs_fsh(1,5)   -0.0414219    0.0014856
sel_devs_fsh(1,6)   -0.0558955   0.00068845
sel_devs_fsh(1,7)   -0.0479966  -0.00165598
sel_devs_fsh(1,8)   -0.0389424 -0.000252428
sel_devs_fsh(1,9)   -0.0282305  0.000637204
sel_devs_fsh(1,10)   -0.0188139  0.000489586
sel_devs_fsh(1,11)   -0.0116852    0.0015162
sel_devs_fsh(1,12)  -0.00687763  -0.00249697
sel_devs_fsh(2,1)    0.0600495  -5.0608e-05
sel_devs_fsh(2,2)     0.100728  3.01264e-05
sel_devs_fsh(2,3)     0.244569  0.000525904
sel_devs_fsh(2,4)    -0.130149 -0.000944145
sel_devs_fsh(2,5)   -0.0949936   0.00147493
sel_devs_fsh(2,6)   -0.0733916  0.000507659
sel_devs_fsh(2,7)    -0.052098  -0.00160161
sel_devs_fsh(2,8)   -0.0326718 -0.000283209
sel_devs_fsh(2,9)   -0.0201319  0.000724506
sel_devs_fsh(2,10)   -0.0092831   0.00056485
sel_devs_fsh(2,11) -4.65358e-05   0.00145891
sel_devs_fsh(2,12)   0.00741562  -0.00247281
sel_devs_fsh(3,1)     0.124649  0.000141091
sel_devs_fsh(3,2)      0.10057 -8.82655e-06
sel_devs_fsh(3,3)   0.00739575  0.000404501
sel_devs_fsh(3,4)  -0.00588247 -0.000798258
sel_devs_fsh(3,5)   -0.0450175   0.00162924
sel_devs_fsh(3,6)   -0.0497647  0.000550918
sel_devs_fsh(3,7)   -0.0473292  -0.00157024
sel_devs_fsh(3,8)   -0.0365133 -0.000278052
sel_devs_fsh(3,9)    -0.024667  0.000602904
sel_devs_fsh(3,10)   -0.0142855  0.000428946
sel_devs_fsh(3,11)  -0.00671713   0.00129548
sel_devs_fsh(3,12)  -0.00243337  -0.00232547
sel_devs_fsh(4,1)     0.131772 -6.08591e-05
sel_devs_fsh(4,2)    0.0671488  2.22375e-05
sel_devs_fsh(4,3)     0.157558  0.000515857
sel_devs_fsh(4,4)    -0.103894 -0.000789365
sel_devs_fsh(4,5)   -0.0996923   0.00155984
sel_devs_fsh(4,6)   -0.0895058  0.000453957
sel_devs_fsh(4,7)   -0.0784807  -0.00149304
sel_devs_fsh(4,8)   -0.0241338 -0.000360505
sel_devs_fsh(4,9)  -0.00670657  0.000647736
sel_devs_fsh(4,10)   0.00859462 -5.11298e-06
sel_devs_fsh(4,11)    0.0159597   0.00191099
sel_devs_fsh(4,12)    0.0213824  -0.00235628
sel_devs_fsh(5,1)     0.187354  1.82791e-05
sel_devs_fsh(5,2)     0.136933   0.00014602
sel_devs_fsh(5,3)   -0.0321729  0.000479515
sel_devs_fsh(5,4)    -0.248318 -0.000499703
sel_devs_fsh(5,5)     -0.12183   0.00133168
sel_devs_fsh(5,6)    -0.106149  0.000351576
sel_devs_fsh(5,7)   -0.0485095  -0.00140538
sel_devs_fsh(5,8)   0.00962268 -0.000287375
sel_devs_fsh(5,9)    0.0351442   0.00033984
sel_devs_fsh(5,10)    0.0511356  0.000139822
sel_devs_fsh(5,11)    0.0584142   0.00191703
sel_devs_fsh(5,12)    0.0783734  -0.00254531
sel_devs_fsh(6,1)    0.0101394 -0.000132338
sel_devs_fsh(6,2)    0.0287501   1.6282e-05
sel_devs_fsh(6,3)   -0.0804579  0.000307085
sel_devs_fsh(6,4)    -0.047549 -0.000734486
sel_devs_fsh(6,5) -2.79629e-05   0.00120051
sel_devs_fsh(6,6)    -0.013156  0.000483759
sel_devs_fsh(6,7)   -0.0478668  -0.00136821
sel_devs_fsh(6,8)   0.00660258  -0.00010072
sel_devs_fsh(6,9)    0.0264659   0.00018111
sel_devs_fsh(6,10)    0.0316565  0.000316865
sel_devs_fsh(6,11)    0.0364847   0.00179532
sel_devs_fsh(6,12)    0.0489347  -0.00233893
sel_devs_fsh(7,1)    -0.232334  9.44724e-05
sel_devs_fsh(7,2)     0.198652 -3.01414e-05
sel_devs_fsh(7,3)     0.115295  0.000353104
sel_devs_fsh(7,4)     0.080697 -0.000314744
sel_devs_fsh(7,5)   -0.0207429  0.000924748
sel_devs_fsh(7,6)  -0.00736924  0.000363855
sel_devs_fsh(7,7)   -0.0154224  -0.00122917
sel_devs_fsh(7,8)   -0.0304729 -0.000170508
sel_devs_fsh(7,9)   -0.0146456  0.000242997
sel_devs_fsh(7,10)   -0.0169824  0.000304594
sel_devs_fsh(7,11)   -0.0233193   0.00157915
sel_devs_fsh(7,12)   -0.0333484  -0.00201405
sel_devs_fsh(8,1)    -0.252592  0.000112692
sel_devs_fsh(8,2)     0.109684 -9.75273e-05
sel_devs_fsh(8,3)    0.0678948  0.000427562
sel_devs_fsh(8,4)    0.0490996 -9.15562e-05
sel_devs_fsh(8,5)    0.0396499  0.000603987
sel_devs_fsh(8,6)    0.0478297  0.000400381
sel_devs_fsh(8,7)    0.0300704  -0.00115898
sel_devs_fsh(8,8)  0.000451392 -0.000244241
sel_devs_fsh(8,9)   -0.0107519  0.000268343
sel_devs_fsh(8,10)   -0.0177923  0.000336708
sel_devs_fsh(8,11)   -0.0257849   0.00113449
sel_devs_fsh(8,12)   -0.0377598  -0.00171888
sel_devs_fsh(9,1)    -0.210332  -5.1904e-05
sel_devs_fsh(9,2)     0.149915  8.30823e-05
sel_devs_fsh(9,3)     0.180221  0.000341019
sel_devs_fsh(9,4)    0.0356038  0.000254793
sel_devs_fsh(9,5)   0.00633713  0.000331892
sel_devs_fsh(9,6)  -0.00338497  0.000367052
sel_devs_fsh(9,7)  -0.00264002   -0.0010312
sel_devs_fsh(9,8)    -0.028251   -0.0004658
sel_devs_fsh(9,9)   -0.0218017   0.00014778
sel_devs_fsh(9,10)   -0.0251117  0.000382804
sel_devs_fsh(9,11)   -0.0323869  0.000906525
sel_devs_fsh(9,12)   -0.0481665  -0.00123965
sel_devs_fsh(10,1)    -0.194308  9.79816e-05
sel_devs_fsh(10,2)    -0.170236   6.3162e-05
sel_devs_fsh(10,3)     0.131867  0.000383786
sel_devs_fsh(10,4)     0.081065  0.000514439
sel_devs_fsh(10,5)    0.0447613 -1.67184e-05
sel_devs_fsh(10,6)     0.036493  0.000279338
sel_devs_fsh(10,7)    0.0342135 -0.000843019
sel_devs_fsh(10,8)  -0.00382715   -0.0003608
sel_devs_fsh(10,9)   0.00390909  1.92531e-05
sel_devs_fsh(10,10)    0.0119641  0.000203173
sel_devs_fsh(10,11)    0.0119214    0.0006129
sel_devs_fsh(10,12)    0.0121727   -0.0010061
sel_devs_fsh(11,1)    -0.193878  7.21659e-05
sel_devs_fsh(11,2)   -0.0651849 -6.19739e-05
sel_devs_fsh(11,3)   -0.0731668  0.000130362
sel_devs_fsh(11,4)    0.0888768    0.0006278
sel_devs_fsh(11,5)    0.0734836 -0.000154905
sel_devs_fsh(11,6)     0.060591   0.00029414
sel_devs_fsh(11,7)    0.0535232 -0.000667401
sel_devs_fsh(11,8)    0.0149415 -0.000414183
sel_devs_fsh(11,9)   0.00961818 -7.15132e-05
sel_devs_fsh(11,10)    0.0113463  0.000454047
sel_devs_fsh(11,11)    0.0107472  0.000802323
sel_devs_fsh(11,12)   0.00910452 -0.000970539
sel_devs_fsh(12,1)     -0.18555 -0.000133759
sel_devs_fsh(12,2)    0.0244942  2.99487e-05
sel_devs_fsh(12,3)    -0.119226  0.000377747
sel_devs_fsh(12,4)    -0.040113  0.000595094
sel_devs_fsh(12,5)    0.0527295 -0.000241194
sel_devs_fsh(12,6)    0.0570884  0.000305296
sel_devs_fsh(12,7)    0.0550697 -0.000584817
sel_devs_fsh(12,8)    0.0346032 -0.000364304
sel_devs_fsh(12,9)    0.0250669  7.83425e-05
sel_devs_fsh(12,10)    0.0305561  6.15167e-05
sel_devs_fsh(12,11)    0.0322643  0.000721649
sel_devs_fsh(12,12)    0.0330091 -0.000963941
sel_devs_fsh(13,1)    -0.227749 -9.38877e-05
sel_devs_fsh(13,2)    -0.137855 -5.08261e-05
sel_devs_fsh(13,3)   -0.0336016  0.000503224
sel_devs_fsh(13,4)   -0.0165811  0.000699572
sel_devs_fsh(13,5)    0.0464425 -0.000203363
sel_devs_fsh(13,6)    0.0525097  0.000233772
sel_devs_fsh(13,7)     0.062407 -0.000616832
sel_devs_fsh(13,8)    0.0624888 -0.000407297
sel_devs_fsh(13,9)    0.0513409 -6.42603e-05
sel_devs_fsh(13,10)    0.0463149  0.000241209
sel_devs_fsh(13,11)    0.0474274  0.000819221
sel_devs_fsh(13,12)    0.0468537  -0.00109349
sel_devs_fsh(14,1)    -0.188529  0.000137207
sel_devs_fsh(14,2)    -0.395902  2.95281e-05
sel_devs_fsh(14,3)    -0.166953  0.000333216
sel_devs_fsh(14,4)    -0.024825  0.000742463
sel_devs_fsh(14,5)      0.10729 -0.000235058
sel_devs_fsh(14,6)     0.132745  0.000255869
sel_devs_fsh(14,7)     0.119283 -0.000507277
sel_devs_fsh(14,8)     0.118919 -0.000298436
sel_devs_fsh(14,9)    0.0979471  -6.1661e-05
sel_devs_fsh(14,10)    0.0700744  0.000218981
sel_devs_fsh(14,11)    0.0662016   0.00087691
sel_devs_fsh(14,12)    0.0637721  -0.00112988
sel_devs_fsh(15,1)    -0.201117  2.87842e-05
sel_devs_fsh(15,2)    -0.525635 -2.79943e-05
sel_devs_fsh(15,3)     -0.29099  0.000338077
sel_devs_fsh(15,4)    0.0852689  0.000706389
sel_devs_fsh(15,5)     0.142625 -0.000122928
sel_devs_fsh(15,6)     0.157397  0.000170804
sel_devs_fsh(15,7)     0.151235  -0.00054059
sel_devs_fsh(15,8)     0.137598 -0.000391999
sel_devs_fsh(15,9)     0.097839 -0.000140499
sel_devs_fsh(15,10)    0.0853958  0.000237967
sel_devs_fsh(15,11)    0.0821686  0.000906837
sel_devs_fsh(15,12)     0.078218  -0.00112337
sel_devs_fsh(16,1)    -0.161807 -0.000184306
sel_devs_fsh(16,2)    -0.282715 -3.86156e-06
sel_devs_fsh(16,3)    -0.318709  0.000268777
sel_devs_fsh(16,4)   -0.0271243  0.000776998
sel_devs_fsh(16,5)     0.134594 -0.000131665
sel_devs_fsh(16,6)    0.0994075  0.000259094
sel_devs_fsh(16,7)     0.103248 -0.000455057
sel_devs_fsh(16,8)     0.103417 -0.000279363
sel_devs_fsh(16,9)    0.0949677  -2.9181e-05
sel_devs_fsh(16,10)     0.087039  0.000158455
sel_devs_fsh(16,11)    0.0834704  0.000927992
sel_devs_fsh(16,12)    0.0842207  -0.00115035
sel_devs_fsh(17,1)     -0.12488  5.26292e-05
sel_devs_fsh(17,2)   -0.0949482 -8.41474e-05
sel_devs_fsh(17,3)    -0.283149  0.000409688
sel_devs_fsh(17,4)   -0.0365513  0.000690351
sel_devs_fsh(17,5)    0.0220869 -5.86566e-05
sel_devs_fsh(17,6)    0.0579473  0.000177739
sel_devs_fsh(17,7)    0.0623175 -0.000586955
sel_devs_fsh(17,8)     0.072215 -0.000354569
sel_devs_fsh(17,9)    0.0779894  -6.8317e-05
sel_devs_fsh(17,10)    0.0799636  0.000135151
sel_devs_fsh(17,11)     0.081901  0.000973921
sel_devs_fsh(17,12)    0.0851149  -0.00118037
sel_devs_fsh(18,1)    -0.143175  2.84012e-05
sel_devs_fsh(18,2)     0.106336  -3.4182e-05
sel_devs_fsh(18,3)   -0.0761007  0.000124085
sel_devs_fsh(18,4)    -0.148063  0.000613021
sel_devs_fsh(18,5)   -0.0864287 -0.000139614
sel_devs_fsh(18,6)    0.0331482  0.000181928
sel_devs_fsh(18,7)    0.0309963  -0.00054968
sel_devs_fsh(18,8)    0.0349732 -0.000380413
sel_devs_fsh(18,9)     0.049366  1.16773e-05
sel_devs_fsh(18,10)     0.058661  7.10886e-05
sel_devs_fsh(18,11)    0.0655972   0.00103892
sel_devs_fsh(18,12)    0.0746793  -0.00113008
sel_devs_fsh(19,1)    -0.128561  1.03717e-05
sel_devs_fsh(19,2)    -0.153768 -4.91528e-05
sel_devs_fsh(19,3)    0.0350443  0.000237727
sel_devs_fsh(19,4)    -0.096132  0.000548076
sel_devs_fsh(19,5)    0.0679816  -0.00013543
sel_devs_fsh(19,6)    0.0309792  0.000249729
sel_devs_fsh(19,7)    0.0417451 -0.000500555
sel_devs_fsh(19,8)    0.0341281 -0.000218223
sel_devs_fsh(19,9)    0.0350135  7.79681e-06
sel_devs_fsh(19,10)    0.0353342 -7.75682e-05
sel_devs_fsh(19,11)    0.0460749   0.00104943
sel_devs_fsh(19,12)    0.0521605  -0.00110631
sel_devs_fsh(20,1)      -0.1436  4.87561e-05
sel_devs_fsh(20,2)     0.044438  0.000184803
sel_devs_fsh(20,3)     0.107395  0.000318376
sel_devs_fsh(20,4)    -0.116453  0.000577398
sel_devs_fsh(20,5)    -0.243802   -0.0001124
sel_devs_fsh(20,6)    0.0956366  0.000219954
sel_devs_fsh(20,7)    0.0671293 -0.000581226
sel_devs_fsh(20,8)    0.0535709 -0.000114966
sel_devs_fsh(20,9)    0.0317296 -3.64989e-05
sel_devs_fsh(20,10)    0.0302859  -0.00010214
sel_devs_fsh(20,11)    0.0352173   0.00101756
sel_devs_fsh(20,12)    0.0384655  -0.00120591
sel_devs_fsh(21,1)    -0.151827 -7.33603e-05
sel_devs_fsh(21,2)   -0.0269588 -0.000219733
sel_devs_fsh(21,3)    0.0781199  0.000352125
sel_devs_fsh(21,4)      0.15118   0.00059996
sel_devs_fsh(21,5)   -0.0350767 -0.000101756
sel_devs_fsh(21,6)   -0.0513506  0.000176063
sel_devs_fsh(21,7)    0.0220391 -0.000519825
sel_devs_fsh(21,8)   -0.0258508  2.34391e-05
sel_devs_fsh(21,9)   0.00932481  2.37353e-05
sel_devs_fsh(21,10)    0.0053669 -0.000104835
sel_devs_fsh(21,11)   0.00695979  0.000958681
sel_devs_fsh(21,12)    0.0180738  -0.00111236
sel_devs_fsh(22,1)    -0.155075 -3.91495e-05
sel_devs_fsh(22,2)   -0.0614392 -0.000135594
sel_devs_fsh(22,3)     0.129506  0.000118157
sel_devs_fsh(22,4)   -0.0720836  0.000612483
sel_devs_fsh(22,5)    0.0191994 -8.18364e-05
sel_devs_fsh(22,6)   -0.0550703  0.000197298
sel_devs_fsh(22,7)   -0.0990392 -0.000550755
sel_devs_fsh(22,8)     0.111504  2.44632e-05
sel_devs_fsh(22,9)    0.0841361 -2.09059e-05
sel_devs_fsh(22,10)    0.0586271 -9.04317e-05
sel_devs_fsh(22,11)    0.0314441    0.0010084
sel_devs_fsh(22,12)    0.0082948 -0.000975513
sel_devs_fsh(23,1)    -0.187546  3.10091e-05
sel_devs_fsh(23,2)   -0.0941894  4.76994e-05
sel_devs_fsh(23,3)     0.472093  0.000237073
sel_devs_fsh(23,4)    0.0548897  0.000592746
sel_devs_fsh(23,5)     0.128133 -8.53211e-05
sel_devs_fsh(23,6)   -0.0532934  0.000249561
sel_devs_fsh(23,7)     0.102312 -0.000568898
sel_devs_fsh(23,8)   -0.0972361  -8.5126e-05
sel_devs_fsh(23,9)   -0.0971137 -5.88483e-05
sel_devs_fsh(23,10)    -0.117817 -0.000217281
sel_devs_fsh(23,11)   -0.0721658  0.000661524
sel_devs_fsh(23,12)   -0.0380678 -0.000848407
sel_devs_fsh(24,1)    -0.157149  7.94325e-06
sel_devs_fsh(24,2)   -0.0524968  -8.5237e-06
sel_devs_fsh(24,3)    -0.362302  0.000192334
sel_devs_fsh(24,4)     0.164151  0.000603983
sel_devs_fsh(24,5)    0.0227769 -0.000152172
sel_devs_fsh(24,6)    0.0921859  0.000133851
sel_devs_fsh(24,7)     0.117603 -0.000557494
sel_devs_fsh(24,8)    0.0928744  3.98531e-05
sel_devs_fsh(24,9)    0.0211164   0.00014502
sel_devs_fsh(24,10)    0.0624232 -0.000194479
sel_devs_fsh(24,11)    0.0171359  0.000719211
sel_devs_fsh(24,12)   -0.0183116 -0.000823199
sel_devs_fsh(25,1)    -0.148782  2.53484e-05
sel_devs_fsh(25,2)   -0.0185364 -2.71505e-05
sel_devs_fsh(25,3)     -0.33143   0.00032904
sel_devs_fsh(25,4)    0.0532168  0.000609292
sel_devs_fsh(25,5)     0.144783 -0.000219908
sel_devs_fsh(25,6)    0.0587523  0.000177677
sel_devs_fsh(25,7)   -0.0266413 -0.000554414
sel_devs_fsh(25,8)     0.039972 -1.65757e-05
sel_devs_fsh(25,9)    0.0530707  0.000138738
sel_devs_fsh(25,10)   -0.0115246   -0.0002857
sel_devs_fsh(25,11)      0.12001  0.000541817
sel_devs_fsh(25,12)    0.0671062 -0.000767778
sel_devs_fsh(26,1)   -0.0798082  2.90353e-05
sel_devs_fsh(26,2)    0.0281576  1.45072e-05
sel_devs_fsh(26,3)    -0.344374  0.000351765
sel_devs_fsh(26,4)    -0.319496  0.000509399
sel_devs_fsh(26,5)    -0.229552 -0.000155154
sel_devs_fsh(26,6)    -0.124436  0.000154326
sel_devs_fsh(26,7)     0.120957 -0.000541677
sel_devs_fsh(26,8)   -0.0223664 -4.72405e-05
sel_devs_fsh(26,9)     0.179127  0.000132583
sel_devs_fsh(26,10)     0.110722 -0.000369508
sel_devs_fsh(26,11)     0.351591  0.000549149
sel_devs_fsh(26,12)     0.329483 -0.000581567
sel_devs_fsh(27,1)    -0.161319  0.000134484
sel_devs_fsh(27,2)   -0.0362884 -2.22001e-05
sel_devs_fsh(27,3)     0.522279  0.000225499
sel_devs_fsh(27,4)    -0.262625  0.000592965
sel_devs_fsh(27,5)    -0.333346  -0.00020498
sel_devs_fsh(27,6)   -0.0493223  0.000170126
sel_devs_fsh(27,7)   -0.0277701 -0.000402868
sel_devs_fsh(27,8)     0.211869 -8.41216e-05
sel_devs_fsh(27,9)    0.0916255  0.000123665
sel_devs_fsh(27,10)     0.211601 -0.000351937
sel_devs_fsh(27,11)    -0.114347  0.000539618
sel_devs_fsh(27,12)    -0.052355 -0.000693274
sel_devs_fsh(28,1)    -0.153828 -1.61526e-06
sel_devs_fsh(28,2)    -0.496292 -0.000157765
sel_devs_fsh(28,3)     0.025823  0.000302662
sel_devs_fsh(28,4)     0.813573  0.000531778
sel_devs_fsh(28,5)    0.0208005 -0.000141774
sel_devs_fsh(28,6)    0.0157291 -3.40687e-05
sel_devs_fsh(28,7)    0.0666288 -0.000540685
sel_devs_fsh(28,8)   0.00338054 -5.87592e-05
sel_devs_fsh(28,9)   -0.0323329  0.000186778
sel_devs_fsh(28,10)   -0.0637396 -0.000290031
sel_devs_fsh(28,11)    -0.134091   0.00075608
sel_devs_fsh(28,12)   -0.0656598  -0.00067394
sel_devs_fsh(29,1)   -0.0615531 -7.33659e-05
sel_devs_fsh(29,2)   -0.0333334   1.5544e-06
sel_devs_fsh(29,3)    -0.788679  0.000222733
sel_devs_fsh(29,4)    -0.260965  0.000590901
sel_devs_fsh(29,5)     0.893113 -0.000215471
sel_devs_fsh(29,6)     0.256079  0.000205609
sel_devs_fsh(29,7)    0.0262909 -0.000413719
sel_devs_fsh(29,8)   -0.0192668  4.24343e-05
sel_devs_fsh(29,9)   -0.0251632  0.000125673
sel_devs_fsh(29,10)   0.00113817 -0.000422801
sel_devs_fsh(29,11)    0.0369153  0.000515559
sel_devs_fsh(29,12)   -0.0245848 -0.000723423
sel_devs_fsh(30,1)   -0.0286153 -0.000118641
sel_devs_fsh(30,2)     0.122265 -8.40732e-05
sel_devs_fsh(30,3)       -0.348  0.000235957
sel_devs_fsh(30,4)    -0.690977  0.000627719
sel_devs_fsh(30,5)    -0.319363 -0.000188252
sel_devs_fsh(30,6)      0.46709  1.32496e-07
sel_devs_fsh(30,7)      0.15818 -0.000536121
sel_devs_fsh(30,8)     0.175917  -8.7357e-05
sel_devs_fsh(30,9)     0.149063   9.2065e-05
sel_devs_fsh(30,10)     0.135231 -0.000374986
sel_devs_fsh(30,11)     0.104442  0.000745912
sel_devs_fsh(30,12)    0.0747472 -0.000639558
sel_devs_fsh(31,1)   -0.0376569  3.53187e-05
sel_devs_fsh(31,2)      0.45991 -6.29359e-05
sel_devs_fsh(31,3)     0.212955   0.00023874
sel_devs_fsh(31,4)     -0.84886  0.000517939
sel_devs_fsh(31,5)    -0.748245 -0.000117981
sel_devs_fsh(31,6)    -0.315904  0.000144699
sel_devs_fsh(31,7)     0.313273 -0.000436112
sel_devs_fsh(31,8)     0.324547 -1.89126e-05
sel_devs_fsh(31,9)     0.247329  6.10508e-05
sel_devs_fsh(31,10)     0.176682 -0.000313093
sel_devs_fsh(31,11)     0.122258   0.00067444
sel_devs_fsh(31,12)    0.0937069 -0.000801563
sel_devs_fsh(32,1)    -0.137318  0.000122556
sel_devs_fsh(32,2)     0.300407  6.48614e-05
sel_devs_fsh(32,3)     0.106955   0.00018395
sel_devs_fsh(32,4)     0.612207  0.000685885
sel_devs_fsh(32,5)   -0.0415917 -0.000127116
sel_devs_fsh(32,6)    -0.381504  0.000232201
sel_devs_fsh(32,7)    -0.363903 -0.000472294
sel_devs_fsh(32,8)    -0.262668 -8.99962e-06
sel_devs_fsh(32,9)     0.014386  5.33253e-05
sel_devs_fsh(32,10)    0.0471253 -0.000277069
sel_devs_fsh(32,11)    0.0512229  0.000739178
sel_devs_fsh(32,12)    0.0547023 -0.000864032
sel_devs_fsh(33,1)    -0.106576  8.56232e-05
sel_devs_fsh(33,2)    -0.405398 -1.19341e-05
sel_devs_fsh(33,3)     0.255761  0.000296869
sel_devs_fsh(33,4)     0.215175  0.000610774
sel_devs_fsh(33,5)     0.160094 -0.000154769
sel_devs_fsh(33,6)     0.236379  0.000142095
sel_devs_fsh(33,7)    -0.243011 -0.000516462
sel_devs_fsh(33,8)   -0.0139721 -2.79946e-05
sel_devs_fsh(33,9)   -0.0321927  7.48424e-05
sel_devs_fsh(33,10)   -0.0178898 -0.000165369
sel_devs_fsh(33,11)   -0.0250524  0.000795456
sel_devs_fsh(33,12)   -0.0233018 -0.000880728
sel_devs_fsh(34,1)    -0.158479 -2.10536e-05
sel_devs_fsh(34,2)    -0.376657 -0.000138618
sel_devs_fsh(34,3)     0.825618  0.000260686
sel_devs_fsh(34,4)     0.452684  0.000650241
sel_devs_fsh(34,5)     0.138972 -0.000143802
sel_devs_fsh(34,6)    -0.256839  0.000138152
sel_devs_fsh(34,7)     0.241138 -0.000509782
sel_devs_fsh(34,8)    -0.122042 -1.63284e-06
sel_devs_fsh(34,9)    -0.256744 -6.33013e-05
sel_devs_fsh(34,10)    -0.223783 -0.000186408
sel_devs_fsh(34,11)    -0.158875  0.000775934
sel_devs_fsh(34,12)       -0.105 -0.000867837
sel_devs_fsh(35,1)   -0.0832544  5.18132e-05
sel_devs_fsh(35,2)    -0.127886 -5.73456e-05
sel_devs_fsh(35,3)    -0.545722  0.000256454
sel_devs_fsh(35,4)      0.31414  0.000634688
sel_devs_fsh(35,5)     0.434599 -0.000114186
sel_devs_fsh(35,6)     0.012722  0.000226642
sel_devs_fsh(35,7)   -0.0504834 -0.000512831
sel_devs_fsh(35,8)      0.22322  2.13111e-05
sel_devs_fsh(35,9)   0.00770301  3.71923e-05
sel_devs_fsh(35,10)   -0.0573301   -0.0001244
sel_devs_fsh(35,11)   -0.0581986  0.000806628
sel_devs_fsh(35,12)   -0.0694847 -0.000848145
sel_devs_fsh(36,1)   -0.0407745  2.17447e-05
sel_devs_fsh(36,2)    -0.170896  7.65058e-06
sel_devs_fsh(36,3)    -0.410767  0.000273951
sel_devs_fsh(36,4)    -0.278018  0.000578375
sel_devs_fsh(36,5)     0.282375 -0.000202566
sel_devs_fsh(36,6)     0.639771  0.000190024
sel_devs_fsh(36,7)     0.138971 -0.000545953
sel_devs_fsh(36,8)    -0.131571  1.42883e-05
sel_devs_fsh(36,9)  -0.00959494 -5.45646e-05
sel_devs_fsh(36,10)   0.00336969 -0.000211383
sel_devs_fsh(36,11)   0.00364814  0.000854363
sel_devs_fsh(36,12)   -0.0265092 -0.000871059
sel_devs_fsh(37,1)   -0.0805926   3.7298e-05
sel_devs_fsh(37,2)     0.196674  3.82627e-05
sel_devs_fsh(37,3)     0.111773  0.000262558
sel_devs_fsh(37,4)  -0.00461664  0.000561495
sel_devs_fsh(37,5)    -0.243994 -0.000210993
sel_devs_fsh(37,6)    0.0391954  0.000214474
sel_devs_fsh(37,7)    0.0616355 -0.000483345
sel_devs_fsh(37,8)     0.053254  -1.2731e-05
sel_devs_fsh(37,9)    0.0429126 -4.63971e-05
sel_devs_fsh(37,10)   -0.0191804 -0.000235621
sel_devs_fsh(37,11)   -0.0813391  0.000834203
sel_devs_fsh(37,12)   -0.0757212 -0.000959555
sel_devs_fsh(38,1)    -0.086608  4.86005e-05
sel_devs_fsh(38,2)     -0.33238 -0.000105584
sel_devs_fsh(38,3)     0.714426  0.000238164
sel_devs_fsh(38,4)   -0.0210608  0.000535711
sel_devs_fsh(38,5)     0.060952 -0.000302127
sel_devs_fsh(38,6)    -0.169327  0.000208521
sel_devs_fsh(38,7)    0.0308133 -0.000367022
sel_devs_fsh(38,8)    0.0311812 -6.53122e-06
sel_devs_fsh(38,9)  -0.00670462  3.43469e-06
sel_devs_fsh(38,10)   -0.0339436 -0.000276963
sel_devs_fsh(38,11)    -0.101335  0.000927972
sel_devs_fsh(38,12)   -0.0860125 -0.000897869
sel_devs_fsh(39,1)   -0.0355174  4.87694e-05
sel_devs_fsh(39,2)    -0.150567 -0.000116661
sel_devs_fsh(39,3)    -0.683643  0.000219037
sel_devs_fsh(39,4)     0.746344  0.000563822
sel_devs_fsh(39,5)    0.0542206  -0.00028252
sel_devs_fsh(39,6)   -0.0982873    0.0002156
sel_devs_fsh(39,7)   0.00743457  -0.00027806
sel_devs_fsh(39,8)    0.0279048 -6.25425e-06
sel_devs_fsh(39,9)    0.0420207 -1.62532e-05
sel_devs_fsh(39,10)    0.0423393 -0.000335135
sel_devs_fsh(39,11)      0.05538  0.000881295
sel_devs_fsh(39,12)  -0.00762674 -0.000867656
sel_devs_fsh(40,1)   -0.0580506  7.36346e-05
sel_devs_fsh(40,2)    0.0799148 -6.24955e-05
sel_devs_fsh(40,3)   -0.0342392  0.000252855
sel_devs_fsh(40,4)    -0.350581  0.000501797
sel_devs_fsh(40,5)     0.437202 -0.000241611
sel_devs_fsh(40,6)      0.26024  0.000260818
sel_devs_fsh(40,7)    -0.103394 -0.000174026
sel_devs_fsh(40,8)     -0.14749 -7.93956e-05
sel_devs_fsh(40,9)   -0.0530109  6.34744e-05
sel_devs_fsh(40,10)   0.00775968 -0.000320796
sel_devs_fsh(40,11)   0.00458377  0.000872293
sel_devs_fsh(40,12)   -0.0429107 -0.000774976
sel_devs_fsh(41,1)   -0.0866403  7.92168e-06
sel_devs_fsh(41,2)     0.101025  5.56042e-06
sel_devs_fsh(41,3)     0.542197  0.000207302
sel_devs_fsh(41,4)    -0.117499  0.000587911
sel_devs_fsh(41,5)    -0.332366 -0.000201644
sel_devs_fsh(41,6)   -0.0548902  0.000212583
sel_devs_fsh(41,7)   -0.0482127 -0.000107858
sel_devs_fsh(41,8)   -0.0148309  -7.5089e-05
sel_devs_fsh(41,9)   -0.0596774  8.44349e-05
sel_devs_fsh(41,10)   -0.0191013 -0.000252831
sel_devs_fsh(41,11)    0.0302317  0.000878113
sel_devs_fsh(41,12)    0.0598021 -0.000762371
sel_devs_fsh(42,1)   -0.0468636 -0.000122991
sel_devs_fsh(42,2)    0.0420747 -9.05614e-05
sel_devs_fsh(42,3)   -0.0397353  0.000262575
sel_devs_fsh(42,4)   0.00523713  0.000545473
sel_devs_fsh(42,5)   -0.0746097 -0.000257664
sel_devs_fsh(42,6)   -0.0140436  0.000226105
sel_devs_fsh(42,7)   0.00990401 -0.000218314
sel_devs_fsh(42,8)   -0.0599734  9.68362e-06
sel_devs_fsh(42,9)   -0.0203177 -1.91325e-05
sel_devs_fsh(42,10)    0.0156329 -0.000344302
sel_devs_fsh(42,11)    0.0672155  0.000778219
sel_devs_fsh(42,12)     0.115478 -0.000784434
sel_devs_fsh(43,1)   0.00163943 -4.69466e-06
sel_devs_fsh(43,2)   -0.0444512   6.8355e-05
sel_devs_fsh(43,3)    -0.521367  0.000132973
sel_devs_fsh(43,4)    -0.122142  0.000517164
sel_devs_fsh(43,5)   -0.0850147 -0.000263737
sel_devs_fsh(43,6)    0.0164361   0.00013372
sel_devs_fsh(43,7)    0.0487018  -0.00031395
sel_devs_fsh(43,8)     0.119293  1.53784e-05
sel_devs_fsh(43,9)     0.140803 -0.000122332
sel_devs_fsh(43,10)    0.0769779 -0.000364654
sel_devs_fsh(43,11)     0.168082  0.000666574
sel_devs_fsh(43,12)     0.201021 -0.000803841
sel_devs_fsh(44,1)   -0.0302424  0.000106046
sel_devs_fsh(44,2)    -0.324019 -4.35365e-05
sel_devs_fsh(44,3)     0.228672  0.000169617
sel_devs_fsh(44,4)    0.0471676  0.000518698
sel_devs_fsh(44,5)    -0.138566 -0.000239265
sel_devs_fsh(44,6)   -0.0984458  0.000131061
sel_devs_fsh(44,7)   -0.0690553 -0.000268306
sel_devs_fsh(44,8)    -0.022529  3.98063e-05
sel_devs_fsh(44,9)  -0.00498328 -3.75945e-05
sel_devs_fsh(44,10)     0.148788 -0.000444821
sel_devs_fsh(44,11)      0.14528  0.000681855
sel_devs_fsh(44,12)     0.117923 -0.000785461
sel_devs_fsh(45,1)   0.00703267 -8.12842e-05
sel_devs_fsh(45,2)    0.0989793  -0.00023682
sel_devs_fsh(45,3)    -0.585729  0.000149379
sel_devs_fsh(45,4)     0.485247   0.00052289
sel_devs_fsh(45,5)     0.178308 -0.000285808
sel_devs_fsh(45,6)    -0.240546   0.00021659
sel_devs_fsh(45,7)   -0.0903438 -0.000290112
sel_devs_fsh(45,8)    0.0522047  5.75596e-05
sel_devs_fsh(45,9)    0.0797657  -8.8131e-05
sel_devs_fsh(45,10)    0.0138499 -0.000360421
sel_devs_fsh(45,11)   -0.0424906  0.000683766
sel_devs_fsh(45,12)    0.0436923 -0.000746997
sel_devs_fsh(46,1)    0.0104089 -0.000132056
sel_devs_fsh(46,2)   -0.0441569  0.000102727
sel_devs_fsh(46,3)    0.0685568  0.000161594
sel_devs_fsh(46,4)     -1.04665  0.000479371
sel_devs_fsh(46,5)     0.464253 -0.000243321
sel_devs_fsh(46,6)     0.371866  0.000318563
sel_devs_fsh(46,7)     0.154623 -0.000325658
sel_devs_fsh(46,8)  -0.00714169  0.000105567
sel_devs_fsh(46,9)    -0.030396 -6.36629e-05
sel_devs_fsh(46,10)    0.0713725 -0.000340894
sel_devs_fsh(46,11)    0.0365964  0.000629732
sel_devs_fsh(46,12)   -0.0493275 -0.000675475
sel_devs_fsh(47,1)    -0.026119 -4.49301e-05
sel_devs_fsh(47,2)     0.218903 -3.35752e-05
sel_devs_fsh(47,3)     0.185147  0.000169755
sel_devs_fsh(47,4)     0.633303  0.000494886
sel_devs_fsh(47,5)     -1.05122 -0.000190316
sel_devs_fsh(47,6)   0.00443838  0.000342529
sel_devs_fsh(47,7)    0.0299396 -0.000212195
sel_devs_fsh(47,8)    0.0416817  4.37174e-05
sel_devs_fsh(47,9)    0.0145364 -5.29268e-05
sel_devs_fsh(47,10)   -0.0916404  -0.00025166
sel_devs_fsh(47,11)  -0.00685789   0.00055751
sel_devs_fsh(47,12)    0.0478948 -0.000692584
sel_devs_fsh(48,1)   0.00372702 -9.62333e-05
sel_devs_fsh(48,2)    -0.180566 -0.000132246
sel_devs_fsh(48,3)    0.0460975  0.000188022
sel_devs_fsh(48,4)    -0.122835  0.000385582
sel_devs_fsh(48,5)     0.532694 -0.000144427
sel_devs_fsh(48,6)    -0.553824  0.000366297
sel_devs_fsh(48,7)    -0.142648 -0.000205172
sel_devs_fsh(48,8)    0.0775499  1.77492e-05
sel_devs_fsh(48,9)     0.104435 -0.000105593
sel_devs_fsh(48,10)     0.112849 -0.000179103
sel_devs_fsh(48,11)    0.0662506  0.000525525
sel_devs_fsh(48,12)    0.0562672 -0.000655855
sel_devs_fsh(49,1)   -0.0230205 -3.85018e-05
sel_devs_fsh(49,2)     0.180882 -1.14994e-05
sel_devs_fsh(49,3)   -0.0171482  0.000118816
sel_devs_fsh(49,4)    -0.136406  0.000385125
sel_devs_fsh(49,5)    -0.113739  -0.00017601
sel_devs_fsh(49,6)     0.284732  0.000362334
sel_devs_fsh(49,7)     0.171432  -0.00025615
sel_devs_fsh(49,8)    -0.117988 -3.85579e-05
sel_devs_fsh(49,9)    -0.120397 -0.000146727
sel_devs_fsh(49,10)   -0.0334366 -0.000190491
sel_devs_fsh(49,11)   -0.0388357  0.000385276
sel_devs_fsh(49,12)   -0.0360888 -0.000629277
sel_devs_fsh(50,1)   -0.0218079  2.59429e-05
sel_devs_fsh(50,2)     -0.50393  3.06828e-05
sel_devs_fsh(50,3)      1.11867   0.00010441
sel_devs_fsh(50,4)     0.199733   0.00041839
sel_devs_fsh(50,5)     -0.17792 -0.000123057
sel_devs_fsh(50,6)    -0.109217  0.000359954
sel_devs_fsh(50,7)    -0.156222 -0.000255041
sel_devs_fsh(50,8)    -0.107024 -3.09145e-05
sel_devs_fsh(50,9)     -0.11695 -9.05617e-05
sel_devs_fsh(50,10)   -0.0488831 -0.000148678
sel_devs_fsh(50,11)   -0.0395531  0.000362539
sel_devs_fsh(50,12)   -0.0368969 -0.000663064
sel_devs_fsh(51,1)    0.0748854  3.85468e-05
sel_devs_fsh(51,2)    -0.107264  2.08055e-06
sel_devs_fsh(51,3)     -1.47975  4.97773e-05
sel_devs_fsh(51,4)      1.06916  0.000405742
sel_devs_fsh(51,5)     0.293713 -0.000139945
sel_devs_fsh(51,6)   0.00320152  0.000237316
sel_devs_fsh(51,7)    -0.100247 -0.000146704
sel_devs_fsh(51,8)     0.209614 -8.64758e-05
sel_devs_fsh(51,9)      0.12821 -0.000108658
sel_devs_fsh(51,10)   -0.0422011 -0.000151559
sel_devs_fsh(51,11)   -0.0197753  0.000373183
sel_devs_fsh(51,12)   -0.0295511 -0.000493351
sel_devs_fsh(52,1)    0.0570636  0.000114856
sel_devs_fsh(52,2)     0.150457  0.000103972
sel_devs_fsh(52,3)    -0.301015  7.48455e-05
sel_devs_fsh(52,4)     -1.12114  0.000343744
sel_devs_fsh(52,5)     0.607323 -0.000115843
sel_devs_fsh(52,6)     0.351028  0.000180867
sel_devs_fsh(52,7)     0.208246 -0.000106886
sel_devs_fsh(52,8)   -0.0724554 -0.000141183
sel_devs_fsh(52,9)    0.0819493 -3.31604e-05
sel_devs_fsh(52,10)    0.0584891 -7.48427e-05
sel_devs_fsh(52,11)  -0.00619938  0.000196733
sel_devs_fsh(52,12)   -0.0137402 -0.000422381
sel_devs_fsh(53,1)    0.0293033  4.10678e-06
sel_devs_fsh(53,2)      0.19945 -0.000177434
sel_devs_fsh(53,3)    0.0836075  9.80992e-05
sel_devs_fsh(53,4)     -0.56092  0.000315459
sel_devs_fsh(53,5)    0.0429333 -7.50227e-05
sel_devs_fsh(53,6)     0.215831   0.00027348
sel_devs_fsh(53,7)     0.120829  -0.00016592
sel_devs_fsh(53,8)    0.0927159 -0.000135597
sel_devs_fsh(53,9)   -0.0358603 -1.10686e-05
sel_devs_fsh(53,10)    -0.072175  1.52392e-05
sel_devs_fsh(53,11)   -0.0612495  0.000245386
sel_devs_fsh(53,12)   -0.0544555 -0.000227561
sel_devs_fsh(54,1)    0.0639633 -8.41306e-07
sel_devs_fsh(54,2)     0.776938 -9.38751e-05
sel_devs_fsh(54,3)     0.175416  0.000118016
sel_devs_fsh(54,4)    -0.605251  0.000297557
sel_devs_fsh(54,5)     -1.38307 -8.97371e-05
sel_devs_fsh(54,6)    0.0629037  0.000264073
sel_devs_fsh(54,7)     0.489574 -0.000238959
sel_devs_fsh(54,8)     0.282781 -7.04186e-05
sel_devs_fsh(54,9)     0.173042 -0.000125857
sel_devs_fsh(54,10)     0.150847 -2.63908e-05
sel_devs_fsh(54,11)   -0.0662693 -7.16772e-06
sel_devs_fsh(54,12)    -0.120891 -0.000310538
sel_devs_fsh(55,1)    0.0849205  2.67354e-05
sel_devs_fsh(55,2)     0.950148 -4.74811e-05
sel_devs_fsh(55,3)     0.653149  0.000182309
sel_devs_fsh(55,4)     0.775421  0.000316092
sel_devs_fsh(55,5)     0.249674 -0.000110176
sel_devs_fsh(55,6)    -0.554426  0.000152566
sel_devs_fsh(55,7)    -0.666749 -0.000105305
sel_devs_fsh(55,8)    -0.574271 -0.000116269
sel_devs_fsh(55,9)    -0.347861 -7.05926e-05
sel_devs_fsh(55,10)    -0.281935  7.39638e-05
sel_devs_fsh(55,11)    -0.119563 -5.71832e-06
sel_devs_fsh(55,12)    -0.168503  -0.00024979
sel_devs_fsh(56,1)    -0.041986  0.000163552
sel_devs_fsh(56,2)     0.238237  -7.0303e-05
sel_devs_fsh(56,3)     0.888944  6.87848e-05
sel_devs_fsh(56,4)    -0.160463   0.00030281
sel_devs_fsh(56,5)    -0.061631 -0.000138492
sel_devs_fsh(56,6)    -0.515164  0.000159016
sel_devs_fsh(56,7)    -0.166798 -0.000177106
sel_devs_fsh(56,8)     0.108696 -0.000176899
sel_devs_fsh(56,9)   -0.0585915 -8.03682e-06
sel_devs_fsh(56,10)   -0.0852131  8.93591e-05
sel_devs_fsh(56,11)   -0.0833849  2.92796e-05
sel_devs_fsh(56,12)    -0.062635 -0.000107273
sel_devs_fsh(57,1)   0.00304231 -1.62204e-05
sel_devs_fsh(57,2)   -0.0433804   6.4888e-05
sel_devs_fsh(57,3)    -0.474606  0.000192188
sel_devs_fsh(57,4)     0.626016  0.000184782
sel_devs_fsh(57,5)     0.147924 -5.74598e-05
sel_devs_fsh(57,6)    0.0626111  0.000254993
sel_devs_fsh(57,7)    -0.109442 -0.000107682
sel_devs_fsh(57,8)   -0.0309756 -5.38671e-05
sel_devs_fsh(57,9)   -0.0599747 -5.12431e-05
sel_devs_fsh(57,10)    -0.102034  2.39828e-05
sel_devs_fsh(57,11)   -0.0293462   1.1786e-05
sel_devs_fsh(57,12)     0.010181 -0.000203347
sel_devs_fsh(58,1)    0.0417547 -8.26426e-05
sel_devs_fsh(58,2)    -0.462564 -2.49958e-05
sel_devs_fsh(58,3)    -0.248706  9.91456e-05
sel_devs_fsh(58,4)    -0.149699  8.94937e-05
sel_devs_fsh(58,5)     0.636166 -0.000147071
sel_devs_fsh(58,6)     0.345717  0.000193177
sel_devs_fsh(58,7)    -0.175883 -6.58325e-05
sel_devs_fsh(58,8)    -0.131032  -3.6825e-05
sel_devs_fsh(58,9)   0.00395975 -6.59008e-05
sel_devs_fsh(58,10)    0.0566943  7.14597e-05
sel_devs_fsh(58,11)    0.0356646 -1.49985e-05
sel_devs_fsh(58,12)    0.0479158 -0.000200438
sel_devs_fsh(59,1)  1.40954e-05  9.19573e-06
sel_devs_fsh(59,2)    0.0119877   -3.404e-05
sel_devs_fsh(59,3)    0.0596693 -1.78269e-05
sel_devs_fsh(59,4)     0.222891  0.000142449
sel_devs_fsh(59,5)    -0.111386 -7.47908e-05
sel_devs_fsh(59,6)    -0.100507  0.000111292
sel_devs_fsh(59,7)    0.0222812 -0.000115414
sel_devs_fsh(59,8)    -0.081095 -4.49314e-05
sel_devs_fsh(59,9)   -0.0709676 -0.000109259
sel_devs_fsh(59,10)   -0.0193679  4.02215e-05
sel_devs_fsh(59,11)    0.0120741 -4.06406e-05
sel_devs_fsh(59,12)    0.0543874 -0.000172887
sel_coffs_fsh(1)     -4.08799  5.11863e-06
sel_coffs_fsh(2)     -2.14985 -2.37806e-07
sel_coffs_fsh(3)    -0.872432  5.56758e-05
sel_coffs_fsh(4)     0.360395 -9.77314e-05
sel_coffs_fsh(5)     0.340171  0.000168225
sel_coffs_fsh(6)     0.310536  6.92002e-05
sel_coffs_fsh(7)     0.269586 -0.000185289
sel_coffs_fsh(8)     0.228658 -4.52087e-05
sel_coffs_fsh(9)     0.193042  5.30767e-05
sel_coffs_fsh(10)     0.164892  8.68892e-05
sel_coffs_fsh(11)     0.142666   0.00022682
sel_coffs_fsh(12)     0.125463 -0.000339854
sel_coffs_ats(2)    -0.180593  1.13699e-05
sel_coffs_ats(3)    -0.120531 -1.28523e-05
sel_coffs_ats(4)   -0.0349166 -2.30864e-05
sel_coffs_ats(5)    0.0393985  2.75342e-05
sel_coffs_ats(6)     0.119239 -1.15512e-05
sel_coffs_ats(7)     0.170634  2.13376e-05
sel_coffs_ats(8)     0.173636 -1.62797e-05
sel_slp_bts      1.02087 -5.50563e-06
sel_a50_bts      6.20992  4.29731e-06
sel_age_one_bts     -3.50932 -1.81904e-05
sel_age_one_bts_dev(1982)    0.0945209 -0.000106565
sel_age_one_bts_dev(1983)    0.0689179   8.5482e-06
sel_age_one_bts_dev(1984)     0.136708  5.15169e-05
sel_age_one_bts_dev(1985)     -0.28002  0.000151081
sel_age_one_bts_dev(1986)     -0.57506  7.04265e-06
sel_age_one_bts_dev(1987)    -0.104021  9.86976e-06
sel_age_one_bts_dev(1988)    -0.517869  1.28433e-05
sel_age_one_bts_dev(1989)   -0.0389653 -1.18939e-06
sel_age_one_bts_dev(1990)     0.145425  4.57924e-05
sel_age_one_bts_dev(1991)    -0.346879   1.4042e-05
sel_age_one_bts_dev(1992)    -0.109399  -1.5597e-05
sel_age_one_bts_dev(1993)    0.0106433  2.71558e-06
sel_age_one_bts_dev(1994)    -0.180257 -7.70032e-05
sel_age_one_bts_dev(1995)    -0.265438 -4.79956e-05
sel_age_one_bts_dev(1996)    -0.391164  0.000114184
sel_age_one_bts_dev(1997)    -0.243464  4.37721e-05
sel_age_one_bts_dev(1998)    -0.177324  -5.8307e-05
sel_age_one_bts_dev(1999)     -0.06359   3.1021e-05
sel_age_one_bts_dev(2000)    0.0992171  3.66724e-05
sel_age_one_bts_dev(2001)   -0.0687733  2.05646e-05
sel_age_one_bts_dev(2002)   -0.0554879 -0.000119835
sel_age_one_bts_dev(2003)      0.17728 -1.77584e-05
sel_age_one_bts_dev(2004)   -0.0969615  7.19607e-05
sel_age_one_bts_dev(2005)    -0.125731  1.58284e-05
sel_age_one_bts_dev(2006)    -0.186241 -6.15783e-05
sel_age_one_bts_dev(2007)    -0.121715  0.000138802
sel_age_one_bts_dev(2008)     0.085614  1.80282e-05
sel_age_one_bts_dev(2009)     0.218904  -8.5297e-05
sel_age_one_bts_dev(2010)     0.303469 -1.16652e-05
sel_age_one_bts_dev(2011)    -0.279082 -0.000109755
sel_age_one_bts_dev(2012)    -0.227125 -6.20061e-05
sel_age_one_bts_dev(2013)     0.142918  1.30853e-05
sel_age_one_bts_dev(2014)     0.102188  0.000110443
sel_age_one_bts_dev(2015)   0.00270411  5.32893e-05
sel_age_one_bts_dev(2016)    -0.183325 -8.62638e-07
sel_age_one_bts_dev(2017)    -0.223901  0.000109382
sel_age_one_bts_dev(2018)    -0.354893 -1.43302e-05
sel_age_one_bts_dev(2019)     0.130187  0.000179109
sel_age_one_bts_dev(2020)      3.65189  2.00692e-06
sel_age_one_bts_dev(2021)    -0.104583  6.08773e-05
sel_age_one_bts_dev(2022)    0.0854458  1.37292e-05
sel_age_one_bts_dev(2023)   -0.0624618  6.31682e-05
sel_age_one_bts_dev(2024)   -0.0723041 -4.25102e-06
L1      28.2771  0.000116118
L2      46.1029  -2.6121e-05
log_K    -0.127657  6.42677e-05
d_scale(1,3)       0.5236 -9.87466e-06
d_scale(1,4)     0.704441 -1.47319e-06
d_scale(1,5)     0.765531 -8.45996e-06
d_scale(1,6)     0.829738  5.86334e-07
d_scale(1,7)     0.870009 -3.51372e-05
d_scale(1,8)      0.93339  7.86049e-07
d_scale(1,9)     0.978959  1.96062e-05
d_scale(1,10)     0.974786  8.95416e-06
d_scale(1,11)     0.995057  1.74376e-06
d_scale(1,12)     0.934379  1.06959e-05
d_scale(1,13)     0.954279  1.69386e-05
d_scale(1,14)     0.863685  0.000118055
d_scale(1,15)      1.00357  2.07539e-05
coh_eff(1955)            0            0
coh_eff(1956)            0            0
coh_eff(1957)            0            0
coh_eff(1958)            0            0
coh_eff(1959)            0            0
coh_eff(1960)            0            0
coh_eff(1961)            0            0
coh_eff(1962)            0            0
coh_eff(1963)            0            0
coh_eff(1964)            0            0
coh_eff(1965)            0            0
coh_eff(1966)            0            0
coh_eff(1967)            0            0
coh_eff(1968)            0            0
coh_eff(1969)            0            0
coh_eff(1970)            0            0
coh_eff(1971)    -0.174324 -1.42496e-05
coh_eff(1972)     0.306415  -0.00013911
coh_eff(1973)    0.0390762  8.89543e-05
coh_eff(1974)     0.531748  0.000126348
coh_eff(1975)    -0.412214  6.65606e-06
coh_eff(1976)     0.532176  3.01952e-05
coh_eff(1977)    -0.453932 -2.42625e-05
coh_eff(1978)     0.450572 -1.28553e-05
coh_eff(1979)    0.0472275 -3.34546e-05
coh_eff(1980)   -0.0884766 -3.64994e-05
coh_eff(1981)    -0.393549 -2.94199e-06
coh_eff(1982)    -0.577961 -7.39957e-06
coh_eff(1983)     0.581888  4.32649e-05
coh_eff(1984)     0.662105 -1.56285e-05
coh_eff(1985)      1.15135  1.75853e-05
coh_eff(1986)    -0.037849 -1.72221e-06
coh_eff(1987)     0.619849 -4.46847e-05
coh_eff(1988)   -0.0222038 -1.09609e-05
coh_eff(1989)     -1.01852  2.80781e-05
coh_eff(1990)    -0.872082 -5.70842e-05
coh_eff(1991)    -0.963217  -4.6504e-05
coh_eff(1992)     0.852762  9.14312e-05
coh_eff(1993)      1.78828   0.00018103
coh_eff(1994)      0.50675 -9.96563e-07
coh_eff(1995)    -0.980142 -0.000120314
coh_eff(1996)   -0.0701876  0.000230016
coh_eff(1997)     0.969765  0.000101312
coh_eff(1998)     0.468247 -0.000173511
coh_eff(1999)     0.395471  2.15409e-05
coh_eff(2000)   -0.0684585 -1.65419e-05
coh_eff(2001)     0.385649  1.50309e-05
coh_eff(2002)     0.878651 -3.08466e-06
coh_eff(2003)      1.45759  5.06442e-05
coh_eff(2004)     0.414359  1.88886e-05
coh_eff(2005)    -0.801252 -0.000176331
coh_eff(2006)     -1.12025  5.96628e-05
coh_eff(2007)    -0.451529  6.56811e-05
coh_eff(2008)     -1.66794  2.76158e-05
coh_eff(2009)    -0.772619  2.94158e-05
coh_eff(2010)     -1.53472 -3.36986e-05
coh_eff(2011)     -2.03099 -7.97717e-05
coh_eff(2012)     -1.88351 -2.43473e-05
coh_eff(2013)     -1.15567  0.000140795
coh_eff(2014)     0.725716  4.29747e-05
coh_eff(2015)     0.775548  2.14996e-05
coh_eff(2016)    0.0220586 -1.40868e-06
coh_eff(2017)     0.326546 -0.000134111
coh_eff(2018)     0.567605  3.58103e-05
coh_eff(2019)      1.41456  7.58418e-05
coh_eff(2020)     0.374874  6.35122e-05
coh_eff(2021)     0.189904  5.00413e-05
coh_eff(2022)      1.11949  5.40944e-05
coh_eff(2023)      1.66812 -2.57972e-06
coh_eff(2024)     0.354268 -0.000109805
coh_eff(2025)            0            0
coh_eff(2026)            0            0
yr_eff(1970)            0            0
yr_eff(1971)     0.173552  7.88405e-06
yr_eff(1972)  -0.00300588  2.08831e-05
yr_eff(1973)     0.308487 -0.000105647
yr_eff(1974)     0.365068 -8.82645e-05
yr_eff(1975)       1.5963 -3.07168e-05
yr_eff(1976)     0.449982 -2.92243e-05
yr_eff(1977)      2.08953 -4.38884e-06
yr_eff(1978)     0.408934 -1.64449e-05
yr_eff(1979)      1.21191 -2.51862e-05
yr_eff(1980)      1.29396 -1.55832e-05
yr_eff(1981)     0.913714 -4.36582e-05
yr_eff(1982)     0.186396  7.23008e-06
yr_eff(1983)     0.946769 -1.09997e-05
yr_eff(1984)    -0.522568 -8.31187e-06
yr_eff(1985)     0.194481  5.69423e-05
yr_eff(1986)     -1.38398 -8.19166e-06
yr_eff(1987)    -0.523554  -1.2306e-05
yr_eff(1988)    -0.965513 -4.24015e-05
yr_eff(1989)    -0.691759   1.9399e-05
yr_eff(1990)     0.532205 -7.48833e-06
yr_eff(1991)     0.254749 -5.75339e-05
yr_eff(1992)     0.266519 -3.61213e-05
yr_eff(1993)      1.04645  6.91002e-06
yr_eff(1994)     0.161365 -3.61595e-05
yr_eff(1995)    -0.266973  3.65646e-05
yr_eff(1996)    -0.495524 -2.49378e-05
yr_eff(1997)    -0.103362  0.000157807
yr_eff(1998)    -0.399312  0.000167404
yr_eff(1999)    -0.222823  5.36648e-05
yr_eff(2000)    -0.121403  0.000192998
yr_eff(2001)     0.660468 -9.77513e-05
yr_eff(2002)     0.129535 -1.97213e-05
yr_eff(2003)    0.0186953 -3.97547e-05
yr_eff(2004)    -0.211623 -1.14485e-05
yr_eff(2005)    -0.655893  -3.4453e-06
yr_eff(2006)   -0.0297589  -0.00016975
yr_eff(2007)      1.07527  1.25339e-05
yr_eff(2008)     0.487863  0.000293323
yr_eff(2009)      1.55114   3.8883e-06
yr_eff(2010)     0.723351  2.46368e-05
yr_eff(2011)     0.870444 -3.80685e-05
yr_eff(2012)     0.236104  -8.2423e-05
yr_eff(2013)     0.655274 -7.44122e-05
yr_eff(2014)     0.787419 -2.15356e-05
yr_eff(2015)     -2.04374  5.51147e-06
yr_eff(2016)    -0.258236 -7.83232e-05
yr_eff(2017)    0.0174495  0.000126058
yr_eff(2018)    -0.798285  3.32641e-05
yr_eff(2019)     0.881217  8.88602e-05
yr_eff(2020)     -1.54825 -5.69632e-06
yr_eff(2021)     -1.33076  2.35754e-05
yr_eff(2022)   -0.0141347  7.79867e-05
yr_eff(2023)     -3.22027 -4.38105e-05
yr_eff(2024)     0.945711  7.81223e-07
yr_eff(2025)            0            0
yr_eff(2026)            0            0
yr_eff(2027)            0            0
yr_eff(2028)            0            0
yr_eff(2029)            0            0
