ParName   Value   Gradient
log_avgrec      9.97065 -6.67146e-05
log_avginit      6.30956  4.46016e-06
log_avg_F      -1.4953 -4.00342e-05
log_q_cpue    -0.272552 -3.31941e-06
log_q_avo     -8.27417  1.18689e-05
log_F_devs(1964)     -2.19278  1.21845e-09
log_F_devs(1965)     -1.68353  2.28795e-05
log_F_devs(1966)     -1.34213 -1.27516e-05
log_F_devs(1967)    -0.482886  4.34555e-05
log_F_devs(1968)    -0.271163  6.79612e-05
log_F_devs(1969)    -0.171409   0.00010013
log_F_devs(1970)     0.160979  0.000122102
log_F_devs(1971)     0.584756  0.000155169
log_F_devs(1972)     0.859187  0.000146715
log_F_devs(1973)      1.02162  0.000132457
log_F_devs(1974)      1.10397  6.95245e-05
log_F_devs(1975)      1.03035  4.43809e-05
log_F_devs(1976)     0.872585 -2.36624e-05
log_F_devs(1977)     0.573739 -2.16461e-05
log_F_devs(1978)     0.442209 -4.21247e-05
log_F_devs(1979)     0.268296 -5.51443e-05
log_F_devs(1980)     0.179564 -4.67777e-05
log_F_devs(1981)    0.0792467  -0.00010026
log_F_devs(1982)   -0.0995494 -4.31571e-05
log_F_devs(1983)    -0.217276  2.78392e-05
log_F_devs(1984)    -0.197993 -6.12055e-05
log_F_devs(1985)    -0.205323 -6.36561e-05
log_F_devs(1986)    -0.238446 -3.13706e-05
log_F_devs(1987)    -0.540559 -4.61081e-05
log_F_devs(1988)    -0.254669  3.10347e-06
log_F_devs(1989)     -0.21811 -1.66263e-05
log_F_devs(1990)    0.0508008 -1.02438e-05
log_F_devs(1991)    0.0302397  1.26525e-06
log_F_devs(1992)      0.28298  6.67236e-06
log_F_devs(1993)    0.0476531 -4.15442e-06
log_F_devs(1994)   -0.0371746  -1.3877e-05
log_F_devs(1995)    -0.127386 -1.44685e-06
log_F_devs(1996)    -0.201406 -7.74353e-06
log_F_devs(1997)    -0.261525 -2.96956e-05
log_F_devs(1998)    -0.295209  -3.6553e-05
log_F_devs(1999)    -0.386639 -1.40316e-05
log_F_devs(2000)    -0.248264  2.58956e-05
log_F_devs(2001)    -0.107296  1.79491e-05
log_F_devs(2002)    0.0146107 -8.80847e-06
log_F_devs(2003)    0.0807289 -2.25338e-05
log_F_devs(2004)    0.0520813  1.35417e-05
log_F_devs(2005)    0.0508532 -6.32119e-06
log_F_devs(2006)     0.170751 -2.37083e-05
log_F_devs(2007)     0.241163 -5.35071e-06
log_F_devs(2008)     0.322023 -1.23951e-05
log_F_devs(2009)  -0.00766925 -1.89049e-05
log_F_devs(2010)    -0.250779 -2.06775e-05
log_F_devs(2011)     0.132806 -2.44084e-05
log_F_devs(2012)   -0.0570115  2.63279e-06
log_F_devs(2013)    -0.176417   -3.855e-05
log_F_devs(2014)    -0.095235 -3.87092e-05
log_F_devs(2015)    0.0939698 -2.67597e-05
log_F_devs(2016)    0.0863218 -1.04135e-05
log_F_devs(2017)   -0.0474174  -8.4702e-07
log_F_devs(2018)   -0.0566108  -4.6042e-06
log_F_devs(2019)    0.0180338  1.32663e-05
log_F_devs(2020)      0.37921 -3.77166e-05
log_F_devs(2021)     0.593124  -3.8608e-06
log_F_devs(2022)     0.149868 -9.23117e-06
log_F_devs(2023)     0.317317 -2.69451e-05
log_F_devs(2024)      0.18082 -8.30633e-06
sel_coffs_fsh(1)     -8.05086  7.11994e-07
sel_coffs_fsh(2)      -3.7879  5.28917e-06
sel_coffs_fsh(3)     -1.72088 -5.73515e-06
sel_coffs_fsh(4)    -0.633269  1.43771e-06
sel_coffs_fsh(5)  -0.00819713 -3.95153e-06
sel_coffs_fsh(6)     0.341623 -7.15278e-08
sel_coffs_fsh(7)     0.489946 -1.49963e-05
sel_coffs_fsh(8)      0.46766  1.09212e-05
sel_coffs_fsh(9)     0.423558  5.80912e-06
sel_coffs_fsh(10)     0.362835 -9.48164e-06
sel_coffs_fsh(11)     0.313731  5.97627e-06
sel_coffs_fsh(12)     0.267291  4.05938e-06
sel_slp_bts      1.00888  1.54796e-06
sel_a50_bts      6.19379  2.97927e-05
sel_age_one_bts     -3.35279  1.27237e-05
L1      28.2408  0.000168882
L2      45.9082    0.0002431
log_K    -0.132219 -2.90312e-05
coh_eff(1955)            0            0
coh_eff(1956)            0            0
coh_eff(1957)            0            0
coh_eff(1958)            0            0
coh_eff(1959)            0            0
coh_eff(1960)            0            0
coh_eff(1961)            0            0
coh_eff(1962)            0            0
coh_eff(1963)            0            0
coh_eff(1964)            0            0
coh_eff(1965)            0            0
coh_eff(1966)            0            0
coh_eff(1967)            0            0
coh_eff(1968)            0            0
coh_eff(1969)            0            0
coh_eff(1970)            0            0
coh_eff(1971)    -0.136682 -7.37089e-07
coh_eff(1972)     0.251618  3.43386e-06
coh_eff(1973)   -0.0146726  2.62318e-07
coh_eff(1974)     0.540911  1.01016e-05
coh_eff(1975)    -0.321143 -2.16838e-06
coh_eff(1976)     0.443177 -4.18016e-06
coh_eff(1977)     -0.33334 -4.74566e-06
coh_eff(1978)      0.45432  1.01676e-07
coh_eff(1979)   -0.0256507 -2.72414e-06
coh_eff(1980)     -0.15135 -3.33033e-06
coh_eff(1981)     -1.26723   2.4128e-05
coh_eff(1982)     -3.02812  1.77392e-05
coh_eff(1983)     -1.80147  1.75652e-05
coh_eff(1984)     -1.42604   3.6217e-06
coh_eff(1985)      -1.0677  2.35116e-05
coh_eff(1986)      -2.5482 -4.64583e-05
coh_eff(1987)     -1.02619 -6.82101e-06
coh_eff(1988)     -1.39051  1.39204e-05
coh_eff(1989)      -2.9571  2.87909e-05
coh_eff(1990)     -2.84878  4.87247e-06
coh_eff(1991)     -2.15592  2.21947e-05
coh_eff(1992)     0.268604  0.000238247
coh_eff(1993)      1.55679  1.11111e-05
coh_eff(1994)    -0.402465  1.25918e-05
coh_eff(1995)     -2.41666 -4.34627e-05
coh_eff(1996)     -1.78378 -1.99737e-05
coh_eff(1997)     0.154004  2.14774e-05
coh_eff(1998)   -0.0975215  3.76723e-05
coh_eff(1999)     0.362675  8.63957e-06
coh_eff(2000)    -0.111801  7.96637e-06
coh_eff(2001)     0.348961 -2.50508e-05
coh_eff(2002)     0.852421  1.74537e-05
coh_eff(2003)      1.46168  2.51059e-05
coh_eff(2004)     0.403633  3.95332e-05
coh_eff(2005)    -0.817848 -2.72259e-06
coh_eff(2006)     -1.19537 -5.14469e-06
coh_eff(2007)    -0.476865 -3.04876e-05
coh_eff(2008)     -1.76547 -4.40085e-05
coh_eff(2009)    -0.796819 -9.57592e-05
coh_eff(2010)     -1.61694 -5.32534e-05
coh_eff(2011)     -2.07374 -8.08969e-05
coh_eff(2012)     -1.90423 -7.29045e-05
coh_eff(2013)     -1.17951 -4.42106e-05
coh_eff(2014)     0.700034  3.10113e-05
coh_eff(2015)     0.770687  0.000135563
coh_eff(2016)   0.00224849  0.000198997
coh_eff(2017)     0.302487   1.6636e-05
coh_eff(2018)     0.528299 -6.06002e-05
coh_eff(2019)      1.36141 -1.94226e-05
coh_eff(2020)     0.367022  1.64545e-05
coh_eff(2021)     0.214404   8.8593e-05
coh_eff(2022)      1.13818  5.86591e-05
coh_eff(2023)      1.63417 -4.99348e-06
coh_eff(2024)    0.0235124   3.2104e-06
coh_eff(2025)            0            0
coh_eff(2026)            0            0
yr_eff(1970)            0            0
yr_eff(1971)     0.182915  -1.9996e-06
yr_eff(1972)    0.0405246  2.29634e-06
yr_eff(1973)     0.307454 -1.97198e-05
yr_eff(1974)      0.29173 -2.47752e-07
yr_eff(1975)      1.34183 -5.18127e-06
yr_eff(1976)     0.520883  5.68919e-05
yr_eff(1977)      2.75972  5.40205e-06
yr_eff(1978)     0.564529 -3.35958e-05
yr_eff(1979)      2.37455  0.000117203
yr_eff(1980)      1.48042  1.05004e-05
yr_eff(1981)     0.831379 -6.35551e-05
yr_eff(1982)    -0.679944  3.35285e-05
yr_eff(1983)      1.26484   3.4368e-05
yr_eff(1984)    -0.164269  4.46386e-05
yr_eff(1985)     0.621482  0.000268824
yr_eff(1986)    -0.900114  3.49947e-05
yr_eff(1987)     0.289827  2.57334e-05
yr_eff(1988)    -0.417319 -1.54537e-05
yr_eff(1989)    -0.781227  1.85585e-05
yr_eff(1990)     0.707355  0.000139537
yr_eff(1991)      1.00249  0.000106894
yr_eff(1992)     0.509242 -4.50119e-05
yr_eff(1993)      1.39329  0.000786223
yr_eff(1994)     0.148703  0.000136859
yr_eff(1995)    -0.227327  5.98827e-05
yr_eff(1996)    -0.580553  7.68619e-05
yr_eff(1997)     0.584294 -3.24559e-05
yr_eff(1998)    -0.229468  2.63331e-05
yr_eff(1999)      0.25257 -0.000213813
yr_eff(2000)   -0.0733662  -1.9115e-05
yr_eff(2001)     0.655567 -6.57947e-05
yr_eff(2002)     0.149084 -8.25579e-06
yr_eff(2003)    0.0431174  6.67337e-05
yr_eff(2004)    -0.205259  3.39613e-05
yr_eff(2005)     -0.65678 -6.68212e-05
yr_eff(2006)   -0.0221322  0.000100876
yr_eff(2007)      1.07992  4.21284e-05
yr_eff(2008)     0.507283  1.40633e-05
yr_eff(2009)      1.58646 -6.65579e-05
yr_eff(2010)     0.727085  -0.00024279
yr_eff(2011)     0.903628 -8.54834e-05
yr_eff(2012)      0.25672 -0.000412483
yr_eff(2013)      0.65594 -0.000242176
yr_eff(2014)     0.777283 -0.000744199
yr_eff(2015)     -1.97699 -0.000109361
yr_eff(2016)    -0.241048  0.000205183
yr_eff(2017)    0.0313607  0.000198472
yr_eff(2018)    -0.800642  0.000231975
yr_eff(2019)     0.872677  0.000201902
yr_eff(2020)     -1.49639 -2.79531e-05
yr_eff(2021)     -1.27546    2.675e-05
yr_eff(2022)   -0.0323187  0.000381823
yr_eff(2023)     -3.23123  0.000123791
yr_eff(2024)     0.829161 -1.40011e-05
yr_eff(2025)            0            0
yr_eff(2026)            0            0
yr_eff(2027)            0            0
yr_eff(2028)            0            0
yr_eff(2029)            0            0
