ParName   Value   Gradient
log_avgrec      9.84739  7.98528e-06
log_avginit      4.82312 -8.41631e-06
log_avg_F     -1.43069  2.05672e-05
log_q_ats    -0.729725  2.67006e-07
log_Rzero       10.097  -1.1905e-06
steepness     0.622584  -4.0119e-06
log_q_cpue    0.0930524  7.82818e-06
log_q_avo      -8.2698 -6.12191e-06
log_initdevs(2)      3.31346 -5.19192e-06
log_initdevs(3)      2.83097 -4.59125e-05
log_initdevs(4)      1.29743 -3.71892e-07
log_initdevs(5)     0.470665  4.17386e-05
log_initdevs(6)      1.14534 -8.58524e-05
log_initdevs(7)     0.351716 -4.73275e-05
log_initdevs(8)    -0.785778   2.1262e-06
log_initdevs(9)     -1.24211 -1.08001e-05
log_initdevs(10)       -1.235  2.86447e-06
log_initdevs(11)     -1.22993  1.34696e-06
log_initdevs(12)     -1.22674  -7.2378e-06
log_initdevs(13)     -1.22833    -9.36e-06
log_initdevs(14)      -1.2299  4.75223e-06
log_initdevs(15)     -1.23179 -4.56592e-07
log_rec_devs(1964)     -1.08168 -4.97192e-05
log_rec_devs(1965)     0.104619  4.71779e-05
log_rec_devs(1966)    -0.226675  6.94495e-05
log_rec_devs(1967)     0.298458  5.08172e-05
log_rec_devs(1968)     0.155002  0.000124536
log_rec_devs(1969)     0.321398  0.000120058
log_rec_devs(1970)     0.215268  6.09858e-05
log_rec_devs(1971)    -0.271775 -2.17109e-06
log_rec_devs(1972)    -0.473574 -2.57214e-05
log_rec_devs(1973)     0.345195  3.49729e-05
log_rec_devs(1974)    0.0285636   5.1509e-06
log_rec_devs(1975)    -0.140441 -4.69036e-05
log_rec_devs(1976)    -0.402941  1.07998e-05
log_rec_devs(1977)    -0.350259  1.10535e-05
log_rec_devs(1978)     0.255357 -0.000236358
log_rec_devs(1979)      1.10564  4.66253e-05
log_rec_devs(1980)      0.36654  4.63661e-05
log_rec_devs(1981)     0.522916 -0.000103333
log_rec_devs(1982)   -0.0347843 -0.000119299
log_rec_devs(1983)     0.994644 -8.45888e-05
log_rec_devs(1984)    -0.296991  9.47313e-05
log_rec_devs(1985)      0.54495 -0.000191671
log_rec_devs(1986)    -0.409055  0.000232131
log_rec_devs(1987)    -0.981011  2.06763e-06
log_rec_devs(1988)     -1.24484  0.000133547
log_rec_devs(1989)     -0.50737 -0.000203518
log_rec_devs(1990)     0.963145  8.68729e-05
log_rec_devs(1991)     0.338871   7.9749e-05
log_rec_devs(1992)     0.188083  0.000188648
log_rec_devs(1993)     0.853567  0.000127844
log_rec_devs(1994)    -0.195525 -0.000209497
log_rec_devs(1995)     -0.55497  5.54112e-06
log_rec_devs(1996)     0.143557 -4.18618e-05
log_rec_devs(1997)     0.436086 -0.000123627
log_rec_devs(1998)    -0.262933  1.09141e-05
log_rec_devs(1999)    -0.178782 -0.000101304
log_rec_devs(2000)     0.238882   0.00011466
log_rec_devs(2001)     0.587392  0.000100226
log_rec_devs(2002)     0.192132 -5.12528e-05
log_rec_devs(2003)    -0.273819 -7.00955e-05
log_rec_devs(2004)     -1.06935  2.76078e-05
log_rec_devs(2005)     -1.41621 -0.000288795
log_rec_devs(2006)    -0.509314 -0.000119765
log_rec_devs(2007)     0.254373  8.57365e-05
log_rec_devs(2008)    -0.361045 -9.50614e-05
log_rec_devs(2009)      0.94519 -0.000110483
log_rec_devs(2010)     0.173253  0.000137881
log_rec_devs(2011)    -0.330817  0.000154026
log_rec_devs(2012)    -0.466308 -1.78313e-05
log_rec_devs(2013)     0.801847 -1.47329e-05
log_rec_devs(2014)     0.952849  -5.7037e-05
log_rec_devs(2015)     0.149637  0.000116577
log_rec_devs(2016)     -0.82454  0.000118115
log_rec_devs(2017)    -0.837174  6.77604e-05
log_rec_devs(2018)    -0.122323  8.46144e-06
log_rec_devs(2019)      1.47236 -4.17358e-05
log_rec_devs(2020)     0.218703  0.000108843
log_rec_devs(2021)    -0.195056 -4.44005e-05
log_rec_devs(2022)    -0.233918 -1.26624e-05
log_rec_devs(2023)    0.0861613 -1.24465e-05
log_rec_devs(2024)  -0.00115681  4.18305e-05
log_F_devs(1964)    -0.649049 -0.000122719
log_F_devs(1965)    -0.624028 -2.55356e-06
log_F_devs(1966)    -0.701902 -5.98612e-05
log_F_devs(1967)    -0.162555   -8.202e-05
log_F_devs(1968)     -0.17607 -2.33831e-06
log_F_devs(1969)    -0.133986 -0.000143112
log_F_devs(1970)     0.228795 -0.000126478
log_F_devs(1971)     0.575865  0.000242454
log_F_devs(1972)     0.686949 -6.09449e-05
log_F_devs(1973)     0.817111  0.000140885
log_F_devs(1974)     0.880066 -5.65918e-05
log_F_devs(1975)     0.687678  4.64185e-05
log_F_devs(1976)     0.578985  0.000615639
log_F_devs(1977)     0.467987 -0.000321965
log_F_devs(1978)       0.5618 -7.90475e-05
log_F_devs(1979)     0.612599  0.000171548
log_F_devs(1980)      0.54999  5.00832e-05
log_F_devs(1981)     0.245154  0.000114217
log_F_devs(1982)    -0.187292 -3.11283e-05
log_F_devs(1983)    -0.384894 -0.000154274
log_F_devs(1984)    -0.424666 -1.47648e-06
log_F_devs(1985)    -0.427534 -0.000128067
log_F_devs(1986)    -0.511818  -0.00027943
log_F_devs(1987)    -0.828067  3.80146e-05
log_F_devs(1988)    -0.520734  0.000340639
log_F_devs(1989)    -0.492287 -8.85617e-05
log_F_devs(1990)   -0.0784154  0.000158056
log_F_devs(1991)     0.129181 -0.000139778
log_F_devs(1992)     0.435489 -5.43238e-05
log_F_devs(1993)   0.00459585  1.39688e-05
log_F_devs(1994)    -0.242796 -0.000178456
log_F_devs(1995)    -0.260083  9.29116e-05
log_F_devs(1996)   -0.0885173  8.94555e-05
log_F_devs(1997)   -0.0581222  0.000213933
log_F_devs(1998)    -0.237517 -7.58071e-05
log_F_devs(1999)     -0.47093 -2.67197e-05
log_F_devs(2000)    -0.373674  8.02026e-06
log_F_devs(2001)    -0.233084 -2.36151e-06
log_F_devs(2002)   -0.0683498  1.34986e-05
log_F_devs(2003)   0.00734684 -1.46737e-05
log_F_devs(2004)   -0.0959934  7.82527e-05
log_F_devs(2005)    -0.162533  0.000170351
log_F_devs(2006)    0.0464321 -7.94223e-05
log_F_devs(2007)     0.128886 -0.000157102
log_F_devs(2008)     0.236135   0.00021566
log_F_devs(2009)     0.213832 -5.61806e-05
log_F_devs(2010)    0.0309794 -0.000107764
log_F_devs(2011)     0.340036  9.77609e-05
log_F_devs(2012)     0.351076 -2.48503e-06
log_F_devs(2013)     0.302556  -0.00036449
log_F_devs(2014)     0.250279 -0.000187036
log_F_devs(2015)      0.32945  0.000299057
log_F_devs(2016)    0.0136286 -3.08277e-05
log_F_devs(2017)    -0.014893  4.12648e-05
log_F_devs(2018)    -0.228684  0.000574446
log_F_devs(2019)    -0.109638 -2.36075e-05
log_F_devs(2020)     0.125699 -0.000218664
log_F_devs(2021)    0.0605118 -0.000109761
log_F_devs(2022)    -0.309911 -0.000289577
log_F_devs(2023)    -0.351202 -4.79316e-05
log_F_devs(2024)    -0.289865  0.000171244
sel_devs_fsh(1,1)    0.0528004  3.69641e-05
sel_devs_fsh(1,2)    0.0928995  2.09021e-05
sel_devs_fsh(1,3)     0.143107  1.22029e-05
sel_devs_fsh(1,4)   -0.0412858  9.56135e-05
sel_devs_fsh(1,5)   -0.0415929 -0.000341153
sel_devs_fsh(1,6)   -0.0559268  0.000168047
sel_devs_fsh(1,7)   -0.0479301 -0.000676033
sel_devs_fsh(1,8)   -0.0387327  0.000242712
sel_devs_fsh(1,9)   -0.0278686    0.0022485
sel_devs_fsh(1,10)   -0.0182965  -0.00227799
sel_devs_fsh(1,11)   -0.0110377  0.000472892
sel_devs_fsh(1,12)  -0.00613642 -1.70496e-05
sel_devs_fsh(2,1)    0.0601637  4.61911e-05
sel_devs_fsh(2,2)     0.100163  5.40128e-05
sel_devs_fsh(2,3)     0.243488 -8.41073e-05
sel_devs_fsh(2,4)    -0.132187  0.000191393
sel_devs_fsh(2,5)   -0.0950791 -0.000344238
sel_devs_fsh(2,6)   -0.0735644  0.000152326
sel_devs_fsh(2,7)    -0.052164 -0.000707542
sel_devs_fsh(2,8)   -0.0325441  0.000159191
sel_devs_fsh(2,9)   -0.0196635   0.00224212
sel_devs_fsh(2,10)  -0.00839641  -0.00218165
sel_devs_fsh(2,11)   0.00109927  0.000513098
sel_devs_fsh(2,12)   0.00868406 -5.54788e-05
sel_devs_fsh(3,1)     0.124812 -1.43082e-06
sel_devs_fsh(3,2)     0.100318  4.14002e-05
sel_devs_fsh(3,3)   0.00673659 -6.76955e-05
sel_devs_fsh(3,4)  -0.00608216   0.00014731
sel_devs_fsh(3,5)   -0.0468029 -0.000238095
sel_devs_fsh(3,6)    -0.051011  0.000137165
sel_devs_fsh(3,7)   -0.0480977 -0.000502577
sel_devs_fsh(3,8)   -0.0371013   0.00013507
sel_devs_fsh(3,9)   -0.0246434   0.00197768
sel_devs_fsh(3,10)   -0.0126067  -0.00219146
sel_devs_fsh(3,11)  -0.00473785  0.000566823
sel_devs_fsh(3,12) -0.000784167 -7.83778e-06
sel_devs_fsh(4,1)     0.131875 -2.62167e-05
sel_devs_fsh(4,2)    0.0669551  5.19956e-05
sel_devs_fsh(4,3)     0.157311   2.8272e-05
sel_devs_fsh(4,4)    -0.105122  0.000204202
sel_devs_fsh(4,5)    -0.101337 -0.000338754
sel_devs_fsh(4,6)   -0.0917662  0.000130208
sel_devs_fsh(4,7)   -0.0789572 -0.000505148
sel_devs_fsh(4,8)   -0.0234828  0.000214118
sel_devs_fsh(4,9)  -0.00502493   0.00170024
sel_devs_fsh(4,10)   0.00987467  -0.00189734
sel_devs_fsh(4,11)    0.0170343  0.000498988
sel_devs_fsh(4,12)    0.0226378 -0.000108761
sel_devs_fsh(5,1)     0.187663  4.19163e-05
sel_devs_fsh(5,2)     0.136888  4.04871e-05
sel_devs_fsh(5,3)   -0.0321395 -4.41263e-05
sel_devs_fsh(5,4)     -0.25075  0.000161599
sel_devs_fsh(5,5)    -0.122689 -0.000316497
sel_devs_fsh(5,6)    -0.107236  0.000191064
sel_devs_fsh(5,7)   -0.0493273 -0.000476704
sel_devs_fsh(5,8)   0.00993657  0.000294417
sel_devs_fsh(5,9)    0.0365965   0.00143387
sel_devs_fsh(5,10)    0.0522658  -0.00163415
sel_devs_fsh(5,11)    0.0593379  0.000463343
sel_devs_fsh(5,12)    0.0794545 -0.000147948
sel_devs_fsh(6,1)    0.0101713  4.03699e-05
sel_devs_fsh(6,2)    0.0286215  2.56588e-05
sel_devs_fsh(6,3)   -0.0800177   -4.284e-05
sel_devs_fsh(6,4)   -0.0482915  0.000149687
sel_devs_fsh(6,5) -0.000791601 -0.000340181
sel_devs_fsh(6,6)   -0.0139321  9.27082e-05
sel_devs_fsh(6,7)   -0.0487651 -0.000416905
sel_devs_fsh(6,8)   0.00649528  0.000253165
sel_devs_fsh(6,9)    0.0274895   0.00124382
sel_devs_fsh(6,10)    0.0324424  -0.00137719
sel_devs_fsh(6,11)    0.0370587  0.000496979
sel_devs_fsh(6,12)    0.0495249 -3.67474e-05
sel_devs_fsh(7,1)    -0.232771  1.22459e-05
sel_devs_fsh(7,2)     0.197689  8.77147e-06
sel_devs_fsh(7,3)     0.116512 -6.07531e-06
sel_devs_fsh(7,4)    0.0807646  0.000172122
sel_devs_fsh(7,5)   -0.0206481  -0.00035751
sel_devs_fsh(7,6)  -0.00725287   0.00016978
sel_devs_fsh(7,7)   -0.0164511 -0.000390812
sel_devs_fsh(7,8)   -0.0306897  0.000227995
sel_devs_fsh(7,9)   -0.0140403   0.00105433
sel_devs_fsh(7,10)   -0.0166923  -0.00123835
sel_devs_fsh(7,11)   -0.0231346  0.000517531
sel_devs_fsh(7,12)   -0.0332851 -0.000169936
sel_devs_fsh(8,1)    -0.253205 -4.09269e-05
sel_devs_fsh(8,2)      0.10763  3.98422e-06
sel_devs_fsh(8,3)    0.0691513  -3.8407e-05
sel_devs_fsh(8,4)    0.0501647  0.000108976
sel_devs_fsh(8,5)    0.0396657 -0.000323858
sel_devs_fsh(8,6)    0.0488168  0.000123493
sel_devs_fsh(8,7)    0.0293695 -0.000338724
sel_devs_fsh(8,8)  0.000325382  0.000255962
sel_devs_fsh(8,9)   -0.0102776  0.000869997
sel_devs_fsh(8,10)   -0.0177641  -0.00105766
sel_devs_fsh(8,11)   -0.0258565  0.000512842
sel_devs_fsh(8,12)   -0.0380214 -9.16154e-05
sel_devs_fsh(9,1)    -0.210782 -1.39568e-05
sel_devs_fsh(9,2)      0.14602 -4.02248e-06
sel_devs_fsh(9,3)     0.180693 -2.45827e-05
sel_devs_fsh(9,4)    0.0369401   8.3967e-05
sel_devs_fsh(9,5)   0.00763023 -0.000310787
sel_devs_fsh(9,6)  -0.00307187  0.000105648
sel_devs_fsh(9,7)  -0.00236101 -0.000301408
sel_devs_fsh(9,8)   -0.0278071  0.000254585
sel_devs_fsh(9,9)   -0.0210196  0.000611988
sel_devs_fsh(9,10)    -0.025132 -0.000765814
sel_devs_fsh(9,11)   -0.0325706   0.00047148
sel_devs_fsh(9,12)   -0.0485406  -0.00013522
sel_devs_fsh(10,1)    -0.194036  1.84507e-05
sel_devs_fsh(10,2)    -0.175284  4.88454e-05
sel_devs_fsh(10,3)     0.130221 -3.47587e-05
sel_devs_fsh(10,4)    0.0806068  0.000106866
sel_devs_fsh(10,5)    0.0448635 -0.000307056
sel_devs_fsh(10,6)    0.0372966  0.000125791
sel_devs_fsh(10,7)    0.0351472 -0.000295893
sel_devs_fsh(10,8)  -0.00298155  0.000121058
sel_devs_fsh(10,9)   0.00573188  0.000421889
sel_devs_fsh(10,10)    0.0128422 -0.000510476
sel_devs_fsh(10,11)    0.0127248  0.000398083
sel_devs_fsh(10,12)    0.0128671 -0.000101461
sel_devs_fsh(11,1)    -0.192645 -2.99107e-06
sel_devs_fsh(11,2)   -0.0725247  4.67639e-05
sel_devs_fsh(11,3)    -0.083557 -9.05689e-05
sel_devs_fsh(11,4)    0.0896263  1.85246e-05
sel_devs_fsh(11,5)     0.075193 -0.000262662
sel_devs_fsh(11,6)    0.0628033  8.72482e-05
sel_devs_fsh(11,7)    0.0560666 -0.000106137
sel_devs_fsh(11,8)    0.0159764   4.3829e-05
sel_devs_fsh(11,9)    0.0121328  0.000353904
sel_devs_fsh(11,10)     0.013374 -0.000142732
sel_devs_fsh(11,11)    0.0126456  0.000272203
sel_devs_fsh(11,12)     0.010911  -0.00017715
sel_devs_fsh(12,1)    -0.182855   3.4642e-05
sel_devs_fsh(12,2)    0.0174948  7.13283e-05
sel_devs_fsh(12,3)    -0.132507 -6.19365e-05
sel_devs_fsh(12,4)   -0.0523722 -9.16156e-05
sel_devs_fsh(12,5)    0.0569135 -0.000273384
sel_devs_fsh(12,6)    0.0612599  0.000116492
sel_devs_fsh(12,7)     0.059907  6.31056e-05
sel_devs_fsh(12,8)    0.0364605 -6.47158e-05
sel_devs_fsh(12,9)    0.0286853  0.000110369
sel_devs_fsh(12,10)    0.0345824  6.94122e-05
sel_devs_fsh(12,11)    0.0357954    0.0001645
sel_devs_fsh(12,12)    0.0366346 -0.000152453
sel_devs_fsh(13,1)    -0.224034  -1.3269e-05
sel_devs_fsh(13,2)    -0.141189   4.4697e-05
sel_devs_fsh(13,3)   -0.0443928 -4.17073e-05
sel_devs_fsh(13,4)   -0.0294809 -2.18837e-05
sel_devs_fsh(13,5)    0.0436107  -0.00024237
sel_devs_fsh(13,6)    0.0539333  5.44129e-05
sel_devs_fsh(13,7)    0.0673119  0.000166083
sel_devs_fsh(13,8)    0.0672079 -0.000166379
sel_devs_fsh(13,9)      0.05528   0.00014139
sel_devs_fsh(13,10)    0.0501203  8.43298e-05
sel_devs_fsh(13,11)    0.0511036  0.000252099
sel_devs_fsh(13,12)    0.0505315  -0.00022435
sel_devs_fsh(14,1)     -0.17956 -3.17332e-06
sel_devs_fsh(14,2)    -0.379544  2.64355e-05
sel_devs_fsh(14,3)    -0.173043  3.31664e-05
sel_devs_fsh(14,4)   -0.0431976 -2.20767e-05
sel_devs_fsh(14,5)    0.0827355 -0.000314385
sel_devs_fsh(14,6)     0.138756  2.76427e-05
sel_devs_fsh(14,7)     0.122928  0.000119751
sel_devs_fsh(14,8)     0.122841  -0.00016067
sel_devs_fsh(14,9)    0.0994558  6.49764e-05
sel_devs_fsh(14,10)    0.0724918  0.000186205
sel_devs_fsh(14,11)    0.0692628   0.00034456
sel_devs_fsh(14,12)    0.0668745 -0.000296417
sel_devs_fsh(15,1)    -0.198462 -8.98775e-06
sel_devs_fsh(15,2)     -0.48683  5.25702e-05
sel_devs_fsh(15,3)    -0.274334  -6.2096e-05
sel_devs_fsh(15,4)    0.0657393 -5.56833e-05
sel_devs_fsh(15,5)     0.114726 -0.000206749
sel_devs_fsh(15,6)     0.150248  3.79774e-05
sel_devs_fsh(15,7)     0.147324  0.000103959
sel_devs_fsh(15,8)     0.138245 -0.000163883
sel_devs_fsh(15,9)    0.0949824  0.000121843
sel_devs_fsh(15,10)    0.0849956  0.000210466
sel_devs_fsh(15,11)    0.0832503  0.000352622
sel_devs_fsh(15,12)    0.0801177 -0.000349823
sel_devs_fsh(16,1)    -0.165091  7.83067e-06
sel_devs_fsh(16,2)    -0.272648  5.37567e-05
sel_devs_fsh(16,3)    -0.279084 -7.46524e-05
sel_devs_fsh(16,4)   -0.0222448  -6.2634e-05
sel_devs_fsh(16,5)     0.116515 -0.000221669
sel_devs_fsh(16,6)    0.0844721  7.07363e-05
sel_devs_fsh(16,7)    0.0931227  5.32837e-05
sel_devs_fsh(16,8)    0.0975469 -0.000101003
sel_devs_fsh(16,9)    0.0921803  -8.6889e-05
sel_devs_fsh(16,10)    0.0861577  0.000268725
sel_devs_fsh(16,11)    0.0837645  0.000423644
sel_devs_fsh(16,12)    0.0853075 -0.000332738
sel_devs_fsh(17,1)    -0.130547  1.84604e-05
sel_devs_fsh(17,2)    -0.102226 -3.93654e-05
sel_devs_fsh(17,3)    -0.300815 -0.000100605
sel_devs_fsh(17,4)    -0.020752 -6.04469e-06
sel_devs_fsh(17,5)    0.0263078 -0.000260884
sel_devs_fsh(17,6)    0.0656054  0.000157743
sel_devs_fsh(17,7)    0.0652518  0.000106356
sel_devs_fsh(17,8)    0.0732985 -0.000143478
sel_devs_fsh(17,9)     0.077835 -8.27065e-05
sel_devs_fsh(17,10)    0.0797048  0.000312578
sel_devs_fsh(17,11)     0.081693  0.000426951
sel_devs_fsh(17,12)    0.0846457 -0.000366421
sel_devs_fsh(18,1)    -0.147537 -0.000110111
sel_devs_fsh(18,2)     0.102162 -4.38844e-05
sel_devs_fsh(18,3)   -0.0852666 -2.98881e-06
sel_devs_fsh(18,4)    -0.162356  -5.1437e-05
sel_devs_fsh(18,5)    -0.075806 -0.000189005
sel_devs_fsh(18,6)    0.0431032  0.000145187
sel_devs_fsh(18,7)    0.0367319   9.4204e-05
sel_devs_fsh(18,8)    0.0338313 -8.37874e-05
sel_devs_fsh(18,9)    0.0517115 -5.50742e-05
sel_devs_fsh(18,10)    0.0596111  0.000367113
sel_devs_fsh(18,11)    0.0686781  0.000279751
sel_devs_fsh(18,12)    0.0751381   -0.0003219
sel_devs_fsh(19,1)    -0.136025  1.37258e-05
sel_devs_fsh(19,2)    -0.151175  2.73609e-05
sel_devs_fsh(19,3)    0.0623275  2.38905e-05
sel_devs_fsh(19,4)   -0.0685081 -3.89938e-05
sel_devs_fsh(19,5)    0.0614233  -0.00032807
sel_devs_fsh(19,6)   0.00795536  0.000118779
sel_devs_fsh(19,7)    0.0353178  0.000155608
sel_devs_fsh(19,8)    0.0271496 -0.000269506
sel_devs_fsh(19,9)    0.0277436 -3.30682e-05
sel_devs_fsh(19,10)    0.0327202  0.000372014
sel_devs_fsh(19,11)    0.0469255   0.00016746
sel_devs_fsh(19,12)    0.0541399 -0.000294882
sel_devs_fsh(20,1)    -0.151888  7.98334e-05
sel_devs_fsh(20,2)    0.0451088 -1.50314e-06
sel_devs_fsh(20,3)     0.138718  2.70689e-05
sel_devs_fsh(20,4)   -0.0782835 -1.15057e-05
sel_devs_fsh(20,5)    -0.230177 -0.000320172
sel_devs_fsh(20,6)    0.0731593  0.000261905
sel_devs_fsh(20,7)    0.0430147  0.000225555
sel_devs_fsh(20,8)    0.0426809 -0.000227712
sel_devs_fsh(20,9)     0.019112  0.000139722
sel_devs_fsh(20,10)    0.0247734  0.000166442
sel_devs_fsh(20,11)    0.0336271  4.27041e-05
sel_devs_fsh(20,12)    0.0401628  -0.00025218
sel_devs_fsh(21,1)    -0.159516 -2.59614e-05
sel_devs_fsh(21,2)   -0.0314567  1.20351e-05
sel_devs_fsh(21,3)    0.0770942 -5.65415e-05
sel_devs_fsh(21,4)     0.164003 -4.64069e-05
sel_devs_fsh(21,5)   -0.0161074 -0.000332887
sel_devs_fsh(21,6)   -0.0738858  0.000277756
sel_devs_fsh(21,7)    0.0220794   0.00018267
sel_devs_fsh(21,8)    -0.030488 -0.000287338
sel_devs_fsh(21,9)    0.0228455  0.000267815
sel_devs_fsh(21,10)   0.00440233  0.000184044
sel_devs_fsh(21,11)   0.00312436  -5.4539e-05
sel_devs_fsh(21,12)    0.0179051 -0.000118221
sel_devs_fsh(22,1)    -0.161043 -3.09396e-05
sel_devs_fsh(22,2)   -0.0782786 -4.81243e-06
sel_devs_fsh(22,3)     0.121869 -0.000152443
sel_devs_fsh(22,4)   -0.0845571 -3.49896e-05
sel_devs_fsh(22,5)    0.0134909 -0.000241229
sel_devs_fsh(22,6)   -0.0375104  0.000339553
sel_devs_fsh(22,7)   -0.0958478  0.000161296
sel_devs_fsh(22,8)     0.135747 -0.000272763
sel_devs_fsh(22,9)    0.0867232  0.000292824
sel_devs_fsh(22,10)    0.0638565  8.33227e-05
sel_devs_fsh(22,11)    0.0290204 -1.35773e-05
sel_devs_fsh(22,12)   0.00653177 -0.000100187
sel_devs_fsh(23,1)    -0.194228  3.23992e-05
sel_devs_fsh(23,2)    -0.114886 -3.48269e-05
sel_devs_fsh(23,3)     0.461207 -4.94374e-06
sel_devs_fsh(23,4)    0.0448422 -8.71008e-06
sel_devs_fsh(23,5)     0.123833  -0.00024051
sel_devs_fsh(23,6)   -0.0530743  0.000289448
sel_devs_fsh(23,7)     0.133366  0.000151036
sel_devs_fsh(23,8)   -0.0934963 -0.000279204
sel_devs_fsh(23,9)   -0.0904567  0.000258094
sel_devs_fsh(23,10)    -0.111665   8.6644e-05
sel_devs_fsh(23,11)   -0.0651851 -7.13912e-05
sel_devs_fsh(23,12)   -0.0402516 -9.62623e-05
sel_devs_fsh(24,1)    -0.162813  7.39396e-06
sel_devs_fsh(24,2)   -0.0739866 -1.74857e-05
sel_devs_fsh(24,3)    -0.382143  2.84202e-05
sel_devs_fsh(24,4)     0.167593  1.43216e-05
sel_devs_fsh(24,5)    0.0359216 -0.000319467
sel_devs_fsh(24,6)    0.0817984  0.000242738
sel_devs_fsh(24,7)     0.126688  0.000105942
sel_devs_fsh(24,8)     0.104922 -0.000247019
sel_devs_fsh(24,9)    0.0260714  0.000176745
sel_devs_fsh(24,10)    0.0688881  0.000117975
sel_devs_fsh(24,11)    0.0219108 -1.52123e-05
sel_devs_fsh(24,12)   -0.0148546 -0.000160168
sel_devs_fsh(25,1)    -0.153339   2.7271e-05
sel_devs_fsh(25,2)   -0.0418689 -1.08172e-05
sel_devs_fsh(25,3)    -0.345557  8.44844e-06
sel_devs_fsh(25,4)    0.0385622 -2.89649e-05
sel_devs_fsh(25,5)     0.183157  -0.00029794
sel_devs_fsh(25,6)    0.0578402  0.000215486
sel_devs_fsh(25,7)   -0.0286147  0.000134642
sel_devs_fsh(25,8)    0.0452247 -0.000242962
sel_devs_fsh(25,9)     0.059071  0.000251821
sel_devs_fsh(25,10)   -0.0170968  7.40632e-05
sel_devs_fsh(25,11)     0.129392 -5.18098e-05
sel_devs_fsh(25,12)    0.0732295 -6.95831e-05
sel_devs_fsh(26,1)   -0.0807208  1.97306e-05
sel_devs_fsh(26,2)   0.00227764  6.74352e-06
sel_devs_fsh(26,3)    -0.370931  2.85122e-05
sel_devs_fsh(26,4)    -0.323261  3.03682e-05
sel_devs_fsh(26,5)    -0.222628 -0.000283526
sel_devs_fsh(26,6)   -0.0618621  0.000258433
sel_devs_fsh(26,7)     0.126554  0.000139045
sel_devs_fsh(26,8)   -0.0287191 -0.000258653
sel_devs_fsh(26,9)     0.165069  0.000248408
sel_devs_fsh(26,10)      0.10422  2.82621e-05
sel_devs_fsh(26,11)     0.353848 -9.31335e-05
sel_devs_fsh(26,12)     0.336157 -5.91204e-05
sel_devs_fsh(27,1)    -0.156197 -6.56621e-05
sel_devs_fsh(27,2)   -0.0676874   2.3799e-05
sel_devs_fsh(27,3)     0.502574  8.66798e-06
sel_devs_fsh(27,4)    -0.260322  6.95677e-05
sel_devs_fsh(27,5)    -0.344345 -0.000182761
sel_devs_fsh(27,6)   -0.0415799  0.000229461
sel_devs_fsh(27,7)   -0.0283525  0.000175492
sel_devs_fsh(27,8)     0.213942 -0.000377348
sel_devs_fsh(27,9)      0.10744  0.000340414
sel_devs_fsh(27,10)     0.232395 -1.64218e-05
sel_devs_fsh(27,11)    -0.112719 -0.000117621
sel_devs_fsh(27,12)   -0.0451398  5.69834e-05
sel_devs_fsh(28,1)    -0.144413 -4.04416e-05
sel_devs_fsh(28,2)    -0.488422  2.10516e-05
sel_devs_fsh(28,3)    -0.031612  5.36876e-05
sel_devs_fsh(28,4)     0.796182  7.73608e-05
sel_devs_fsh(28,5)   0.00190358 -0.000200099
sel_devs_fsh(28,6)    0.0153472  0.000314776
sel_devs_fsh(28,7)    0.0875678  0.000137817
sel_devs_fsh(28,8)     0.025429 -0.000329793
sel_devs_fsh(28,9)   -0.0138313  0.000334529
sel_devs_fsh(28,10)   -0.0516888  -4.3592e-05
sel_devs_fsh(28,11)     -0.12726 -0.000216896
sel_devs_fsh(28,12)   -0.0691914  7.11195e-05
sel_devs_fsh(29,1)   -0.0511842   1.0235e-05
sel_devs_fsh(29,2)     0.012418 -5.14943e-05
sel_devs_fsh(29,3)    -0.775989  7.12069e-05
sel_devs_fsh(29,4)    -0.298623  3.91462e-05
sel_devs_fsh(29,5)     0.905778 -0.000199388
sel_devs_fsh(29,6)     0.260578  0.000216833
sel_devs_fsh(29,7)    0.0239535  0.000213754
sel_devs_fsh(29,8)   -0.0233318 -0.000445374
sel_devs_fsh(29,9)   -0.0322851  0.000360852
sel_devs_fsh(29,10)  -0.00690951 -6.64711e-06
sel_devs_fsh(29,11)    0.0223894 -0.000145735
sel_devs_fsh(29,12)   -0.0367865  5.22138e-05
sel_devs_fsh(30,1)   -0.0207995  7.35547e-05
sel_devs_fsh(30,2)     0.183182 -4.02176e-05
sel_devs_fsh(30,3)    -0.283582  0.000127945
sel_devs_fsh(30,4)    -0.686117  8.04151e-06
sel_devs_fsh(30,5)    -0.361691 -0.000200356
sel_devs_fsh(30,6)     0.462247   0.00023251
sel_devs_fsh(30,7)       0.1489  0.000172489
sel_devs_fsh(30,8)     0.164506 -0.000390944
sel_devs_fsh(30,9)     0.134747  0.000396367
sel_devs_fsh(30,10)     0.117325 -0.000107728
sel_devs_fsh(30,11)    0.0862502 -0.000212154
sel_devs_fsh(30,12)    0.0550394  6.08279e-05
sel_devs_fsh(31,1)   -0.0352299  5.50625e-05
sel_devs_fsh(31,2)     0.518611  -7.5058e-05
sel_devs_fsh(31,3)     0.270332    1.452e-05
sel_devs_fsh(31,4)    -0.786497  5.01603e-05
sel_devs_fsh(31,5)    -0.738842 -0.000155695
sel_devs_fsh(31,6)    -0.358511  0.000222544
sel_devs_fsh(31,7)     0.269681  0.000206923
sel_devs_fsh(31,8)     0.308302 -0.000463264
sel_devs_fsh(31,9)     0.226844  0.000328312
sel_devs_fsh(31,10)     0.154776 -0.000138718
sel_devs_fsh(31,11)    0.0998407 -0.000259359
sel_devs_fsh(31,12)    0.0706838  8.01713e-05
sel_devs_fsh(32,1)    -0.135476  3.11772e-05
sel_devs_fsh(32,2)       0.3551 -7.19125e-05
sel_devs_fsh(32,3)     0.156994  2.07101e-05
sel_devs_fsh(32,4)     0.644617  8.58761e-05
sel_devs_fsh(32,5)    -0.006836 -0.000220681
sel_devs_fsh(32,6)    -0.403213  0.000216198
sel_devs_fsh(32,7)    -0.411025  9.26283e-05
sel_devs_fsh(32,8)    -0.308899 -0.000385762
sel_devs_fsh(32,9)  -0.00468888  0.000380319
sel_devs_fsh(32,10)    0.0304327  5.03539e-06
sel_devs_fsh(32,11)    0.0383115 -0.000245626
sel_devs_fsh(32,12)    0.0446833  9.65099e-05
sel_devs_fsh(33,1)     -0.10877 -3.18582e-05
sel_devs_fsh(33,2)    -0.379578 -1.61959e-05
sel_devs_fsh(33,3)     0.292681  4.21173e-05
sel_devs_fsh(33,4)     0.242779  2.00495e-05
sel_devs_fsh(33,5)     0.176744 -0.000115624
sel_devs_fsh(33,6)      0.28638  0.000152644
sel_devs_fsh(33,7)    -0.232395  0.000132465
sel_devs_fsh(33,8)   -0.0648239 -0.000331079
sel_devs_fsh(33,9)   -0.0789165  0.000385489
sel_devs_fsh(33,10)   -0.0500008 -5.43751e-05
sel_devs_fsh(33,11)   -0.0474792 -0.000267049
sel_devs_fsh(33,12)   -0.0366196  0.000104044
sel_devs_fsh(34,1)    -0.153913 -3.32552e-05
sel_devs_fsh(34,2)    -0.385858 -1.53371e-05
sel_devs_fsh(34,3)     0.835196  5.30201e-05
sel_devs_fsh(34,4)     0.473732  4.97473e-06
sel_devs_fsh(34,5)     0.150886 -5.57168e-05
sel_devs_fsh(34,6)    -0.259904  0.000124162
sel_devs_fsh(34,7)     0.254615  4.52055e-05
sel_devs_fsh(34,8)    -0.106892 -0.000396425
sel_devs_fsh(34,9)    -0.278393  0.000439569
sel_devs_fsh(34,10)    -0.247454  -5.8757e-05
sel_devs_fsh(34,11)    -0.177602 -0.000253964
sel_devs_fsh(34,12)    -0.104415  0.000104167
sel_devs_fsh(35,1)   -0.0807132  7.11448e-06
sel_devs_fsh(35,2)     -0.15593 -3.95709e-06
sel_devs_fsh(35,3)    -0.562174   8.8678e-05
sel_devs_fsh(35,4)     0.309327  3.96675e-05
sel_devs_fsh(35,5)     0.437831 -7.37389e-05
sel_devs_fsh(35,6)    0.0146911  0.000160611
sel_devs_fsh(35,7)   -0.0408107  0.000111831
sel_devs_fsh(35,8)     0.239153 -0.000366313
sel_devs_fsh(35,9)    0.0232142  0.000430483
sel_devs_fsh(35,10)    -0.052059 -0.000106997
sel_devs_fsh(35,11)   -0.0553735 -0.000315457
sel_devs_fsh(35,12)   -0.0771478  0.000136468
sel_devs_fsh(36,1)   -0.0359111  2.92965e-05
sel_devs_fsh(36,2)    -0.204227 -9.68474e-05
sel_devs_fsh(36,3)    -0.455452  3.84042e-05
sel_devs_fsh(36,4)    -0.311603 -1.35692e-05
sel_devs_fsh(36,5)     0.256551 -0.000120493
sel_devs_fsh(36,6)     0.628544  0.000165067
sel_devs_fsh(36,7)     0.145387  1.36675e-05
sel_devs_fsh(36,8)    -0.101682 -0.000302914
sel_devs_fsh(36,9)    0.0316628  0.000452587
sel_devs_fsh(36,10)    0.0398748  8.25893e-06
sel_devs_fsh(36,11)    0.0260355 -0.000314028
sel_devs_fsh(36,12)   -0.0191819  0.000125967
sel_devs_fsh(37,1)   -0.0804241 -3.87961e-05
sel_devs_fsh(37,2)     0.167224 -4.59125e-05
sel_devs_fsh(37,3)    0.0783352  0.000124566
sel_devs_fsh(37,4)   -0.0170526  7.42228e-05
sel_devs_fsh(37,5)    -0.227601 -0.000178946
sel_devs_fsh(37,6)    0.0660788  0.000165537
sel_devs_fsh(37,7)    0.0829343 -1.50718e-06
sel_devs_fsh(37,8)     0.064528 -0.000308761
sel_devs_fsh(37,9)    0.0453628   0.00039299
sel_devs_fsh(37,10)   -0.0202305  -5.6826e-05
sel_devs_fsh(37,11)   -0.0833375 -0.000271241
sel_devs_fsh(37,12)   -0.0758179  0.000133031
sel_devs_fsh(38,1)   -0.0846808 -5.41784e-05
sel_devs_fsh(38,2)    -0.340103 -1.86504e-05
sel_devs_fsh(38,3)     0.676029  2.60959e-05
sel_devs_fsh(38,4)   -0.0564501 -2.34759e-05
sel_devs_fsh(38,5)    0.0362284 -6.65189e-05
sel_devs_fsh(38,6)    -0.174834  0.000275328
sel_devs_fsh(38,7)    0.0369169 -0.000105191
sel_devs_fsh(38,8)    0.0443899 -0.000268541
sel_devs_fsh(38,9)    0.0113012   0.00037879
sel_devs_fsh(38,10)  -0.00957373 -0.000142943
sel_devs_fsh(38,11)   -0.0746578 -0.000177961
sel_devs_fsh(38,12)   -0.0645679  0.000143727
sel_devs_fsh(39,1)   -0.0391931  2.26673e-05
sel_devs_fsh(39,2)    -0.146995 -3.76638e-05
sel_devs_fsh(39,3)    -0.674932  3.13695e-05
sel_devs_fsh(39,4)     0.727976   1.9184e-05
sel_devs_fsh(39,5)    0.0338868 -0.000131378
sel_devs_fsh(39,6)    -0.115778  0.000215317
sel_devs_fsh(39,7)  -0.00367422 -5.33496e-05
sel_devs_fsh(39,8)    0.0240562 -0.000268334
sel_devs_fsh(39,9)    0.0482627  0.000373462
sel_devs_fsh(39,10)    0.0553316 -0.000119511
sel_devs_fsh(39,11)     0.074238 -0.000214202
sel_devs_fsh(39,12)    0.0168157  7.00068e-05
sel_devs_fsh(40,1)   -0.0682609  5.31036e-05
sel_devs_fsh(40,2)     0.078106   -9.148e-06
sel_devs_fsh(40,3) -0.000601455  5.89164e-06
sel_devs_fsh(40,4)     -0.32989 -3.63742e-05
sel_devs_fsh(40,5)     0.435056 -0.000151172
sel_devs_fsh(40,6)     0.254332    0.0002863
sel_devs_fsh(40,7)    -0.109881 -6.86917e-05
sel_devs_fsh(40,8)    -0.153699 -0.000276275
sel_devs_fsh(40,9)   -0.0598356  0.000346563
sel_devs_fsh(40,10)   0.00274602 -0.000126092
sel_devs_fsh(40,11) -0.000119717 -0.000145173
sel_devs_fsh(40,12)   -0.0479551  7.30975e-05
sel_devs_fsh(41,1)   -0.0969871  1.44429e-05
sel_devs_fsh(41,2)    0.0967437 -2.84259e-05
sel_devs_fsh(41,3)     0.561323  3.57208e-06
sel_devs_fsh(41,4)   -0.0738354 -1.24746e-05
sel_devs_fsh(41,5)    -0.304002 -0.000264101
sel_devs_fsh(41,6)   -0.0545275  0.000260227
sel_devs_fsh(41,7)   -0.0608257  3.34547e-05
sel_devs_fsh(41,8)   -0.0292526 -0.000272434
sel_devs_fsh(41,9)   -0.0741311  0.000396083
sel_devs_fsh(41,10)   -0.0329928 -0.000131595
sel_devs_fsh(41,11)    0.0186341 -0.000127472
sel_devs_fsh(41,12)    0.0498466  3.34896e-05
sel_devs_fsh(42,1)   -0.0565076  4.78472e-05
sel_devs_fsh(42,2)    0.0377476   1.0306e-05
sel_devs_fsh(42,3)    -0.049639  4.37177e-05
sel_devs_fsh(42,4)    0.0122165  3.28125e-06
sel_devs_fsh(42,5)   -0.0447449 -0.000231193
sel_devs_fsh(42,6)    0.0100593  0.000211598
sel_devs_fsh(42,7)    0.0252513  5.42235e-05
sel_devs_fsh(42,8)   -0.0610964 -0.000273794
sel_devs_fsh(42,9)   -0.0280356  0.000470943
sel_devs_fsh(42,10)   0.00428513 -6.24413e-05
sel_devs_fsh(42,11)    0.0523115 -0.000107403
sel_devs_fsh(42,12)    0.0981606 -3.43651e-05
sel_devs_fsh(43,1)  -0.00651469  -1.6413e-05
sel_devs_fsh(43,2)    -0.060894 -2.75731e-05
sel_devs_fsh(43,3)    -0.530327  9.56136e-05
sel_devs_fsh(43,4)    -0.138706 -3.25245e-05
sel_devs_fsh(43,5)       -0.083 -0.000237347
sel_devs_fsh(43,6)    0.0375251  0.000209527
sel_devs_fsh(43,7)    0.0603233  0.000145895
sel_devs_fsh(43,8)     0.129099 -0.000280355
sel_devs_fsh(43,9)     0.146722  0.000390873
sel_devs_fsh(43,10)    0.0811751 -0.000129362
sel_devs_fsh(43,11)     0.167568 -0.000177567
sel_devs_fsh(43,12)     0.197022 -4.26579e-05
sel_devs_fsh(44,1)   -0.0364535  1.08526e-06
sel_devs_fsh(44,2)    -0.346514 -5.07919e-05
sel_devs_fsh(44,3)     0.199635  4.45193e-05
sel_devs_fsh(44,4)    0.0500306  1.06484e-05
sel_devs_fsh(44,5)    -0.144083 -0.000279335
sel_devs_fsh(44,6)   -0.0898815  0.000198912
sel_devs_fsh(44,7)    -0.050515  0.000160371
sel_devs_fsh(44,8)   -0.0143863  -0.00037483
sel_devs_fsh(44,9)   0.00289196  0.000470329
sel_devs_fsh(44,10)     0.152557  -6.9394e-05
sel_devs_fsh(44,11)     0.151288 -5.94502e-05
sel_devs_fsh(44,12)     0.125436  4.11037e-05
sel_devs_fsh(45,1)   0.00286929  9.09725e-05
sel_devs_fsh(45,2)    0.0806358  2.10792e-05
sel_devs_fsh(45,3)    -0.614992  -5.0456e-05
sel_devs_fsh(45,4)      0.44814 -2.28231e-06
sel_devs_fsh(45,5)     0.172818 -0.000198579
sel_devs_fsh(45,6)    -0.248697  0.000180868
sel_devs_fsh(45,7)   -0.0701873   0.00011056
sel_devs_fsh(45,8)    0.0883374 -0.000384481
sel_devs_fsh(45,9)    0.0931647  0.000534395
sel_devs_fsh(45,10)     0.024607 -7.02646e-05
sel_devs_fsh(45,11)   -0.0314941 -0.000136153
sel_devs_fsh(45,12)    0.0547988 -9.42146e-05
sel_devs_fsh(46,1)   0.00895608  2.01879e-05
sel_devs_fsh(46,2)   -0.0548888  7.78654e-05
sel_devs_fsh(46,3)    0.0444157  6.12255e-07
sel_devs_fsh(46,4)     -1.08196   0.00010375
sel_devs_fsh(46,5)     0.429625 -0.000212069
sel_devs_fsh(46,6)     0.362544  0.000242453
sel_devs_fsh(46,7)     0.135889   9.4793e-05
sel_devs_fsh(46,8)    0.0140832 -0.000279002
sel_devs_fsh(46,9)    0.0192774  0.000466407
sel_devs_fsh(46,10)    0.0935197 -7.29479e-05
sel_devs_fsh(46,11)    0.0567617 -0.000158965
sel_devs_fsh(46,12)   -0.0282098  9.27233e-06
sel_devs_fsh(47,1)   -0.0265778 -2.39823e-05
sel_devs_fsh(47,2)     0.199642  -9.1664e-06
sel_devs_fsh(47,3)     0.184494  4.20319e-05
sel_devs_fsh(47,4)     0.612785 -2.40762e-07
sel_devs_fsh(47,5)     -1.09318 -0.000210375
sel_devs_fsh(47,6)   -0.0143587  0.000259302
sel_devs_fsh(47,7)     0.014845  1.15687e-05
sel_devs_fsh(47,8)    0.0391096 -0.000304767
sel_devs_fsh(47,9)    0.0229487  0.000368546
sel_devs_fsh(47,10)   -0.0464968  2.26086e-05
sel_devs_fsh(47,11)    0.0274258 -0.000208822
sel_devs_fsh(47,12)    0.0793548 -6.56006e-05
sel_devs_fsh(48,1)   0.00766052  3.65793e-05
sel_devs_fsh(48,2)    -0.202295 -2.65394e-05
sel_devs_fsh(48,3)    0.0280482 -8.23994e-05
sel_devs_fsh(48,4)    -0.130538  0.000146632
sel_devs_fsh(48,5)     0.504899 -0.000193358
sel_devs_fsh(48,6)    -0.620874  0.000227355
sel_devs_fsh(48,7)    -0.132406  0.000105302
sel_devs_fsh(48,8)    0.0720427 -0.000231682
sel_devs_fsh(48,9)     0.128969   0.00033298
sel_devs_fsh(48,10)      0.14169  -2.8073e-05
sel_devs_fsh(48,11)     0.107699    -0.000217
sel_devs_fsh(48,12)    0.0951079 -8.44363e-06
sel_devs_fsh(49,1)    -0.022515  8.20118e-05
sel_devs_fsh(49,2)     0.154423  3.45732e-05
sel_devs_fsh(49,3)   -0.0385111 -0.000104892
sel_devs_fsh(49,4)     -0.13998  0.000182699
sel_devs_fsh(49,5)    -0.103105 -0.000153274
sel_devs_fsh(49,6)     0.284108  0.000157746
sel_devs_fsh(49,7)     0.122574  1.08757e-05
sel_devs_fsh(49,8)    -0.137697  -0.00024932
sel_devs_fsh(49,9)    -0.113871  0.000178757
sel_devs_fsh(49,10) -0.000693732   0.00015116
sel_devs_fsh(49,11)  -0.00526382 -0.000227872
sel_devs_fsh(49,12)  0.000533639 -3.83948e-05
sel_devs_fsh(50,1)   -0.0182172  4.07294e-05
sel_devs_fsh(50,2)    -0.522738  8.21964e-05
sel_devs_fsh(50,3)      1.09838 -4.58613e-06
sel_devs_fsh(50,4)     0.190098  0.000192557
sel_devs_fsh(50,5)    -0.171803 -0.000212208
sel_devs_fsh(50,6)   -0.0944557  0.000139864
sel_devs_fsh(50,7)    -0.167922  3.15626e-05
sel_devs_fsh(50,8)    -0.135049 -0.000266873
sel_devs_fsh(50,9)    -0.108293  0.000248668
sel_devs_fsh(50,10)   -0.0327548  0.000127037
sel_devs_fsh(50,11)   -0.0211875 -0.000101361
sel_devs_fsh(50,12)   -0.0160428 -4.07284e-05
sel_devs_fsh(51,1)    0.0680503  2.66349e-05
sel_devs_fsh(51,2)     -0.11875  9.50517e-06
sel_devs_fsh(51,3)     -1.47129 -5.38506e-05
sel_devs_fsh(51,4)      1.08388  0.000186686
sel_devs_fsh(51,5)     0.303645 -0.000122453
sel_devs_fsh(51,6)    0.0307027  2.37881e-05
sel_devs_fsh(51,7)   -0.0709522 -7.33032e-05
sel_devs_fsh(51,8)     0.232585 -0.000120244
sel_devs_fsh(51,9)    0.0817561  0.000301364
sel_devs_fsh(51,10)   -0.0812976  0.000106394
sel_devs_fsh(51,11)   -0.0249493 -0.000220668
sel_devs_fsh(51,12)   -0.0333782 -7.80076e-05
sel_devs_fsh(52,1)    0.0563714 -6.95729e-05
sel_devs_fsh(52,2)     0.143012  4.56521e-05
sel_devs_fsh(52,3)    -0.304561  4.23206e-05
sel_devs_fsh(52,4)     -1.11369  0.000155322
sel_devs_fsh(52,5)     0.618242 -0.000145833
sel_devs_fsh(52,6)     0.352978  0.000138024
sel_devs_fsh(52,7)     0.216978 -6.24671e-05
sel_devs_fsh(52,8)   -0.0698563 -0.000114399
sel_devs_fsh(52,9)     0.100692  0.000181755
sel_devs_fsh(52,10)    0.0517923  9.86944e-05
sel_devs_fsh(52,11)     -0.02627  -0.00021612
sel_devs_fsh(52,12)   -0.0256918 -6.17949e-05
sel_devs_fsh(53,1)    0.0326493 -3.51092e-06
sel_devs_fsh(53,2)     0.194161 -4.75296e-05
sel_devs_fsh(53,3)    0.0687385  1.34506e-05
sel_devs_fsh(53,4)    -0.565745  0.000116649
sel_devs_fsh(53,5)    0.0521319 -0.000177066
sel_devs_fsh(53,6)     0.217353   0.00013608
sel_devs_fsh(53,7)      0.12173 -3.61447e-05
sel_devs_fsh(53,8)     0.111455 -5.44412e-05
sel_devs_fsh(53,9)   -0.0430943  5.71712e-05
sel_devs_fsh(53,10)   -0.0723616  0.000206421
sel_devs_fsh(53,11)   -0.0651444 -0.000246908
sel_devs_fsh(53,12)   -0.0518746  1.32897e-05
sel_devs_fsh(54,1)    0.0822174  6.07583e-06
sel_devs_fsh(54,2)     0.770357  1.15075e-05
sel_devs_fsh(54,3)     0.150684  2.14992e-05
sel_devs_fsh(54,4)    -0.641118  0.000179397
sel_devs_fsh(54,5)     -1.39207 -0.000233155
sel_devs_fsh(54,6)    0.0668698  7.85934e-05
sel_devs_fsh(54,7)     0.494672 -5.21715e-05
sel_devs_fsh(54,8)      0.28049 -7.37016e-05
sel_devs_fsh(54,9)     0.181474   0.00013215
sel_devs_fsh(54,10)     0.160026  0.000233302
sel_devs_fsh(54,11)   -0.0489699 -0.000295041
sel_devs_fsh(54,12)    -0.104635  1.59144e-05
sel_devs_fsh(55,1)      0.12504 -2.35183e-06
sel_devs_fsh(55,2)     0.998327  1.61595e-05
sel_devs_fsh(55,3)     0.661163  6.84013e-06
sel_devs_fsh(55,4)      0.75766  0.000146782
sel_devs_fsh(55,5)     0.218143 -0.000195574
sel_devs_fsh(55,6)    -0.541548  6.73035e-05
sel_devs_fsh(55,7)    -0.659769 -6.72662e-05
sel_devs_fsh(55,8)     -0.60432 -9.86375e-05
sel_devs_fsh(55,9)    -0.341836  8.14553e-05
sel_devs_fsh(55,10)    -0.289892  0.000184522
sel_devs_fsh(55,11)     -0.13693 -0.000231859
sel_devs_fsh(55,12)    -0.186042  3.53046e-05
sel_devs_fsh(56,1)   -0.0334575 -1.98141e-06
sel_devs_fsh(56,2)      0.34755 -2.40173e-05
sel_devs_fsh(56,3)     0.934753  3.08787e-06
sel_devs_fsh(56,4)    -0.154861  8.88516e-05
sel_devs_fsh(56,5)   -0.0987853 -0.000251445
sel_devs_fsh(56,6)    -0.565607  0.000125339
sel_devs_fsh(56,7)    -0.175815 -1.05311e-06
sel_devs_fsh(56,8)     0.110187 -6.07221e-05
sel_devs_fsh(56,9)    -0.104853  7.59615e-05
sel_devs_fsh(56,10)     -0.10924  0.000185028
sel_devs_fsh(56,11)    -0.090438 -0.000224831
sel_devs_fsh(56,12)   -0.0594312  0.000115407
sel_devs_fsh(57,1)   0.00476284 -5.75409e-06
sel_devs_fsh(57,2)    0.0747843  6.46782e-06
sel_devs_fsh(57,3)    -0.373256  3.61211e-05
sel_devs_fsh(57,4)      0.64432  0.000100672
sel_devs_fsh(57,5)      0.12997 -0.000145463
sel_devs_fsh(57,6)  -0.00740058  9.49582e-05
sel_devs_fsh(57,7)    -0.174026 -1.02933e-05
sel_devs_fsh(57,8)   -0.0452278 -1.70008e-05
sel_devs_fsh(57,9)   -0.0889194  4.35022e-05
sel_devs_fsh(57,10)    -0.147864  8.27909e-05
sel_devs_fsh(57,11)   -0.0254252 -0.000170724
sel_devs_fsh(57,12)    0.0082841  2.23614e-05
sel_devs_fsh(58,1)    0.0293888  -1.4461e-06
sel_devs_fsh(58,2)    -0.337083 -1.26277e-05
sel_devs_fsh(58,3)    -0.182246 -2.08015e-05
sel_devs_fsh(58,4)    -0.069823  8.67523e-05
sel_devs_fsh(58,5)     0.620326 -0.000161905
sel_devs_fsh(58,6)      0.31196  6.56521e-05
sel_devs_fsh(58,7)    -0.262909  1.68974e-05
sel_devs_fsh(58,8)    -0.159786   3.8011e-05
sel_devs_fsh(58,9)   -0.0160863  2.93042e-05
sel_devs_fsh(58,10)    0.0388587  0.000164828
sel_devs_fsh(58,11)  0.000781936 -0.000119371
sel_devs_fsh(58,12)    0.0266248  1.01542e-05
sel_devs_fsh(59,1)  5.95757e-06  5.18079e-05
sel_devs_fsh(59,2)  0.000726221  1.86807e-05
sel_devs_fsh(59,3)   0.00246216 -3.38228e-06
sel_devs_fsh(59,4)    0.0588733   4.3798e-05
sel_devs_fsh(59,5)     -0.12949 -3.49987e-05
sel_devs_fsh(59,6)   -0.0945717  6.68722e-05
sel_devs_fsh(59,7)    0.0263373 -3.48793e-05
sel_devs_fsh(59,8)   -0.0101103  6.61539e-05
sel_devs_fsh(59,9)   -0.0144508 -3.82517e-05
sel_devs_fsh(59,10)    0.0178702  5.57529e-05
sel_devs_fsh(59,11)    0.0212074 -0.000161695
sel_devs_fsh(59,12)     0.121145  3.63966e-05
sel_devs_ats(1,2)     0.130438 -7.00358e-05
sel_devs_ats(1,3)      0.13043  -6.7881e-05
sel_devs_ats(1,4)     0.127547  -2.7921e-05
sel_devs_ats(1,5)     0.126674 -5.81636e-05
sel_devs_ats(1,6)     0.128898 -9.23836e-05
sel_devs_ats(1,7)     0.129486  0.000116702
sel_devs_ats(1,8)     0.126812 -8.08178e-05
sel_devs_ats(2,2)     0.144075 -1.66925e-05
sel_devs_ats(2,3)     0.145629  6.06706e-05
sel_devs_ats(2,4)     0.146489  8.63302e-05
sel_devs_ats(2,5)     0.145737   3.4977e-05
sel_devs_ats(2,6)     0.146135 -3.97166e-05
sel_devs_ats(2,7)     0.146717  0.000181163
sel_devs_ats(2,8)     0.144683  2.95946e-05
sel_devs_ats(3,2)     0.161285 -4.86115e-05
sel_devs_ats(3,3)     0.162786 -4.12149e-05
sel_devs_ats(3,4)     0.159057 -2.51826e-05
sel_devs_ats(3,5)     0.162112 -5.99508e-05
sel_devs_ats(3,6)      0.16077 -5.88859e-05
sel_devs_ats(3,7)     0.161272  8.14173e-05
sel_devs_ats(3,8)     0.160537  4.28367e-05
sel_devs_ats(4,2)     0.167947 -8.56922e-05
sel_devs_ats(4,3)     0.179234 -2.87604e-05
sel_devs_ats(4,4)     0.178463  2.49476e-05
sel_devs_ats(4,5)     0.174164 -5.21465e-05
sel_devs_ats(4,6)     0.175902 -6.94548e-05
sel_devs_ats(4,7)     0.176874  0.000119627
sel_devs_ats(4,8)     0.175072 -3.02465e-05
sel_devs_ats(5,2)     0.178029 -7.67318e-05
sel_devs_ats(5,3)     0.190946  -5.1682e-06
sel_devs_ats(5,4)     0.192129  2.76014e-05
sel_devs_ats(5,5)     0.188511 -1.79697e-05
sel_devs_ats(5,6)     0.188341  -3.4229e-05
sel_devs_ats(5,7)     0.190576  9.68228e-05
sel_devs_ats(5,8)     0.188361  7.49658e-05
sel_devs_ats(6,2)     0.191125  6.76143e-06
sel_devs_ats(6,3)     0.197148  3.82867e-05
sel_devs_ats(6,4)     0.204717 -1.47661e-05
sel_devs_ats(6,5)     0.201047   -4.644e-05
sel_devs_ats(6,6)     0.202058 -1.00282e-05
sel_devs_ats(6,7)     0.199117  3.28492e-05
sel_devs_ats(6,8)     0.199735  4.91549e-05
sel_devs_ats(7,2)     0.207681 -6.30209e-05
sel_devs_ats(7,3)     0.208335  6.66709e-06
sel_devs_ats(7,4)     0.206945 -7.59339e-06
sel_devs_ats(7,5)     0.211214 -6.62502e-05
sel_devs_ats(7,6)     0.212419  2.38103e-05
sel_devs_ats(7,7)     0.210262  3.80417e-05
sel_devs_ats(7,8)     0.208518  4.31131e-06
sel_devs_ats(8,2)     0.211052  1.82508e-05
sel_devs_ats(8,3)     0.215965   6.4423e-06
sel_devs_ats(8,4)       0.2163 -6.74086e-05
sel_devs_ats(8,5)     0.219178 -3.24322e-05
sel_devs_ats(8,6)     0.220372  6.90305e-05
sel_devs_ats(8,7)     0.218738 -6.03284e-06
sel_devs_ats(8,8)     0.216552  4.98769e-05
sel_devs_ats(9,2)     0.217475 -7.78535e-05
sel_devs_ats(9,3)     0.215755  1.34335e-05
sel_devs_ats(9,4)     0.224243  1.73709e-05
sel_devs_ats(9,5)     0.227808 -1.41448e-05
sel_devs_ats(9,6)     0.226991  5.82307e-05
sel_devs_ats(9,7)     0.224703  3.25219e-05
sel_devs_ats(9,8)     0.222948   1.1108e-05
sel_devs_ats(10,2)     0.217882 -4.60409e-05
sel_devs_ats(10,3)     0.219526 -7.35426e-05
sel_devs_ats(10,4)      0.23075 -0.000113508
sel_devs_ats(10,5)     0.233106 -7.05646e-05
sel_devs_ats(10,6)     0.232098  3.00581e-05
sel_devs_ats(10,7)     0.230062 -3.40979e-05
sel_devs_ats(10,8)      0.22784  5.57964e-05
sel_devs_ats(11,2)     0.233399  6.58578e-05
sel_devs_ats(11,3)     0.229138     6.61e-05
sel_devs_ats(11,4)     0.223178  1.03362e-05
sel_devs_ats(11,5)     0.229301  9.99938e-06
sel_devs_ats(11,6)     0.233586  8.00599e-05
sel_devs_ats(11,7)     0.232768 -1.13444e-05
sel_devs_ats(11,8)     0.230773  4.65458e-05
sel_devs_ats(12,2)     0.231191 -2.13296e-05
sel_devs_ats(12,3)     0.228695 -6.55136e-05
sel_devs_ats(12,4)     0.226125 -6.25302e-05
sel_devs_ats(12,5)     0.231786 -2.06967e-05
sel_devs_ats(12,6)     0.235848  5.36138e-05
sel_devs_ats(12,7)     0.234914  6.77409e-06
sel_devs_ats(12,8)     0.232323  6.30983e-05
sel_devs_ats(13,2)     0.233818 -3.13796e-05
sel_devs_ats(13,3)     0.230101  1.36239e-05
sel_devs_ats(13,4)     0.224852 -5.64985e-05
sel_devs_ats(13,5)     0.226398 -2.22995e-05
sel_devs_ats(13,6)     0.228822  6.36847e-05
sel_devs_ats(13,7)     0.230147 -4.47463e-05
sel_devs_ats(13,8)     0.233133  1.74647e-05
sel_devs_ats(14,2)     0.237051  4.66558e-05
sel_devs_ats(14,3)     0.228782  1.88096e-05
sel_devs_ats(14,4)     0.221737 -8.28439e-05
sel_devs_ats(14,5)     0.220611  3.00349e-05
sel_devs_ats(14,6)     0.222384  6.19955e-05
sel_devs_ats(14,7)     0.226516  -4.8882e-05
sel_devs_ats(14,8)     0.233131   3.2954e-05
sel_devs_ats(15,2)     0.237224 -2.42591e-05
sel_devs_ats(15,3)     0.226492 -3.99554e-06
sel_devs_ats(15,4)     0.220904 -4.75512e-05
sel_devs_ats(15,5)     0.222826 -4.12162e-05
sel_devs_ats(15,6)     0.226164  -1.5683e-07
sel_devs_ats(15,7)     0.228207 -8.72789e-05
sel_devs_ats(15,8)      0.22967  8.01276e-05
sel_devs_ats(16,2)     0.232408  3.27319e-05
sel_devs_ats(16,3)     0.227673 -3.00836e-05
sel_devs_ats(16,4)     0.219718 -8.96149e-05
sel_devs_ats(16,5)     0.211952  -1.1691e-05
sel_devs_ats(16,6)      0.21439  6.56336e-05
sel_devs_ats(16,7)     0.216561 -2.47437e-05
sel_devs_ats(16,8)     0.210862  1.92547e-05
sel_devs_ats(17,2)     0.219792  7.83424e-05
sel_devs_ats(17,3)     0.213313  8.46857e-05
sel_devs_ats(17,4)     0.199824 -1.06804e-05
sel_devs_ats(17,5)     0.199573  2.01886e-05
sel_devs_ats(17,6)      0.20392  8.57079e-05
sel_devs_ats(17,7)     0.205472  2.94312e-05
sel_devs_ats(17,8)     0.198668  3.84722e-05
sel_devs_ats(18,2)     0.211959 -1.56488e-05
sel_devs_ats(18,3)     0.207003 -2.67139e-05
sel_devs_ats(18,4)     0.187348  -0.00013953
sel_devs_ats(18,5)     0.192317 -6.92678e-05
sel_devs_ats(18,6)     0.194725 -2.37326e-05
sel_devs_ats(18,7)     0.194845 -7.64176e-05
sel_devs_ats(18,8)     0.185475  9.59946e-07
sel_devs_ats(19,2)     0.202241 -1.52498e-05
sel_devs_ats(19,3)     0.207446  2.34345e-06
sel_devs_ats(19,4)     0.207172 -5.09113e-05
sel_devs_ats(19,5)      0.19384  5.22223e-05
sel_devs_ats(19,6)     0.195179  5.27379e-05
sel_devs_ats(19,7)     0.187973 -2.04039e-06
sel_devs_ats(19,8)     0.170874  6.17169e-05
sel_devs_ats(20,2)     0.197021  4.59345e-05
sel_devs_ats(20,3)     0.199758  6.42424e-05
sel_devs_ats(20,4)     0.196786 -4.78949e-05
sel_devs_ats(20,5)     0.189758  7.93033e-05
sel_devs_ats(20,6)     0.190452  6.90345e-05
sel_devs_ats(20,7)     0.184341 -2.29947e-06
sel_devs_ats(20,8)     0.161539 -3.71903e-05
sel_devs_ats(21,2)     0.180062  7.58787e-06
sel_devs_ats(21,3)     0.203804 -3.22452e-05
sel_devs_ats(21,4)     0.189652  -0.00010685
sel_devs_ats(21,5)     0.181553  4.72891e-07
sel_devs_ats(21,6)     0.177109  3.16986e-05
sel_devs_ats(21,7)     0.185872 -2.28544e-05
sel_devs_ats(21,8)     0.164072 -0.000102401
sel_devs_ats(22,2)     0.146026  8.51231e-05
sel_devs_ats(22,3)     0.148943  6.83204e-06
sel_devs_ats(22,4)     0.171491 -4.96243e-05
sel_devs_ats(22,5)     0.162035  3.03528e-05
sel_devs_ats(22,6)     0.155828  8.14803e-06
sel_devs_ats(22,7)     0.152933 -5.13149e-05
sel_devs_ats(22,8)     0.179968  7.32734e-06
sel_devs_ats(23,2)     0.158982  4.81114e-05
sel_devs_ats(23,3)     0.148264  6.53938e-05
sel_devs_ats(23,4)     0.145766 -2.20369e-05
sel_devs_ats(23,5)     0.153522   7.3653e-05
sel_devs_ats(23,6)     0.154898  2.74677e-05
sel_devs_ats(23,7)     0.156293 -1.10292e-05
sel_devs_ats(23,8)     0.176806 -7.41721e-05
sel_devs_ats(24,2)     0.155337    5.252e-05
sel_devs_ats(24,3)     0.151555 -4.60805e-05
sel_devs_ats(24,4)     0.154613 -6.12774e-05
sel_devs_ats(24,5)      0.15707  7.24401e-05
sel_devs_ats(24,6)     0.155496  2.76909e-05
sel_devs_ats(24,7)     0.158778   4.0263e-05
sel_devs_ats(24,8)     0.173053 -0.000149381
sel_devs_ats(25,2)     0.156588  3.77912e-05
sel_devs_ats(25,3)     0.158482 -5.05544e-06
sel_devs_ats(25,4)     0.170767 -4.09498e-05
sel_devs_ats(25,5)     0.167303  7.06713e-05
sel_devs_ats(25,6)     0.159851  1.87283e-05
sel_devs_ats(25,7)     0.158349  7.33576e-05
sel_devs_ats(25,8)     0.167474 -0.000157356
sel_devs_ats(26,2)     0.161003  3.90773e-05
sel_devs_ats(26,3)     0.166778 -8.03831e-06
sel_devs_ats(26,4)      0.17763 -3.80159e-05
sel_devs_ats(26,5)     0.167828  7.62604e-05
sel_devs_ats(26,6)     0.159389  2.00893e-05
sel_devs_ats(26,7)      0.16584  3.42316e-05
sel_devs_ats(26,8)     0.177818 -0.000147802
sel_devs_ats(27,2)     0.165862  0.000101245
sel_devs_ats(27,3)     0.172549  1.87331e-05
sel_devs_ats(27,4)      0.18603 -4.69191e-06
sel_devs_ats(27,5)     0.172165  6.76633e-05
sel_devs_ats(27,6)     0.165949 -3.25625e-05
sel_devs_ats(27,7)     0.173988  6.07463e-05
sel_devs_ats(27,8)     0.184544 -0.000178295
sel_devs_ats(28,2)     0.166436  3.03337e-05
sel_devs_ats(28,3)     0.171058 -4.16222e-05
sel_devs_ats(28,4)     0.196224 -2.90094e-05
sel_devs_ats(28,5)     0.173637  8.59347e-05
sel_devs_ats(28,6)     0.169747  9.99326e-06
sel_devs_ats(28,7)      0.18003  2.31516e-05
sel_devs_ats(28,8)      0.19033 -5.56004e-05
sel_devs_ats(29,2)     0.176101  3.51675e-05
sel_devs_ats(29,3)     0.169878 -1.16123e-06
sel_devs_ats(29,4)     0.148841 -5.92065e-05
sel_devs_ats(29,5)     0.162318  6.29275e-05
sel_devs_ats(29,6)     0.169843  1.51409e-05
sel_devs_ats(29,7)      0.18503  3.20457e-05
sel_devs_ats(29,8)     0.195675 -0.000105598
sel_devs_ats(30,2)     0.171115  6.86471e-05
sel_devs_ats(30,3)      0.16844  3.35616e-07
sel_devs_ats(30,4)     0.159603 -2.22155e-05
sel_devs_ats(30,5)     0.171305  8.81149e-06
sel_devs_ats(30,6)     0.166047  5.98154e-07
sel_devs_ats(30,7)     0.184726 -2.80428e-06
sel_devs_ats(30,8)      0.19285 -3.89719e-05
sel_coffs_fsh(1)     -4.10045  3.30059e-06
sel_coffs_fsh(2)      -2.1601  4.53921e-06
sel_coffs_fsh(3)    -0.879541 -4.82451e-06
sel_coffs_fsh(4)     0.359325  1.78591e-05
sel_coffs_fsh(5)     0.339457 -4.25115e-05
sel_coffs_fsh(6)     0.310222  1.97517e-05
sel_coffs_fsh(7)     0.269708 -8.65769e-05
sel_coffs_fsh(8)     0.229196  2.95805e-05
sel_coffs_fsh(9)     0.193968  0.000284388
sel_coffs_fsh(10)     0.166167   -0.0002895
sel_coffs_fsh(11)     0.144237  6.42941e-05
sel_coffs_fsh(12)     0.127262 -2.38484e-06
sel_coffs_ats(2)   -0.0739594  -4.8977e-06
sel_coffs_ats(3)   -0.0578913 -2.02325e-06
sel_coffs_ats(4)   0.00362218  3.35328e-06
sel_coffs_ats(5)    0.0610073 -1.53442e-06
sel_coffs_ats(6)     0.100697 -7.16015e-06
sel_coffs_ats(7)     0.137955  1.67003e-05
sel_coffs_ats(8)     0.170589  4.82824e-06
sel_slp_bts     0.997577 -3.18994e-05
sel_a50_bts      6.21691  -8.6942e-05
sel_age_one_bts     -3.20945 -6.59746e-07
sel_slp_bts_dev(1982)    -0.715923  3.15958e-05
sel_slp_bts_dev(1983)    0.0427549  6.86233e-05
sel_slp_bts_dev(1984)   0.00457171  2.27952e-05
sel_slp_bts_dev(1985)    -0.404982  1.68513e-06
sel_slp_bts_dev(1986)    -0.346251  3.06563e-05
sel_slp_bts_dev(1987)    -0.441409  5.14333e-06
sel_slp_bts_dev(1988)    -0.540959 -1.98222e-05
sel_slp_bts_dev(1989)    -0.425121 -1.35689e-05
sel_slp_bts_dev(1990)      0.32809  1.06991e-05
sel_slp_bts_dev(1991)     0.218294 -8.05358e-06
sel_slp_bts_dev(1992)     0.166761 -4.64844e-06
sel_slp_bts_dev(1993)     0.309294 -4.32832e-05
sel_slp_bts_dev(1994)     0.274088 -8.66967e-05
sel_slp_bts_dev(1995)     0.225735  1.08047e-05
sel_slp_bts_dev(1996)    -0.146678  5.95292e-05
sel_slp_bts_dev(1997)    -0.299468  7.23899e-05
sel_slp_bts_dev(1998)    -0.523293   5.1999e-05
sel_slp_bts_dev(1999)    -0.616671 -1.45256e-05
sel_slp_bts_dev(2000)    -0.344324  5.72147e-05
sel_slp_bts_dev(2001)    -0.485316 -5.92178e-05
sel_slp_bts_dev(2002)   -0.0601179 -1.42867e-05
sel_slp_bts_dev(2003)      0.17513 -6.67012e-05
sel_slp_bts_dev(2004)    0.0878589  1.50057e-05
sel_slp_bts_dev(2005)     0.220024 -8.98633e-05
sel_slp_bts_dev(2006)   -0.0724942 -8.82262e-05
sel_slp_bts_dev(2007)     0.328385  1.17119e-05
sel_slp_bts_dev(2008)     0.522464 -9.32731e-05
sel_slp_bts_dev(2009)     0.214575 -4.59474e-05
sel_slp_bts_dev(2010)     0.747496 -9.68981e-06
sel_slp_bts_dev(2011)     0.542532 -5.51134e-05
sel_slp_bts_dev(2012)     0.195641 -5.12153e-05
sel_slp_bts_dev(2013)     0.288983  1.17838e-05
sel_slp_bts_dev(2014)     0.521851 -1.98631e-05
sel_slp_bts_dev(2015)     0.428317 -1.87277e-05
sel_slp_bts_dev(2016)       0.4337  6.57093e-05
sel_slp_bts_dev(2017)     0.260601 -9.88835e-05
sel_slp_bts_dev(2018)    -0.329292  5.56529e-05
sel_slp_bts_dev(2019)   0.00642835  5.53905e-06
sel_slp_bts_dev(2020)    -0.118179  5.82472e-05
sel_slp_bts_dev(2021)    -0.208288  2.31169e-05
sel_slp_bts_dev(2022)  -0.00462486  5.75351e-05
sel_slp_bts_dev(2023)    -0.281557  7.27489e-05
sel_slp_bts_dev(2024)    -0.178627  -2.5956e-05
sel_a50_bts_dev(1982)   -0.0103063  0.000116009
sel_a50_bts_dev(1983)    -0.158519  0.000203653
sel_a50_bts_dev(1984)   -0.0357405  0.000169279
sel_a50_bts_dev(1985)    0.0748603  0.000143335
sel_a50_bts_dev(1986)    0.0982539 -1.42337e-06
sel_a50_bts_dev(1987)     0.058439 -7.64906e-05
sel_a50_bts_dev(1988)   -0.0572785  0.000178483
sel_a50_bts_dev(1989)    -0.104485 -2.25261e-05
sel_a50_bts_dev(1990)    -0.209627  0.000101602
sel_a50_bts_dev(1991)    -0.130282  5.33132e-05
sel_a50_bts_dev(1992)    -0.132949 -0.000164515
sel_a50_bts_dev(1993)    -0.168755 -3.27523e-05
sel_a50_bts_dev(1994)   -0.0877834  2.66149e-06
sel_a50_bts_dev(1995)   0.00447717 -0.000168169
sel_a50_bts_dev(1996)     0.187834  1.41649e-05
sel_a50_bts_dev(1997)      0.22453  0.000122185
sel_a50_bts_dev(1998)     0.314935  0.000129687
sel_a50_bts_dev(1999)     0.276979  2.41696e-05
sel_a50_bts_dev(2000)     0.140485  0.000118796
sel_a50_bts_dev(2001)     0.173997   -2.006e-05
sel_a50_bts_dev(2002)    0.0497983 -0.000147681
sel_a50_bts_dev(2003)   0.00418315  -0.00010281
sel_a50_bts_dev(2004)    0.0359926 -6.94706e-05
sel_a50_bts_dev(2005)   -0.0215216 -0.000171417
sel_a50_bts_dev(2006)    0.0875308  4.62037e-05
sel_a50_bts_dev(2007)   -0.0801183 -0.000167185
sel_a50_bts_dev(2008)    -0.112345 -3.65498e-06
sel_a50_bts_dev(2009)   -0.0221679 -2.16344e-05
sel_a50_bts_dev(2010)    -0.210842 -0.000228062
sel_a50_bts_dev(2011)   -0.0927009 -0.000125557
sel_a50_bts_dev(2012)   -0.0479066 -4.42215e-05
sel_a50_bts_dev(2013)   -0.0761982 -0.000170001
sel_a50_bts_dev(2014)    -0.160862  3.33618e-06
sel_a50_bts_dev(2015)    -0.209012   -3.471e-05
sel_a50_bts_dev(2016)    -0.151109   7.8052e-05
sel_a50_bts_dev(2017)   -0.0732996 -0.000105543
sel_a50_bts_dev(2018)     0.150106  0.000110847
sel_a50_bts_dev(2019)   -0.0183942  0.000103146
sel_a50_bts_dev(2020)    0.0616284  0.000161102
sel_a50_bts_dev(2021)     0.133883  2.28769e-05
sel_a50_bts_dev(2022)    0.0431727  -2.5972e-05
sel_a50_bts_dev(2023)     0.193999   6.6371e-05
sel_a50_bts_dev(2024)    0.0571183 -4.89661e-06
sel_age_one_bts_dev(1982)   -0.0428298  2.03243e-05
sel_age_one_bts_dev(1983)  -0.00356386 -6.87474e-05
sel_age_one_bts_dev(1984)    0.0301986  -4.0862e-05
sel_age_one_bts_dev(1985)    -0.225002  3.35152e-06
sel_age_one_bts_dev(1986)    -0.409527 -2.02269e-05
sel_age_one_bts_dev(1987)    -0.245158  1.30646e-05
sel_age_one_bts_dev(1988)    -0.298199  2.05657e-06
sel_age_one_bts_dev(1989)   -0.0613644 -1.70121e-05
sel_age_one_bts_dev(1990)    0.0865335  1.15464e-05
sel_age_one_bts_dev(1991)    -0.173825  1.48923e-05
sel_age_one_bts_dev(1992)   -0.0371922  6.59094e-06
sel_age_one_bts_dev(1993)    0.0144136   1.5274e-05
sel_age_one_bts_dev(1994)   -0.0986675  6.35328e-06
sel_age_one_bts_dev(1995)    -0.123649  -1.4523e-05
sel_age_one_bts_dev(1996)    -0.119292 -9.41077e-05
sel_age_one_bts_dev(1997)   -0.0219558  5.99202e-05
sel_age_one_bts_dev(1998)    0.0401711 -1.43617e-05
sel_age_one_bts_dev(1999)    0.0922703  1.94162e-07
sel_age_one_bts_dev(2000)      0.17096  -2.0048e-05
sel_age_one_bts_dev(2001)    0.0554339 -3.34015e-05
sel_age_one_bts_dev(2002)    0.0601558  3.30429e-05
sel_age_one_bts_dev(2003)     0.217797  -4.9159e-05
sel_age_one_bts_dev(2004)    0.0422734 -1.38477e-05
sel_age_one_bts_dev(2005)   -0.0322574  0.000121783
sel_age_one_bts_dev(2006)   -0.0423722  4.82166e-05
sel_age_one_bts_dev(2007)   -0.0695048  0.000114008
sel_age_one_bts_dev(2008)      0.15634 -7.69101e-05
sel_age_one_bts_dev(2009)     0.330257 -7.70944e-05
sel_age_one_bts_dev(2010)     0.294374  9.29931e-05
sel_age_one_bts_dev(2011)    -0.110743 -7.29709e-05
sel_age_one_bts_dev(2012)   -0.0932429  4.41782e-05
sel_age_one_bts_dev(2013)     0.167449 -4.52497e-06
sel_age_one_bts_dev(2014)     0.130841 -1.99799e-05
sel_age_one_bts_dev(2015)    0.0324237   2.6414e-05
sel_age_one_bts_dev(2016)   -0.0710793  7.56854e-06
sel_age_one_bts_dev(2017)   -0.0851861 -7.31193e-05
sel_age_one_bts_dev(2018)   -0.0478015 -1.50273e-06
sel_age_one_bts_dev(2019)       0.2312 -3.49539e-06
sel_age_one_bts_dev(2020)      0.13084  3.06881e-05
sel_age_one_bts_dev(2021)    0.0304789  5.90349e-05
sel_age_one_bts_dev(2022)     0.085525  4.61955e-05
sel_age_one_bts_dev(2023)    0.0305989  2.87322e-05
sel_age_one_bts_dev(2024)    -0.018122 -2.71723e-05
rec_dev_future(2025)            0            0
rec_dev_future(2026)            0            0
rec_dev_future(2027)            0            0
rec_dev_future(2028)            0            0
rec_dev_future(2029)            0            0
L1      28.2781 -0.000709766
L2      46.0963 -0.000471483
log_K    -0.127712  0.000616611
d_scale(1,3)     0.524271  2.11813e-05
d_scale(1,4)     0.704796  2.18594e-05
d_scale(1,5)     0.765596 -1.77132e-05
d_scale(1,6)     0.829606  3.88633e-05
d_scale(1,7)     0.869714 -2.00457e-05
d_scale(1,8)     0.932864 -4.63914e-05
d_scale(1,9)     0.978332 -2.55332e-05
d_scale(1,10)     0.974084 -4.82099e-05
d_scale(1,11)      0.99401 -3.19096e-05
d_scale(1,12)      0.93309 -6.14128e-05
d_scale(1,13)     0.952799 -4.39845e-05
d_scale(1,14)     0.861008 -7.10733e-08
d_scale(1,15)       1.0025  1.85519e-05
coh_eff(1955)            0            0
coh_eff(1956)            0            0
coh_eff(1957)            0            0
coh_eff(1958)            0            0
coh_eff(1959)            0            0
coh_eff(1960)            0            0
coh_eff(1961)            0            0
coh_eff(1962)            0            0
coh_eff(1963)            0            0
coh_eff(1964)            0            0
coh_eff(1965)            0            0
coh_eff(1966)            0            0
coh_eff(1967)            0            0
coh_eff(1968)            0            0
coh_eff(1969)            0            0
coh_eff(1970)            0            0
coh_eff(1971)    -0.195733 -0.000137617
coh_eff(1972)     0.270195  2.24983e-05
coh_eff(1973)    0.0178828 -5.08653e-05
coh_eff(1974)      0.50785 -7.84864e-06
coh_eff(1975)    -0.424945  2.23525e-06
coh_eff(1976)     0.557309  3.35224e-05
coh_eff(1977)    -0.494051 -5.73585e-06
coh_eff(1978)     0.447589  1.94484e-05
coh_eff(1979)    0.0390418  4.32338e-05
coh_eff(1980)    -0.116118  2.29022e-05
coh_eff(1981)    -0.431924  2.30234e-05
coh_eff(1982)    -0.590149  3.66909e-05
coh_eff(1983)     0.549419 -9.99588e-05
coh_eff(1984)      0.64913 -4.42056e-05
coh_eff(1985)      1.12421 -3.77647e-05
coh_eff(1986)   -0.0507817  0.000119987
coh_eff(1987)     0.605564  0.000220013
coh_eff(1988)    -0.027028 -9.86363e-05
coh_eff(1989)     -1.01445  9.75238e-06
coh_eff(1990)    -0.880881 -0.000111234
coh_eff(1991)     -0.97245 -1.73938e-05
coh_eff(1992)     0.848661 -2.82999e-05
coh_eff(1993)      1.78563  -8.6407e-05
coh_eff(1994)      0.49999  8.87894e-05
coh_eff(1995)    -0.989847  0.000113889
coh_eff(1996)   -0.0785234  3.21327e-05
coh_eff(1997)      0.96475  0.000142834
coh_eff(1998)      0.46444 -5.23444e-05
coh_eff(1999)     0.393606  9.31029e-05
coh_eff(2000)   -0.0710532  4.97438e-05
coh_eff(2001)     0.382438 -0.000156199
coh_eff(2002)     0.875274 -6.95416e-05
coh_eff(2003)       1.4554 -1.77308e-05
coh_eff(2004)     0.411144 -5.89452e-05
coh_eff(2005)    -0.804029  0.000166086
coh_eff(2006)      -1.1225  3.00615e-05
coh_eff(2007)    -0.453701 -5.38325e-05
coh_eff(2008)     -1.67132  5.92525e-05
coh_eff(2009)     -0.77524 -9.22421e-05
coh_eff(2010)     -1.53855 -8.40188e-05
coh_eff(2011)     -2.03472 -2.89214e-07
coh_eff(2012)     -1.88594 -0.000110539
coh_eff(2013)     -1.15802  2.24957e-05
coh_eff(2014)     0.720735  9.16386e-05
coh_eff(2015)     0.774458  6.00616e-05
coh_eff(2016)    0.0191161 -4.56712e-05
coh_eff(2017)       0.3218  7.10248e-05
coh_eff(2018)     0.564118  5.88249e-05
coh_eff(2019)      1.40881  0.000150803
coh_eff(2020)     0.370853  2.49214e-05
coh_eff(2021)     0.189007 -1.97233e-05
coh_eff(2022)      1.11705   0.00016782
coh_eff(2023)      1.66502  4.09785e-05
coh_eff(2024)     0.353911 -3.37201e-06
coh_eff(2025)            0            0
coh_eff(2026)            0            0
yr_eff(1970)            0            0
yr_eff(1971)     0.182049  1.09415e-05
yr_eff(1972)   -0.0368491 -9.01759e-05
yr_eff(1973)     0.255814 -1.10966e-06
yr_eff(1974)     0.285236 -5.47933e-05
yr_eff(1975)      1.41123 -4.48023e-05
yr_eff(1976)     0.323895   6.8433e-05
yr_eff(1977)      1.80157  9.16822e-05
yr_eff(1978)     0.261992  1.42044e-05
yr_eff(1979)     0.994119 -9.59271e-05
yr_eff(1980)      1.05416  5.70037e-06
yr_eff(1981)     0.686784 -1.26496e-05
yr_eff(1982)    -0.013516 -9.00127e-05
yr_eff(1983)     0.710122  -3.6562e-05
yr_eff(1984)    -0.714577 -5.74879e-05
yr_eff(1985)   -0.0426538 -0.000135089
yr_eff(1986)     -1.56818 -0.000106729
yr_eff(1987)     -0.75008  -4.6469e-05
yr_eff(1988)     -1.17332  5.98533e-05
yr_eff(1989)    -0.904122  9.79345e-05
yr_eff(1990)      0.29551  0.000192557
yr_eff(1991)    0.0313333 -0.000246208
yr_eff(1992)    0.0445354 -2.32302e-05
yr_eff(1993)     0.820972  7.16423e-06
yr_eff(1994)   -0.0655039 -7.44657e-05
yr_eff(1995)    -0.492022 -6.24771e-05
yr_eff(1996)    -0.720848 -5.14766e-05
yr_eff(1997)    -0.326736  5.48364e-05
yr_eff(1998)     -0.62396  8.67251e-05
yr_eff(1999)     -0.44726  7.63078e-05
yr_eff(2000)    -0.347642 -0.000117248
yr_eff(2001)     0.433007 -0.000161386
yr_eff(2002)   -0.0962549 -0.000148754
yr_eff(2003)    -0.206934  6.62434e-06
yr_eff(2004)    -0.437964 -0.000132113
yr_eff(2005)    -0.880862  8.27603e-05
yr_eff(2006)    -0.255304 -5.02087e-05
yr_eff(2007)     0.847882  1.56767e-05
yr_eff(2008)     0.262084  7.75563e-06
yr_eff(2009)       1.3247  6.57221e-05
yr_eff(2010)     0.497071 -7.23687e-05
yr_eff(2011)     0.644254  -8.5529e-05
yr_eff(2012)    0.0107438 -8.83875e-05
yr_eff(2013)     0.428681 -0.000112769
yr_eff(2014)     0.558671  2.01427e-05
yr_eff(2015)     -2.25876 -7.01222e-06
yr_eff(2016)    -0.485373 -9.60846e-05
yr_eff(2017)    -0.209312   9.9736e-05
yr_eff(2018)     -1.02216 -8.91296e-05
yr_eff(2019)     0.652145 -5.77685e-05
yr_eff(2020)     -1.76719  0.000220574
yr_eff(2021)     -1.55096  0.000117466
yr_eff(2022)    -0.242907 -9.69059e-05
yr_eff(2023)     -3.43126 -2.63654e-05
yr_eff(2024)     0.849624  1.85309e-05
yr_eff(2025)            0            0
yr_eff(2026)            0            0
yr_eff(2027)            0            0
yr_eff(2028)            0            0
yr_eff(2029)            0            0
