ParName   Value   Gradient
log_avgrec      9.79781 -5.81135e-07
log_avginit        4.284  7.59457e-06
log_avg_F     -1.13523  3.28134e-06
log_Rzero      10.1068  1.50395e-06
log_q_cpue      1.02818  1.92322e-06
log_q_avo     -8.26037   1.8047e-06
log_initdevs(2)       3.6378  7.80308e-05
log_initdevs(3)      3.12056  3.36375e-05
log_initdevs(4)       1.6139  1.28667e-05
log_initdevs(5)     0.513201  8.72784e-06
log_initdevs(6)     0.999839  1.86528e-05
log_initdevs(7)     0.174805   1.4852e-05
log_initdevs(8)    -0.916841  4.41238e-06
log_initdevs(9)     -1.34566  7.40209e-06
log_initdevs(10)     -1.32349  2.77485e-06
log_initdevs(11)     -1.30817  4.69196e-06
log_initdevs(12)      -1.2944 -6.28826e-06
log_initdevs(13)     -1.29139 -1.49791e-06
log_initdevs(14)     -1.28964  9.04952e-06
log_initdevs(15)     -1.29052 -1.25591e-05
log_rec_devs(1964)     -1.20351  7.43572e-05
log_rec_devs(1965)   -0.0765621  5.80527e-05
log_rec_devs(1966)    -0.537746  9.56662e-06
log_rec_devs(1967)    0.0723151   8.7099e-06
log_rec_devs(1968)    0.0896789  8.82103e-06
log_rec_devs(1969)     0.356754  6.34921e-06
log_rec_devs(1970)     0.287156  6.70457e-06
log_rec_devs(1971)    -0.148401  8.58894e-07
log_rec_devs(1972)    -0.316671 -1.78595e-05
log_rec_devs(1973)     0.341009 -1.10249e-06
log_rec_devs(1974)    -0.192434 -3.64297e-05
log_rec_devs(1975)    -0.315482 -2.48873e-05
log_rec_devs(1976)    -0.344215 -3.36442e-06
log_rec_devs(1977)    -0.259284 -9.93366e-07
log_rec_devs(1978)     0.264388  2.22265e-06
log_rec_devs(1979)       1.1692  2.84188e-06
log_rec_devs(1980)     0.476009   -3.078e-06
log_rec_devs(1981)     0.678762 -1.15213e-05
log_rec_devs(1982)   -0.0158472   4.3809e-06
log_rec_devs(1983)      1.06405 -4.00222e-06
log_rec_devs(1984)    -0.178582 -8.91727e-06
log_rec_devs(1985)     0.675066  -5.6416e-06
log_rec_devs(1986)    -0.401328  4.71303e-06
log_rec_devs(1987)     -0.91723 -1.62254e-05
log_rec_devs(1988)     -1.25658 -2.22285e-05
log_rec_devs(1989)    -0.517761 -6.90411e-06
log_rec_devs(1990)       1.0458 -1.95643e-06
log_rec_devs(1991)     0.307475 -1.44341e-05
log_rec_devs(1992)    0.0386416 -4.27112e-06
log_rec_devs(1993)     0.749853 -1.94223e-05
log_rec_devs(1994)    -0.334507 -3.77539e-06
log_rec_devs(1995)    -0.662906 -7.19088e-06
log_rec_devs(1996)     0.168268 -1.72017e-05
log_rec_devs(1997)     0.566945  1.04349e-05
log_rec_devs(1998)    -0.182274  9.14829e-06
log_rec_devs(1999)    -0.109004   1.3645e-05
log_rec_devs(2000)     0.295979  1.54016e-05
log_rec_devs(2001)     0.646601 -4.00705e-06
log_rec_devs(2002)     0.257545 -7.25705e-06
log_rec_devs(2003)    -0.150772  1.89039e-05
log_rec_devs(2004)    -0.927474  4.62205e-05
log_rec_devs(2005)     -1.30596  6.31175e-07
log_rec_devs(2006)    -0.357791  3.08644e-05
log_rec_devs(2007)     0.487878 -1.96133e-05
log_rec_devs(2008)    -0.447051  3.69412e-05
log_rec_devs(2009)     0.973798  1.33272e-05
log_rec_devs(2010)     0.182282 -2.25368e-06
log_rec_devs(2011)    -0.363154  1.56167e-05
log_rec_devs(2012)    -0.444914 -5.62334e-05
log_rec_devs(2013)      1.01144  1.87231e-08
log_rec_devs(2014)     0.963005  5.29989e-06
log_rec_devs(2015)   -0.0962267 -9.73736e-06
log_rec_devs(2016)     -1.23627 -3.57699e-05
log_rec_devs(2017)     -1.30238 -6.23413e-06
log_rec_devs(2018)    -0.568287 -2.99111e-05
log_rec_devs(2019)      1.53693  -1.0176e-05
log_rec_devs(2020)     0.298254   -4.976e-06
log_rec_devs(2021)   0.00460952 -3.56872e-06
log_rec_devs(2022)    0.0943211  2.97915e-07
log_rec_devs(2023)     0.218815  3.26979e-06
log_rec_devs(2024)    -0.152226  2.08143e-07
log_F_devs(1964)   -0.0489241  -2.0974e-05
log_F_devs(1965)     0.180784 -6.86659e-07
log_F_devs(1966)    0.0693125  5.61143e-05
log_F_devs(1967)     0.626116  7.15624e-05
log_F_devs(1968)     0.721737  5.65109e-05
log_F_devs(1969)     0.765921  3.47585e-06
log_F_devs(1970)      1.04146  1.86621e-05
log_F_devs(1971)      1.36785  1.60542e-05
log_F_devs(1972)      1.48801  -4.8827e-05
log_F_devs(1973)      1.53228   9.6709e-06
log_F_devs(1974)        1.743  4.20005e-06
log_F_devs(1975)      1.83205 -2.57242e-05
log_F_devs(1976)      1.55497  3.04605e-05
log_F_devs(1977)      1.24389 -2.36725e-05
log_F_devs(1978)      1.22857 -2.90793e-05
log_F_devs(1979)      1.18228  1.48391e-05
log_F_devs(1980)      1.02376  -1.2921e-05
log_F_devs(1981)     0.517869  8.81619e-06
log_F_devs(1982)    -0.131262  -1.1932e-06
log_F_devs(1983)    -0.561654 -2.10493e-06
log_F_devs(1984)    -0.714227 -1.65351e-06
log_F_devs(1985)    -0.782554 -5.94857e-06
log_F_devs(1986)    -0.872954  1.04167e-05
log_F_devs(1987)     -1.23339  8.92871e-06
log_F_devs(1988)    -0.917018 -1.13364e-05
log_F_devs(1989)    -0.828756  9.32898e-06
log_F_devs(1990)    -0.459715  -5.1631e-06
log_F_devs(1991)    -0.318887 -1.61585e-05
log_F_devs(1992)    0.0672675 -9.76649e-06
log_F_devs(1993)    -0.188808 -1.30257e-05
log_F_devs(1994)    -0.384574 -5.53183e-06
log_F_devs(1995)    -0.527473 -1.02742e-05
log_F_devs(1996)    -0.606244 -5.16764e-06
log_F_devs(1997)    -0.666452 -4.99773e-06
log_F_devs(1998)    -0.648153 -4.76071e-06
log_F_devs(1999)      -0.7046 -3.32373e-06
log_F_devs(2000)    -0.564148 -6.11161e-06
log_F_devs(2001)    -0.432329 -8.78295e-06
log_F_devs(2002)    -0.301694 -9.57474e-06
log_F_devs(2003)    -0.214552 -6.86567e-06
log_F_devs(2004)    -0.240134  1.35824e-06
log_F_devs(2005)    -0.236836  5.75145e-06
log_F_devs(2006)     -0.14944  7.32902e-06
log_F_devs(2007)    -0.163801 -6.41932e-06
log_F_devs(2008)    -0.160022  3.64193e-05
log_F_devs(2009)    -0.292298 -1.41392e-05
log_F_devs(2010)    -0.419751 -2.90441e-05
log_F_devs(2011)    -0.139121 -3.09238e-05
log_F_devs(2012)    -0.272189 -1.82082e-05
log_F_devs(2013)    -0.439823  1.66401e-06
log_F_devs(2014)    -0.435976  5.25323e-06
log_F_devs(2015)    -0.235788  3.78011e-06
log_F_devs(2016)    -0.237295 -2.58466e-07
log_F_devs(2017)    -0.377174   1.0731e-06
log_F_devs(2018)     -0.39914  -1.7949e-06
log_F_devs(2019)    -0.363527 -6.09168e-07
log_F_devs(2020)   -0.0545642  2.13207e-05
log_F_devs(2021)    0.0856422  1.11847e-06
log_F_devs(2022)    -0.410955  6.28155e-06
log_F_devs(2023)    -0.413969 -9.39925e-06
log_F_devs(2024)    -0.722574 -1.86788e-05
sel_coffs_fsh(1)     -8.01374 -2.01596e-07
sel_coffs_fsh(2)     -3.97793  2.18942e-06
sel_coffs_fsh(3)     -1.92341   2.2711e-06
sel_coffs_fsh(4)    -0.721592 -1.01418e-06
sel_coffs_fsh(5)   -0.0275817 -3.72646e-08
sel_coffs_fsh(6)     0.390572  3.04416e-06
sel_coffs_fsh(7)     0.482048 -6.93349e-09
sel_coffs_fsh(8)       0.4616 -9.04788e-07
sel_coffs_fsh(9)     0.413714 -6.18772e-07
sel_coffs_fsh(10)     0.362911 -2.47788e-06
sel_coffs_fsh(11)     0.329686  1.82826e-06
sel_coffs_fsh(12)     0.301419 -4.18193e-06
sel_coffs_ats(2)    -0.169329  1.84858e-07
sel_coffs_ats(3)    -0.113186 -2.92955e-07
sel_coffs_ats(4)   -0.0402196  2.72596e-07
sel_coffs_ats(5)   0.00656836  4.79344e-07
sel_coffs_ats(6)    0.0566961 -3.13211e-07
sel_coffs_ats(7)      0.12307 -2.57348e-07
sel_coffs_ats(8)     0.130407 -1.20921e-07
sel_slp_bts     0.990127 -1.19558e-06
sel_a50_bts      6.35356 -2.37396e-06
sel_age_one_bts     -3.45018 -1.10723e-06
sel_age_one_bts_dev(1982)     0.126392 -5.76494e-06
sel_age_one_bts_dev(1983)    0.0967097 -1.20267e-06
sel_age_one_bts_dev(1984)     0.155385 -7.42504e-07
sel_age_one_bts_dev(1985)    -0.260988 -1.57362e-06
sel_age_one_bts_dev(1986)    -0.597869 -5.98105e-07
sel_age_one_bts_dev(1987)    -0.101968  2.52284e-06
sel_age_one_bts_dev(1988)    -0.520972  2.14261e-06
sel_age_one_bts_dev(1989)    -0.033455 -6.89085e-07
sel_age_one_bts_dev(1990)     0.187809  2.01416e-06
sel_age_one_bts_dev(1991)     -0.29679 -7.07262e-07
sel_age_one_bts_dev(1992)   -0.0810418  -6.3392e-07
sel_age_one_bts_dev(1993)    0.0429453  8.50344e-07
sel_age_one_bts_dev(1994)     -0.17302  4.73598e-06
sel_age_one_bts_dev(1995)    -0.277947  1.80721e-06
sel_age_one_bts_dev(1996)    -0.374939  1.07279e-05
sel_age_one_bts_dev(1997)     -0.19233  1.12013e-07
sel_age_one_bts_dev(1998)    -0.141792 -1.60129e-06
sel_age_one_bts_dev(1999)   -0.0276068  4.73101e-07
sel_age_one_bts_dev(2000)     0.132741  5.98044e-07
sel_age_one_bts_dev(2001)   -0.0292823  7.81222e-07
sel_age_one_bts_dev(2002)   -0.0238839   1.2601e-06
sel_age_one_bts_dev(2003)     0.208204  -2.0924e-06
sel_age_one_bts_dev(2004)   -0.0567492 -3.46695e-08
sel_age_one_bts_dev(2005)   -0.0926431 -1.03085e-06
sel_age_one_bts_dev(2006)    -0.148829  -7.7586e-06
sel_age_one_bts_dev(2007)   -0.0582278 -1.07608e-05
sel_age_one_bts_dev(2008)    0.0532172  5.64088e-07
sel_age_one_bts_dev(2009)     0.221753  4.69924e-06
sel_age_one_bts_dev(2010)      0.30384 -2.31204e-06
sel_age_one_bts_dev(2011)    -0.302087  3.48536e-06
sel_age_one_bts_dev(2012)    -0.211679  6.11283e-06
sel_age_one_bts_dev(2013)     0.220177 -1.33137e-06
sel_age_one_bts_dev(2014)     0.143703 -8.13735e-07
sel_age_one_bts_dev(2015)   -0.0132891 -1.08106e-06
sel_age_one_bts_dev(2016)    -0.242381  1.92094e-06
sel_age_one_bts_dev(2017)    -0.298563 -1.61959e-06
sel_age_one_bts_dev(2018)    -0.422623  -4.2766e-07
sel_age_one_bts_dev(2019)     0.218357 -1.60698e-06
sel_age_one_bts_dev(2020)      3.00577 -4.18022e-07
sel_age_one_bts_dev(2021)  -0.00266104  2.91458e-06
sel_age_one_bts_dev(2022)     0.127495  2.53792e-07
sel_age_one_bts_dev(2023)    -0.100188 -4.66567e-06
sel_age_one_bts_dev(2024)    -0.160692  -3.5423e-06
L1      28.2771  3.45058e-05
L2      46.1029  -0.00011705
log_K    -0.127657  6.52533e-05
d_scale(1,3)       0.5236  -1.0406e-06
d_scale(1,4)     0.704441 -8.58166e-07
d_scale(1,5)     0.765531  -1.4967e-06
d_scale(1,6)     0.829738  1.35465e-06
d_scale(1,7)     0.870009 -1.55095e-06
d_scale(1,8)      0.93339 -2.87707e-06
d_scale(1,9)     0.978959 -3.87502e-07
d_scale(1,10)     0.974786 -3.78055e-06
d_scale(1,11)     0.995057 -5.34627e-06
d_scale(1,12)     0.934379 -1.87806e-06
d_scale(1,13)     0.954279 -1.62561e-06
d_scale(1,14)     0.863685 -2.48581e-06
d_scale(1,15)      1.00357  1.46724e-06
coh_eff(1955)            0            0
coh_eff(1956)            0            0
coh_eff(1957)            0            0
coh_eff(1958)            0            0
coh_eff(1959)            0            0
coh_eff(1960)            0            0
coh_eff(1961)            0            0
coh_eff(1962)            0            0
coh_eff(1963)            0            0
coh_eff(1964)            0            0
coh_eff(1965)            0            0
coh_eff(1966)            0            0
coh_eff(1967)            0            0
coh_eff(1968)            0            0
coh_eff(1969)            0            0
coh_eff(1970)            0            0
coh_eff(1971)    -0.174323 -6.82361e-07
coh_eff(1972)     0.306421 -3.35962e-07
coh_eff(1973)    0.0390724 -1.55361e-06
coh_eff(1974)     0.531743 -2.25616e-06
coh_eff(1975)    -0.412214  1.04627e-06
coh_eff(1976)     0.532176  1.72943e-07
coh_eff(1977)    -0.453931   -2.622e-06
coh_eff(1978)     0.450572 -4.27307e-06
coh_eff(1979)    0.0472288 -6.09505e-06
coh_eff(1980)   -0.0884759 -7.02906e-06
coh_eff(1981)    -0.393548 -4.65641e-06
coh_eff(1982)    -0.577961 -3.87763e-06
coh_eff(1983)     0.581888  -2.4594e-06
coh_eff(1984)     0.662105  1.63264e-06
coh_eff(1985)      1.15135 -3.76722e-06
coh_eff(1986)   -0.0378491  1.25828e-06
coh_eff(1987)     0.619849 -1.22581e-05
coh_eff(1988)   -0.0222035 -1.32446e-05
coh_eff(1989)     -1.01852 -7.84198e-06
coh_eff(1990)    -0.872082   6.9856e-06
coh_eff(1991)    -0.963217    4.471e-07
coh_eff(1992)     0.852762 -1.37042e-05
coh_eff(1993)      1.78828 -6.17148e-06
coh_eff(1994)      0.50675  8.32371e-06
coh_eff(1995)    -0.980142   1.7931e-05
coh_eff(1996)   -0.0701878  1.36801e-05
coh_eff(1997)     0.969765  -7.5299e-06
coh_eff(1998)     0.468247 -3.12674e-06
coh_eff(1999)     0.395471 -2.02703e-05
coh_eff(2000)   -0.0684585 -8.26239e-06
coh_eff(2001)      0.38565 -6.18862e-06
coh_eff(2002)     0.878651   1.1173e-05
coh_eff(2003)      1.45759 -6.52628e-06
coh_eff(2004)     0.414359  2.08431e-05
coh_eff(2005)    -0.801252 -1.24973e-06
coh_eff(2006)     -1.12025  3.18004e-06
coh_eff(2007)    -0.451529 -5.98649e-06
coh_eff(2008)     -1.66794 -5.42233e-06
coh_eff(2009)    -0.772619   7.7978e-06
coh_eff(2010)     -1.53472   4.3849e-06
coh_eff(2011)     -2.03099  1.09905e-05
coh_eff(2012)     -1.88351 -1.26266e-06
coh_eff(2013)     -1.15567  1.62151e-05
coh_eff(2014)     0.725716  1.54796e-05
coh_eff(2015)     0.775548 -5.17479e-06
coh_eff(2016)    0.0220587  2.15049e-05
coh_eff(2017)     0.326546  6.48652e-06
coh_eff(2018)     0.567605 -8.87604e-07
coh_eff(2019)      1.41456  2.36256e-06
coh_eff(2020)     0.374874 -7.24017e-06
coh_eff(2021)     0.189904  1.78972e-05
coh_eff(2022)      1.11949  8.77615e-06
coh_eff(2023)      1.66812  1.99269e-07
coh_eff(2024)     0.354273 -1.25131e-06
coh_eff(2025)            0            0
coh_eff(2026)            0            0
yr_eff(1970)            0            0
yr_eff(1971)     0.173551  4.72424e-07
yr_eff(1972)  -0.00300707 -6.77513e-07
yr_eff(1973)     0.308491  1.28291e-06
yr_eff(1974)     0.365071  6.66901e-07
yr_eff(1975)       1.5963   -3.881e-06
yr_eff(1976)     0.449983 -2.97874e-06
yr_eff(1977)      2.08953 -1.16917e-05
yr_eff(1978)     0.408935  -7.7943e-06
yr_eff(1979)      1.21191 -2.27796e-05
yr_eff(1980)      1.29396 -2.85403e-05
yr_eff(1981)     0.913715 -2.64921e-05
yr_eff(1982)     0.186395 -3.98148e-05
yr_eff(1983)     0.946769 -4.37588e-05
yr_eff(1984)    -0.522567  -1.8595e-05
yr_eff(1985)      0.19448 -1.29201e-05
yr_eff(1986)     -1.38398 -8.31271e-06
yr_eff(1987)    -0.523554 -1.22924e-05
yr_eff(1988)    -0.965512 -1.31361e-05
yr_eff(1989)    -0.691759 -2.03318e-05
yr_eff(1990)     0.532205 -6.66665e-05
yr_eff(1991)     0.254749  -5.5368e-05
yr_eff(1992)     0.266519 -1.02637e-05
yr_eff(1993)      1.04645 -2.67136e-05
yr_eff(1994)     0.161365 -2.20985e-05
yr_eff(1995)    -0.266973 -6.24496e-06
yr_eff(1996)    -0.495524   1.1864e-05
yr_eff(1997)    -0.103362  4.10184e-05
yr_eff(1998)    -0.399312  1.68281e-05
yr_eff(1999)    -0.222823  7.00217e-06
yr_eff(2000)    -0.121403  4.75216e-06
yr_eff(2001)     0.660468 -3.79549e-06
yr_eff(2002)     0.129535 -3.40727e-05
yr_eff(2003)    0.0186953  1.38224e-05
yr_eff(2004)    -0.211623  1.30311e-06
yr_eff(2005)    -0.655893   1.6474e-05
yr_eff(2006)   -0.0297589  1.22269e-05
yr_eff(2007)      1.07527  1.64575e-05
yr_eff(2008)     0.487862 -2.38672e-06
yr_eff(2009)      1.55114 -1.33447e-05
yr_eff(2010)     0.723351 -5.86427e-07
yr_eff(2011)     0.870444  1.68035e-05
yr_eff(2012)     0.236104  2.18834e-05
yr_eff(2013)     0.655274 -7.57852e-06
yr_eff(2014)     0.787419  2.73699e-05
yr_eff(2015)     -2.04374  1.04861e-05
yr_eff(2016)    -0.258236  3.53667e-05
yr_eff(2017)    0.0174494   2.9846e-05
yr_eff(2018)    -0.798285  2.53407e-05
yr_eff(2019)     0.881217  3.31572e-05
yr_eff(2020)     -1.54825  8.63692e-06
yr_eff(2021)     -1.33076  3.37276e-06
yr_eff(2022)   -0.0141347 -2.35676e-05
yr_eff(2023)     -3.22027 -1.41442e-06
yr_eff(2024)     0.945711 -7.57678e-07
yr_eff(2025)            0            0
yr_eff(2026)            0            0
yr_eff(2027)            0            0
yr_eff(2028)            0            0
yr_eff(2029)            0            0
