ParName   Value   Gradient
log_avgrec      9.85175  2.14895e-05
log_avginit      4.82188  2.94726e-06
log_avg_F      -1.4251 -6.28302e-06
log_q_ats      -0.7197 -5.56718e-08
log_Rzero       10.182 -1.81068e-07
steepness     0.601502 -1.73768e-06
log_q_cpue    0.0931753  1.27651e-05
log_q_avo     -8.28109  4.03918e-06
log_initdevs(2)       3.3135  5.22992e-06
log_initdevs(3)      2.83133 -2.92573e-05
log_initdevs(4)      1.29749  1.06392e-05
log_initdevs(5)     0.470642 -8.41234e-06
log_initdevs(6)      1.14529    1.964e-05
log_initdevs(7)     0.351644  2.44101e-06
log_initdevs(8)    -0.785839  1.58528e-05
log_initdevs(9)     -1.24215  4.26416e-07
log_initdevs(10)     -1.23503  2.01754e-06
log_initdevs(11)     -1.22995   8.8347e-07
log_initdevs(12)     -1.22676  -1.5216e-06
log_initdevs(13)     -1.22837 -1.16618e-06
log_initdevs(14)     -1.22995   7.5995e-06
log_initdevs(15)     -1.23185 -3.30987e-06
log_rec_devs(1964)     -1.08607  4.94632e-05
log_rec_devs(1965)    0.0988997  9.79647e-05
log_rec_devs(1966)     -0.23237  3.77827e-05
log_rec_devs(1967)     0.292184  4.08149e-05
log_rec_devs(1968)      0.14888  5.18532e-06
log_rec_devs(1969)      0.31531 -1.75493e-05
log_rec_devs(1970)     0.209039 -1.15645e-05
log_rec_devs(1971)    -0.278031 -1.61546e-05
log_rec_devs(1972)     -0.48049 -2.78876e-05
log_rec_devs(1973)     0.336564 -7.16024e-05
log_rec_devs(1974)    0.0161518 -2.01585e-05
log_rec_devs(1975)    -0.165476 -3.79104e-05
log_rec_devs(1976)    -0.449665 -2.40326e-05
log_rec_devs(1977)    -0.428343 -3.05684e-05
log_rec_devs(1978)     0.150508 -3.42732e-05
log_rec_devs(1979)     0.996401  -2.2001e-05
log_rec_devs(1980)     0.302886 -3.96556e-05
log_rec_devs(1981)     0.505721 -4.75768e-05
log_rec_devs(1982)    -0.122729  6.04652e-05
log_rec_devs(1983)      0.97397 -7.45504e-06
log_rec_devs(1984)    -0.261403 -2.04125e-06
log_rec_devs(1985)     0.615576 -6.89863e-05
log_rec_devs(1986)    -0.333684 -2.66302e-05
log_rec_devs(1987)    -0.926003  4.07758e-05
log_rec_devs(1988)     -1.22589  -1.5103e-05
log_rec_devs(1989)    -0.515586  5.75256e-05
log_rec_devs(1990)     0.932818  1.86615e-05
log_rec_devs(1991)     0.260789  3.60592e-05
log_rec_devs(1992)    0.0821865 -1.29036e-05
log_rec_devs(1993)     0.774865  1.25029e-05
log_rec_devs(1994)    -0.260187 -1.24403e-05
log_rec_devs(1995)    -0.605433  1.01333e-05
log_rec_devs(1996)     0.117179  1.42996e-05
log_rec_devs(1997)     0.434692  3.29379e-05
log_rec_devs(1998)    -0.241531 -4.69955e-05
log_rec_devs(1999)    -0.150468  2.31052e-05
log_rec_devs(2000)      0.26452  6.75097e-05
log_rec_devs(2001)     0.599046 -4.00133e-05
log_rec_devs(2002)     0.221024 -9.65208e-05
log_rec_devs(2003)    -0.205641  2.39862e-05
log_rec_devs(2004)    -0.979186 -2.11826e-05
log_rec_devs(2005)     -1.33348 -1.72336e-06
log_rec_devs(2006)    -0.423803 -3.56833e-05
log_rec_devs(2007)     0.307532 -4.30561e-05
log_rec_devs(2008)    -0.339695 -2.16529e-05
log_rec_devs(2009)     0.949121  6.73025e-05
log_rec_devs(2010)     0.188795  4.35603e-05
log_rec_devs(2011)     -0.31146   -7.213e-06
log_rec_devs(2012)    -0.463851 -5.36746e-05
log_rec_devs(2013)     0.779835  0.000133479
log_rec_devs(2014)     0.906875 -1.59262e-05
log_rec_devs(2015)    0.0847077  5.34453e-05
log_rec_devs(2016)    -0.909394   3.0368e-05
log_rec_devs(2017)    -0.921727 -2.42871e-05
log_rec_devs(2018)    -0.191443  1.45215e-05
log_rec_devs(2019)      1.44784  0.000180022
log_rec_devs(2020)     0.294023  6.22501e-05
log_rec_devs(2021)   -0.0633243  3.62004e-05
log_rec_devs(2022)  -0.00569668  3.47453e-05
log_rec_devs(2023)     0.258332  3.61584e-05
log_rec_devs(2024)    0.0457991  1.40588e-05
log_F_devs(1964)    -0.653499  4.52101e-05
log_F_devs(1965)    -0.628514  -8.2377e-05
log_F_devs(1966)    -0.706531 -5.88202e-05
log_F_devs(1967)    -0.167395  -3.1224e-05
log_F_devs(1968)    -0.180944  0.000203984
log_F_devs(1969)    -0.138899  5.76262e-05
log_F_devs(1970)     0.223714  6.62301e-05
log_F_devs(1971)     0.570667  3.97802e-05
log_F_devs(1972)     0.681753  -1.6421e-05
log_F_devs(1973)      0.81225  0.000115904
log_F_devs(1974)     0.875232 -5.86421e-05
log_F_devs(1975)      0.68351 -6.57012e-05
log_F_devs(1976)     0.576862 -2.15624e-06
log_F_devs(1977)      0.47223  6.31886e-05
log_F_devs(1978)     0.580531  5.97914e-05
log_F_devs(1979)     0.657316 -9.79379e-05
log_F_devs(1980)      0.63174 -8.38334e-05
log_F_devs(1981)      0.34978  5.85859e-06
log_F_devs(1982)    -0.104371 -3.37986e-06
log_F_devs(1983)    -0.316664  5.11665e-06
log_F_devs(1984)    -0.352404 -6.23436e-05
log_F_devs(1985)    -0.360252   0.00014507
log_F_devs(1986)    -0.468557 -7.69594e-05
log_F_devs(1987)    -0.801852 -1.81108e-05
log_F_devs(1988)    -0.522542  0.000146882
log_F_devs(1989)    -0.500999  4.09215e-05
log_F_devs(1990)    -0.104214 -7.36169e-05
log_F_devs(1991)     0.129155   2.2649e-05
log_F_devs(1992)     0.431144 -6.16177e-05
log_F_devs(1993)    0.0067867  4.56106e-05
log_F_devs(1994)    -0.218974  2.72276e-05
log_F_devs(1995)    -0.211492 -9.03956e-05
log_F_devs(1996)   -0.0168215  4.78655e-05
log_F_devs(1997)    0.0372803  4.05195e-05
log_F_devs(1998)    -0.129622 -3.85576e-05
log_F_devs(1999)    -0.377806  2.43104e-05
log_F_devs(2000)    -0.300681 -7.50451e-06
log_F_devs(2001)    -0.191664   3.1466e-05
log_F_devs(2002)   -0.0472135 -5.65869e-05
log_F_devs(2003)   0.00800286  4.59992e-05
log_F_devs(2004)    -0.114731  7.95674e-05
log_F_devs(2005)    -0.180898  6.33298e-05
log_F_devs(2006)    0.0207556   1.5326e-05
log_F_devs(2007)    0.0877413 -1.03796e-05
log_F_devs(2008)     0.184324  3.17273e-05
log_F_devs(2009)     0.136724  1.68667e-05
log_F_devs(2010)   -0.0730133  3.03051e-05
log_F_devs(2011)     0.228627  0.000101887
log_F_devs(2012)     0.217522  5.19589e-05
log_F_devs(2013)      0.13433  2.31083e-05
log_F_devs(2014)    0.0878673  3.37927e-05
log_F_devs(2015)     0.177094 -0.000116739
log_F_devs(2016)   -0.0850133   6.6473e-05
log_F_devs(2017)   -0.0698922  5.47767e-05
log_F_devs(2018)    -0.260809 -0.000274559
log_F_devs(2019)    -0.126439  2.38573e-05
log_F_devs(2020)     0.149736 -6.48627e-05
log_F_devs(2021)     0.106242 -7.93962e-05
log_F_devs(2022)     -0.24965 -4.36686e-06
log_F_devs(2023)     -0.29563 -0.000102659
log_F_devs(2024)    -0.300929  0.000189822
sel_devs_fsh(1,1)    0.0531165  8.14939e-07
sel_devs_fsh(1,2)    0.0930683  1.96511e-05
sel_devs_fsh(1,3)     0.143226  2.31152e-05
sel_devs_fsh(1,4)   -0.0411904 -4.99502e-05
sel_devs_fsh(1,5)   -0.0415108   1.0729e-05
sel_devs_fsh(1,6)   -0.0558722 -6.85857e-05
sel_devs_fsh(1,7)   -0.0479244 -7.15893e-05
sel_devs_fsh(1,8)   -0.0387778  0.000169056
sel_devs_fsh(1,9)   -0.0279804 -0.000135217
sel_devs_fsh(1,10)   -0.0184761   0.00020884
sel_devs_fsh(1,11)    -0.011271 -0.000145414
sel_devs_fsh(1,12)  -0.00640779  3.78479e-05
sel_devs_fsh(2,1)    0.0605961  3.26833e-07
sel_devs_fsh(2,2)     0.100353  9.49451e-06
sel_devs_fsh(2,3)     0.243713 -1.04184e-06
sel_devs_fsh(2,4)    -0.132115 -3.59639e-05
sel_devs_fsh(2,5)   -0.0949996  2.02946e-05
sel_devs_fsh(2,6)   -0.0734623 -8.34913e-05
sel_devs_fsh(2,7)   -0.0520763  -7.1808e-05
sel_devs_fsh(2,8)   -0.0325216   0.00022083
sel_devs_fsh(2,9)   -0.0197979 -0.000148491
sel_devs_fsh(2,10)  -0.00868677  0.000197034
sel_devs_fsh(2,11)   0.00072357 -0.000133179
sel_devs_fsh(2,12)   0.00827363  2.04204e-05
sel_devs_fsh(3,1)     0.125412  2.32068e-06
sel_devs_fsh(3,2)     0.100523  3.55891e-06
sel_devs_fsh(3,3)   0.00674907  4.56577e-05
sel_devs_fsh(3,4)    -0.005936 -3.77344e-05
sel_devs_fsh(3,5)   -0.0466311 -2.37676e-06
sel_devs_fsh(3,6)   -0.0507804 -6.06196e-05
sel_devs_fsh(3,7)   -0.0477537 -4.47031e-05
sel_devs_fsh(3,8)   -0.0366041  0.000186476
sel_devs_fsh(3,9)    -0.024819 -0.000133255
sel_devs_fsh(3,10)   -0.0133159  0.000161653
sel_devs_fsh(3,11)  -0.00546777 -0.000130266
sel_devs_fsh(3,12)  -0.00137501  1.17844e-05
sel_devs_fsh(4,1)     0.132638 -4.01755e-06
sel_devs_fsh(4,2)     0.067227 -4.20663e-06
sel_devs_fsh(4,3)     0.157335  5.75042e-05
sel_devs_fsh(4,4)    -0.105006 -3.37979e-05
sel_devs_fsh(4,5)    -0.101152  1.85396e-05
sel_devs_fsh(4,6)   -0.0915505 -6.71504e-05
sel_devs_fsh(4,7)   -0.0784757  1.85405e-05
sel_devs_fsh(4,8)   -0.0231096   4.4795e-05
sel_devs_fsh(4,9)  -0.00526998 -5.25491e-05
sel_devs_fsh(4,10)   0.00911643  5.48751e-05
sel_devs_fsh(4,11)    0.0162323 -8.85755e-05
sel_devs_fsh(4,12)    0.0220146  5.54911e-05
sel_devs_fsh(5,1)     0.188631 -1.03871e-05
sel_devs_fsh(5,2)     0.137271 -1.01331e-05
sel_devs_fsh(5,3)   -0.0321037  5.67946e-05
sel_devs_fsh(5,4)    -0.250749 -4.15857e-05
sel_devs_fsh(5,5)    -0.122402 -1.33637e-06
sel_devs_fsh(5,6)    -0.106953 -5.29146e-05
sel_devs_fsh(5,7)   -0.0488446  1.27456e-05
sel_devs_fsh(5,8)    0.0103359  4.02311e-05
sel_devs_fsh(5,9)    0.0362959 -3.70745e-05
sel_devs_fsh(5,10)     0.051392  1.32054e-05
sel_devs_fsh(5,11)    0.0584347 -3.22446e-05
sel_devs_fsh(5,12)    0.0786934   7.4036e-05
sel_devs_fsh(6,1)    0.0114558  -8.4644e-06
sel_devs_fsh(6,2)    0.0294122 -1.77704e-05
sel_devs_fsh(6,3)   -0.0798793  5.09156e-05
sel_devs_fsh(6,4)   -0.0482619 -6.24821e-05
sel_devs_fsh(6,5) -0.000623504  1.34369e-05
sel_devs_fsh(6,6)   -0.0137374 -6.75174e-05
sel_devs_fsh(6,7)   -0.0484208  4.67747e-06
sel_devs_fsh(6,8)    0.0067506  6.04821e-05
sel_devs_fsh(6,9)    0.0270607 -5.63222e-05
sel_devs_fsh(6,10)    0.0314788  3.59959e-05
sel_devs_fsh(6,11)    0.0360941 -3.89792e-05
sel_devs_fsh(6,12)    0.0486705   8.2727e-05
sel_devs_fsh(7,1)    -0.231289  7.67956e-06
sel_devs_fsh(7,2)     0.199067  2.96762e-06
sel_devs_fsh(7,3)     0.117206  2.42296e-05
sel_devs_fsh(7,4)    0.0809903 -8.31532e-05
sel_devs_fsh(7,5)   -0.0204426   4.1412e-06
sel_devs_fsh(7,6)  -0.00701646  -5.5858e-05
sel_devs_fsh(7,7)   -0.0162903 -1.77266e-05
sel_devs_fsh(7,8)   -0.0307601  3.32797e-05
sel_devs_fsh(7,9)    -0.014812 -1.09123e-05
sel_devs_fsh(7,10)   -0.0179219  3.19274e-05
sel_devs_fsh(7,11)   -0.0242983 -1.84738e-05
sel_devs_fsh(7,12)   -0.0344332  8.22926e-05
sel_devs_fsh(8,1)    -0.251582  1.25025e-05
sel_devs_fsh(8,2)     0.109255 -1.05103e-05
sel_devs_fsh(8,3)    0.0704657 -6.53297e-06
sel_devs_fsh(8,4)    0.0510101 -9.35221e-05
sel_devs_fsh(8,5)    0.0398691 -4.53936e-06
sel_devs_fsh(8,6)    0.0493354 -5.10872e-05
sel_devs_fsh(8,7)    0.0294386  7.58675e-06
sel_devs_fsh(8,8)  3.86222e-05  6.94274e-05
sel_devs_fsh(8,9)   -0.0114308 -2.63279e-05
sel_devs_fsh(8,10)   -0.0193768  3.20653e-05
sel_devs_fsh(8,11)   -0.0273694 -1.64371e-05
sel_devs_fsh(8,12)   -0.0396532  8.72683e-05
sel_devs_fsh(9,1)    -0.208648  4.90383e-06
sel_devs_fsh(9,2)     0.148246 -2.01247e-05
sel_devs_fsh(9,3)      0.18198  4.86813e-06
sel_devs_fsh(9,4)    0.0383062 -6.85572e-05
sel_devs_fsh(9,5)   0.00837441 -1.86359e-05
sel_devs_fsh(9,6)  -0.00274192 -6.92171e-05
sel_devs_fsh(9,7)  -0.00209551  2.77395e-05
sel_devs_fsh(9,8)   -0.0283187  4.79721e-05
sel_devs_fsh(9,9)   -0.0227137 -2.25891e-05
sel_devs_fsh(9,10)   -0.0272035  1.92851e-05
sel_devs_fsh(9,11)   -0.0344808  5.86384e-06
sel_devs_fsh(9,12)   -0.0507043  8.98905e-05
sel_devs_fsh(10,1)     -0.19191   9.4443e-07
sel_devs_fsh(10,2)    -0.170632 -6.99281e-06
sel_devs_fsh(10,3)     0.130965  8.28583e-06
sel_devs_fsh(10,4)    0.0816224 -4.64898e-05
sel_devs_fsh(10,5)    0.0460084 -2.87653e-05
sel_devs_fsh(10,6)    0.0379609 -4.39224e-05
sel_devs_fsh(10,7)    0.0355319 -4.09757e-05
sel_devs_fsh(10,8)  -0.00354481  5.43558e-05
sel_devs_fsh(10,9)   0.00364358 -1.82147e-05
sel_devs_fsh(10,10)    0.0101799  9.04289e-05
sel_devs_fsh(10,11)    0.0100455 -8.21869e-05
sel_devs_fsh(10,12)     0.010129  0.000112952
sel_devs_fsh(11,1)    -0.190859 -2.23774e-06
sel_devs_fsh(11,2)   -0.0652391 -2.49137e-05
sel_devs_fsh(11,3)   -0.0792668  1.85367e-05
sel_devs_fsh(11,4)    0.0901936 -5.43199e-05
sel_devs_fsh(11,5)    0.0752664 -5.12605e-05
sel_devs_fsh(11,6)    0.0625009  -4.3821e-05
sel_devs_fsh(11,7)    0.0555062   3.0945e-06
sel_devs_fsh(11,8)    0.0151642  5.88784e-05
sel_devs_fsh(11,9)    0.0094475 -2.87011e-05
sel_devs_fsh(11,10)    0.0101924  0.000114571
sel_devs_fsh(11,11)   0.00943594  -0.00013739
sel_devs_fsh(11,12)   0.00765798  0.000146665
sel_devs_fsh(12,1)    -0.181798 -3.58716e-06
sel_devs_fsh(12,2)    0.0256538 -4.59883e-06
sel_devs_fsh(12,3)    -0.125798 -4.06191e-06
sel_devs_fsh(12,4)   -0.0500745 -4.29198e-05
sel_devs_fsh(12,5)    0.0553532 -3.19395e-05
sel_devs_fsh(12,6)    0.0595977 -3.31302e-05
sel_devs_fsh(12,7)    0.0576052  8.20469e-06
sel_devs_fsh(12,8)     0.036208  2.72696e-05
sel_devs_fsh(12,9)    0.0259333 -3.03547e-05
sel_devs_fsh(12,10)     0.031389  0.000100142
sel_devs_fsh(12,11)    0.0325637 -0.000160143
sel_devs_fsh(12,12)    0.0333669  0.000174156
sel_devs_fsh(13,1)    -0.223751  8.68166e-07
sel_devs_fsh(13,2)    -0.135058 -1.06073e-06
sel_devs_fsh(13,3)   -0.0361195  7.53985e-06
sel_devs_fsh(13,4)   -0.0246596 -4.48007e-05
sel_devs_fsh(13,5)    0.0431183 -7.00908e-05
sel_devs_fsh(13,6)    0.0529432  -2.6666e-05
sel_devs_fsh(13,7)     0.064018  3.60542e-05
sel_devs_fsh(13,8)    0.0642565  -7.7019e-06
sel_devs_fsh(13,9)    0.0527589 -7.86784e-06
sel_devs_fsh(13,10)    0.0472541  4.41734e-05
sel_devs_fsh(13,11)    0.0479216 -0.000134268
sel_devs_fsh(13,12)    0.0473172  0.000202748
sel_devs_fsh(14,1)     -0.18434 -2.03848e-05
sel_devs_fsh(14,2)    -0.384005  3.50289e-06
sel_devs_fsh(14,3)     -0.16679 -5.49118e-06
sel_devs_fsh(14,4)   -0.0296456 -2.69636e-05
sel_devs_fsh(14,5)    0.0933043 -4.57646e-05
sel_devs_fsh(14,6)     0.132798 -4.18616e-05
sel_devs_fsh(14,7)     0.119817  3.21046e-05
sel_devs_fsh(14,8)      0.11947  2.01216e-06
sel_devs_fsh(14,9)    0.0976853  4.92464e-06
sel_devs_fsh(14,10)    0.0704316  6.04023e-05
sel_devs_fsh(14,11)    0.0670586 -0.000135164
sel_devs_fsh(14,12)    0.0642169  0.000188976
sel_devs_fsh(15,1)    -0.208067 -2.18386e-05
sel_devs_fsh(15,2)    -0.505263  1.68108e-06
sel_devs_fsh(15,3)    -0.281163 -1.59187e-05
sel_devs_fsh(15,4)    0.0822252 -4.13248e-05
sel_devs_fsh(15,5)     0.138126 -1.08208e-05
sel_devs_fsh(15,6)     0.151361 -2.26786e-05
sel_devs_fsh(15,7)     0.145979   4.2775e-05
sel_devs_fsh(15,8)       0.1338  -3.5594e-05
sel_devs_fsh(15,9)    0.0953004 -3.56576e-07
sel_devs_fsh(15,10)    0.0869747  2.87297e-05
sel_devs_fsh(15,11)    0.0827421 -0.000122144
sel_devs_fsh(15,12)    0.0779863  0.000200011
sel_devs_fsh(16,1)    -0.171762 -3.04398e-05
sel_devs_fsh(16,2)     -0.29019  1.87228e-06
sel_devs_fsh(16,3)    -0.290196  1.58383e-05
sel_devs_fsh(16,4)   -0.0194615 -1.56478e-05
sel_devs_fsh(16,5)     0.139724 -3.24914e-05
sel_devs_fsh(16,6)     0.092916 -2.74882e-05
sel_devs_fsh(16,7)    0.0979948  1.27686e-05
sel_devs_fsh(16,8)    0.0991063 -3.32712e-05
sel_devs_fsh(16,9)     0.092362  3.41838e-05
sel_devs_fsh(16,10)    0.0853409 -1.70169e-06
sel_devs_fsh(16,11)    0.0818153 -0.000135743
sel_devs_fsh(16,12)    0.0823501  0.000200481
sel_devs_fsh(17,1)    -0.135061 -1.02604e-05
sel_devs_fsh(17,2)    -0.105635  1.11873e-05
sel_devs_fsh(17,3)    -0.280555  1.74607e-05
sel_devs_fsh(17,4)   -0.0112457 -4.39535e-05
sel_devs_fsh(17,5)    0.0217423  1.52044e-05
sel_devs_fsh(17,6)     0.062296 -6.16085e-05
sel_devs_fsh(17,7)    0.0637634  3.69445e-05
sel_devs_fsh(17,8)    0.0714846 -2.97729e-05
sel_devs_fsh(17,9)    0.0757924  2.37643e-05
sel_devs_fsh(17,10)    0.0774644  8.38515e-08
sel_devs_fsh(17,11)     0.078794 -0.000155691
sel_devs_fsh(17,12)    0.0811593  0.000197675
sel_devs_fsh(18,1)     -0.15341 -2.61504e-05
sel_devs_fsh(18,2)    0.0963077  5.80181e-06
sel_devs_fsh(18,3)    -0.071667  1.87689e-05
sel_devs_fsh(18,4)    -0.119813 -4.06887e-05
sel_devs_fsh(18,5)   -0.0762608  5.12863e-07
sel_devs_fsh(18,6)    0.0306825 -1.47897e-05
sel_devs_fsh(18,7)    0.0285398  3.40578e-05
sel_devs_fsh(18,8)    0.0324412 -4.80933e-05
sel_devs_fsh(18,9)    0.0456498  2.31609e-05
sel_devs_fsh(18,10)    0.0554139 -1.44583e-05
sel_devs_fsh(18,11)    0.0633009 -0.000155851
sel_devs_fsh(18,12)    0.0688147  0.000214242
sel_devs_fsh(19,1)     -0.13577  1.17282e-06
sel_devs_fsh(19,2)    -0.162421  3.42616e-06
sel_devs_fsh(19,3)    0.0356402  1.78356e-07
sel_devs_fsh(19,4)    -0.082419 -3.03695e-05
sel_devs_fsh(19,5)     0.104264  1.60863e-05
sel_devs_fsh(19,6)    0.0250194  -1.2247e-05
sel_devs_fsh(19,7)    0.0365233  1.71185e-05
sel_devs_fsh(19,8)    0.0283186 -7.32792e-05
sel_devs_fsh(19,9)    0.0297693  4.56697e-05
sel_devs_fsh(19,10)    0.0309329 -2.11555e-05
sel_devs_fsh(19,11)    0.0425031 -0.000186384
sel_devs_fsh(19,12)    0.0476386  0.000236978
sel_devs_fsh(20,1)    -0.150788  6.08117e-06
sel_devs_fsh(20,2)    0.0400902  7.05289e-06
sel_devs_fsh(20,3)     0.109203  3.02279e-06
sel_devs_fsh(20,4)    -0.105821 -3.33711e-05
sel_devs_fsh(20,5)    -0.219551  -2.8859e-05
sel_devs_fsh(20,6)     0.100416 -1.29801e-05
sel_devs_fsh(20,7)    0.0585556  1.31338e-05
sel_devs_fsh(20,8)    0.0457261 -2.31191e-05
sel_devs_fsh(20,9)    0.0263694  0.000113215
sel_devs_fsh(20,10)    0.0256778 -7.14801e-05
sel_devs_fsh(20,11)    0.0326879 -0.000189416
sel_devs_fsh(20,12)    0.0374341  0.000221996
sel_devs_fsh(21,1)    -0.155971 -3.87776e-06
sel_devs_fsh(21,2)   -0.0312668  9.98796e-06
sel_devs_fsh(21,3)    0.0752184 -1.25093e-05
sel_devs_fsh(21,4)     0.151405 -3.39132e-05
sel_devs_fsh(21,5)   -0.0368293   7.5807e-07
sel_devs_fsh(21,6)    -0.029321 -3.61132e-05
sel_devs_fsh(21,7)    0.0204913  2.01357e-05
sel_devs_fsh(21,8)    -0.034692 -2.26854e-05
sel_devs_fsh(21,9)   0.00949269  0.000159114
sel_devs_fsh(21,10)   0.00501349 -7.62224e-05
sel_devs_fsh(21,11)   0.00671398 -0.000207607
sel_devs_fsh(21,12)    0.0197455  0.000202446
sel_devs_fsh(22,1)    -0.158207  1.29628e-05
sel_devs_fsh(22,2)   -0.0688506  1.06364e-05
sel_devs_fsh(22,3)     0.122252 -1.35905e-05
sel_devs_fsh(22,4)   -0.0826636 -2.74243e-05
sel_devs_fsh(22,5)   0.00555336 -8.06183e-06
sel_devs_fsh(22,6)   -0.0604336 -2.47264e-05
sel_devs_fsh(22,7)   -0.0752797  2.09668e-05
sel_devs_fsh(22,8)     0.126537 -4.08562e-05
sel_devs_fsh(22,9)    0.0870215  0.000167531
sel_devs_fsh(22,10)    0.0609678  -8.9262e-05
sel_devs_fsh(22,11)    0.0316579 -0.000231023
sel_devs_fsh(22,12)    0.0114445  0.000223216
sel_devs_fsh(23,1)    -0.189759  2.16954e-06
sel_devs_fsh(23,2)    -0.101394  1.79536e-05
sel_devs_fsh(23,3)     0.475261 -9.83074e-06
sel_devs_fsh(23,4)    0.0522674 -2.06887e-05
sel_devs_fsh(23,5)     0.130051  2.34181e-05
sel_devs_fsh(23,6)   -0.0426626 -1.36224e-05
sel_devs_fsh(23,7)    0.0908175 -2.80173e-05
sel_devs_fsh(23,8)   -0.0980796 -2.46187e-05
sel_devs_fsh(23,9)   -0.0975508  0.000106161
sel_devs_fsh(23,10)    -0.119702 -4.79453e-05
sel_devs_fsh(23,11)   -0.0691854 -0.000241659
sel_devs_fsh(23,12)   -0.0300636  0.000237763
sel_devs_fsh(24,1)    -0.159344  8.81316e-06
sel_devs_fsh(24,2)   -0.0615413  2.12542e-05
sel_devs_fsh(24,3)    -0.371543  4.85566e-06
sel_devs_fsh(24,4)     0.171061 -2.42385e-05
sel_devs_fsh(24,5)    0.0270356  1.81556e-05
sel_devs_fsh(24,6)      0.08353 -5.44585e-05
sel_devs_fsh(24,7)     0.121576  1.71376e-05
sel_devs_fsh(24,8)    0.0965933 -9.16695e-06
sel_devs_fsh(24,9)    0.0213959  0.000113021
sel_devs_fsh(24,10)    0.0645766 -8.60191e-05
sel_devs_fsh(24,11)    0.0164937 -0.000242161
sel_devs_fsh(24,12)  -0.00983459  0.000221166
sel_devs_fsh(25,1)    -0.149879  6.64632e-06
sel_devs_fsh(25,2)   -0.0299288  1.39043e-05
sel_devs_fsh(25,3)    -0.342862  3.40096e-06
sel_devs_fsh(25,4)    0.0311391 -3.80313e-05
sel_devs_fsh(25,5)     0.185721 -8.50441e-06
sel_devs_fsh(25,6)    0.0555166 -3.43751e-05
sel_devs_fsh(25,7)   -0.0359975  6.99506e-07
sel_devs_fsh(25,8)    0.0356292 -1.96182e-05
sel_devs_fsh(25,9)    0.0534034  0.000147555
sel_devs_fsh(25,10)   -0.0163621 -5.22048e-05
sel_devs_fsh(25,11)     0.139024 -0.000239624
sel_devs_fsh(25,12)    0.0745953  0.000222227
sel_devs_fsh(26,1)   -0.0723498 -5.30785e-06
sel_devs_fsh(26,2)    0.0178761   1.3975e-05
sel_devs_fsh(26,3)    -0.371954  9.18877e-06
sel_devs_fsh(26,4)    -0.365325 -3.82727e-05
sel_devs_fsh(26,5)    -0.307811 -1.26134e-05
sel_devs_fsh(26,6)    -0.140304 -4.14043e-05
sel_devs_fsh(26,7)     0.136138  1.20305e-05
sel_devs_fsh(26,8)  -0.00435179  1.27271e-05
sel_devs_fsh(26,9)     0.212282  0.000128921
sel_devs_fsh(26,10)     0.148474  -5.8172e-05
sel_devs_fsh(26,11)     0.386888 -0.000240578
sel_devs_fsh(26,12)     0.360437  0.000219585
sel_devs_fsh(27,1)    -0.158511 -2.66425e-06
sel_devs_fsh(27,2)   -0.0468545 -2.08456e-05
sel_devs_fsh(27,3)     0.513657  9.79524e-06
sel_devs_fsh(27,4)    -0.262426 -4.87649e-05
sel_devs_fsh(27,5)    -0.345592  2.13848e-05
sel_devs_fsh(27,6)   -0.0442848 -2.90924e-05
sel_devs_fsh(27,7)   -0.0270443 -6.67171e-06
sel_devs_fsh(27,8)      0.21781  1.60657e-05
sel_devs_fsh(27,9)    0.0945167  0.000135035
sel_devs_fsh(27,10)      0.22037 -7.28149e-05
sel_devs_fsh(27,11)    -0.115188 -0.000238805
sel_devs_fsh(27,12)    -0.046454  0.000228669
sel_devs_fsh(28,1)    -0.149148  9.34461e-07
sel_devs_fsh(28,2)    -0.490599  2.60574e-06
sel_devs_fsh(28,3)  -0.00399898 -4.37197e-07
sel_devs_fsh(28,4)     0.804649 -2.17349e-05
sel_devs_fsh(28,5)    0.0104194 -8.51928e-06
sel_devs_fsh(28,6)     0.015024 -4.81044e-05
sel_devs_fsh(28,7)    0.0797566   8.1833e-06
sel_devs_fsh(28,8)    0.0174152  1.38284e-05
sel_devs_fsh(28,9)   -0.0244635  0.000132918
sel_devs_fsh(28,10)   -0.0573517 -6.96925e-05
sel_devs_fsh(28,11)    -0.135878 -0.000241083
sel_devs_fsh(28,12)   -0.0658253  0.000230649
sel_devs_fsh(29,1)   -0.0586608  1.25392e-05
sel_devs_fsh(29,2)   -0.0114786  9.66906e-06
sel_devs_fsh(29,3)    -0.784586  6.83188e-06
sel_devs_fsh(29,4)    -0.277169  -6.0546e-05
sel_devs_fsh(29,5)     0.904718    2.306e-05
sel_devs_fsh(29,6)     0.268421 -2.58533e-05
sel_devs_fsh(29,7)     0.033112  1.73657e-05
sel_devs_fsh(29,8)   -0.0181979   1.9204e-05
sel_devs_fsh(29,9)   -0.0284494  0.000135872
sel_devs_fsh(29,10)  -0.00582784 -8.76346e-05
sel_devs_fsh(29,11)    0.0226113  -0.00022499
sel_devs_fsh(29,12)   -0.0444882  0.000229778
sel_devs_fsh(30,1)   -0.0254496  8.29507e-06
sel_devs_fsh(30,2)     0.154196 -2.94289e-06
sel_devs_fsh(30,3)    -0.315683  3.21172e-05
sel_devs_fsh(30,4)    -0.691079 -5.22884e-05
sel_devs_fsh(30,5)    -0.338755 -5.59419e-06
sel_devs_fsh(30,6)     0.474253 -4.00689e-05
sel_devs_fsh(30,7)     0.160219 -3.73088e-06
sel_devs_fsh(30,8)     0.173284  2.37594e-05
sel_devs_fsh(30,9)     0.141775  0.000138032
sel_devs_fsh(30,10)     0.122825 -8.93005e-05
sel_devs_fsh(30,11)    0.0891919 -0.000233985
sel_devs_fsh(30,12)    0.0552223  0.000230422
sel_devs_fsh(31,1)   -0.0366406 -6.70152e-06
sel_devs_fsh(31,2)     0.490138  -9.0301e-06
sel_devs_fsh(31,3)     0.243863   2.0521e-05
sel_devs_fsh(31,4)    -0.818016  -8.4407e-05
sel_devs_fsh(31,5)    -0.745818  1.06291e-06
sel_devs_fsh(31,6)    -0.336457 -1.17856e-05
sel_devs_fsh(31,7)     0.300644  1.38722e-05
sel_devs_fsh(31,8)     0.316118  1.38346e-05
sel_devs_fsh(31,9)     0.236265  0.000141039
sel_devs_fsh(31,10)     0.163964 -6.30143e-05
sel_devs_fsh(31,11)     0.108271 -0.000220672
sel_devs_fsh(31,12)    0.0776697  0.000218747
sel_devs_fsh(32,1)     -0.13523 -5.37646e-06
sel_devs_fsh(32,2)     0.325904 -1.04914e-05
sel_devs_fsh(32,3)     0.132327  1.30827e-05
sel_devs_fsh(32,4)     0.626998 -3.64199e-05
sel_devs_fsh(32,5)   -0.0319736 -1.16603e-05
sel_devs_fsh(32,6)    -0.402348  3.54638e-05
sel_devs_fsh(32,7)    -0.391918 -1.27882e-05
sel_devs_fsh(32,8)    -0.275393 -1.95971e-05
sel_devs_fsh(32,9)    0.0062835  0.000160861
sel_devs_fsh(32,10)    0.0414535 -0.000115699
sel_devs_fsh(32,11)    0.0487214 -0.000255035
sel_devs_fsh(32,12)    0.0551762  0.000252121
sel_devs_fsh(33,1)    -0.106407  5.17003e-06
sel_devs_fsh(33,2)    -0.400159 -2.16454e-05
sel_devs_fsh(33,3)     0.269169  1.81593e-05
sel_devs_fsh(33,4)     0.231777 -5.26919e-05
sel_devs_fsh(33,5)     0.172816  6.17119e-06
sel_devs_fsh(33,6)     0.258863  2.79559e-05
sel_devs_fsh(33,7)    -0.248812 -2.35249e-05
sel_devs_fsh(33,8)   -0.0433573 -1.61608e-05
sel_devs_fsh(33,9)   -0.0489483  0.000158871
sel_devs_fsh(33,10)    -0.028432 -9.23855e-05
sel_devs_fsh(33,11)   -0.0311401 -0.000223318
sel_devs_fsh(33,12)   -0.0253689  0.000214848
sel_devs_fsh(34,1)    -0.155015  1.22762e-05
sel_devs_fsh(34,2)    -0.388892 -8.06213e-06
sel_devs_fsh(34,3)     0.820945  5.55492e-06
sel_devs_fsh(34,4)     0.459957 -6.64775e-05
sel_devs_fsh(34,5)     0.150409 -3.17337e-06
sel_devs_fsh(34,6)    -0.255294   1.9065e-05
sel_devs_fsh(34,7)     0.247984 -2.93148e-05
sel_devs_fsh(34,8)    -0.121172  1.77812e-05
sel_devs_fsh(34,9)    -0.267681  0.000145842
sel_devs_fsh(34,10)    -0.229789 -8.60696e-05
sel_devs_fsh(34,11)    -0.160382  -0.00022328
sel_devs_fsh(34,12)    -0.101069  0.000229445
sel_devs_fsh(35,1)    -0.080319  1.16592e-05
sel_devs_fsh(35,2)    -0.145907  2.06721e-06
sel_devs_fsh(35,3)    -0.561182  1.37062e-05
sel_devs_fsh(35,4)     0.306516 -4.45425e-05
sel_devs_fsh(35,5)     0.436752  8.74047e-06
sel_devs_fsh(35,6)    0.0240639 -4.08673e-06
sel_devs_fsh(35,7)   -0.0391416  9.26955e-06
sel_devs_fsh(35,8)     0.233321   2.9168e-06
sel_devs_fsh(35,9)    0.0121007  0.000138072
sel_devs_fsh(35,10)   -0.0577774 -0.000122417
sel_devs_fsh(35,11)   -0.0583091 -0.000220386
sel_devs_fsh(35,12)   -0.0701192  0.000204333
sel_devs_fsh(36,1)   -0.0363952 -8.40602e-06
sel_devs_fsh(36,2)    -0.187872  7.76307e-06
sel_devs_fsh(36,3)    -0.434478 -6.76259e-07
sel_devs_fsh(36,4)    -0.300023 -6.13633e-05
sel_devs_fsh(36,5)     0.265649 -7.74735e-06
sel_devs_fsh(36,6)     0.636099 -4.45603e-06
sel_devs_fsh(36,7)     0.148205  8.13027e-06
sel_devs_fsh(36,8)    -0.111361  1.49888e-05
sel_devs_fsh(36,9)    0.0142276  0.000141644
sel_devs_fsh(36,10)    0.0191077 -0.000116069
sel_devs_fsh(36,11)     0.011191 -0.000204696
sel_devs_fsh(36,12)   -0.0243494  0.000226219
sel_devs_fsh(37,1)   -0.0781121 -9.83996e-06
sel_devs_fsh(37,2)     0.183716  1.45223e-05
sel_devs_fsh(37,3)     0.096441 -2.03737e-09
sel_devs_fsh(37,4)    -0.014237 -5.73935e-05
sel_devs_fsh(37,5)    -0.244899  1.13249e-05
sel_devs_fsh(37,6)    0.0449425 -5.75734e-06
sel_devs_fsh(37,7)    0.0717188  1.59572e-05
sel_devs_fsh(37,8)    0.0618442  7.08182e-06
sel_devs_fsh(37,9)    0.0475691  0.000118729
sel_devs_fsh(37,10)   -0.0148638 -0.000104301
sel_devs_fsh(37,11)   -0.0798821 -0.000217049
sel_devs_fsh(37,12)   -0.0742374   0.00022673
sel_devs_fsh(38,1)   -0.0841086 -1.42037e-05
sel_devs_fsh(38,2)     -0.33615 -1.57817e-06
sel_devs_fsh(38,3)     0.702366  1.38942e-05
sel_devs_fsh(38,4)   -0.0339191 -5.66957e-05
sel_devs_fsh(38,5)    0.0496675 -1.18244e-05
sel_devs_fsh(38,6)    -0.177215  8.06994e-06
sel_devs_fsh(38,7)    0.0321964  6.95352e-06
sel_devs_fsh(38,8)    0.0371319  2.02309e-05
sel_devs_fsh(38,9)    0.0021532   0.00010866
sel_devs_fsh(38,10)   -0.0232879 -9.38134e-05
sel_devs_fsh(38,11)   -0.0897476 -0.000228269
sel_devs_fsh(38,12)   -0.0790865  0.000247367
sel_devs_fsh(39,1)   -0.0351653 -1.30281e-05
sel_devs_fsh(39,2)      -0.1468 -1.89699e-05
sel_devs_fsh(39,3)    -0.682767  3.90554e-06
sel_devs_fsh(39,4)     0.744708  1.99078e-06
sel_devs_fsh(39,5)    0.0522466  6.68351e-06
sel_devs_fsh(39,6)   -0.0995421 -9.13286e-06
sel_devs_fsh(39,7)   0.00276307  1.04036e-05
sel_devs_fsh(39,8)    0.0229317  1.79896e-05
sel_devs_fsh(39,9)    0.0404106  9.74942e-05
sel_devs_fsh(39,10)    0.0438377 -8.42076e-05
sel_devs_fsh(39,11)     0.059074  -0.00022081
sel_devs_fsh(39,12)  -0.00169575  0.000229621
sel_devs_fsh(40,1)   -0.0590068 -3.12257e-06
sel_devs_fsh(40,2)     0.085229 -7.34426e-06
sel_devs_fsh(40,3)   -0.0259142  9.08086e-06
sel_devs_fsh(40,4)    -0.349022 -1.60448e-05
sel_devs_fsh(40,5)     0.433934 -1.63984e-05
sel_devs_fsh(40,6)     0.258932   1.1965e-05
sel_devs_fsh(40,7)    -0.105335 -1.33276e-05
sel_devs_fsh(40,8)    -0.148408  1.27614e-05
sel_devs_fsh(40,9)   -0.0544328  9.53648e-05
sel_devs_fsh(40,10)   0.00617468 -8.24561e-05
sel_devs_fsh(40,11)   0.00272676 -0.000253718
sel_devs_fsh(40,12)   -0.0448777  0.000268458
sel_devs_fsh(41,1)   -0.0876929 -1.59816e-06
sel_devs_fsh(41,2)     0.107619 -7.05633e-06
sel_devs_fsh(41,3)     0.549369  2.56341e-05
sel_devs_fsh(41,4)    -0.106522 -1.96148e-05
sel_devs_fsh(41,5)    -0.326768 -1.67196e-05
sel_devs_fsh(41,6)   -0.0586338   -3.258e-05
sel_devs_fsh(41,7)   -0.0533839 -7.52915e-06
sel_devs_fsh(41,8)   -0.0184699 -2.83919e-06
sel_devs_fsh(41,9)   -0.0638826  0.000104375
sel_devs_fsh(41,10)   -0.0236716 -7.67599e-05
sel_devs_fsh(41,11)    0.0260669 -0.000254875
sel_devs_fsh(41,12)    0.0559691  0.000281386
sel_devs_fsh(42,1)   -0.0477802 -2.33724e-06
sel_devs_fsh(42,2)    0.0498818  2.27073e-06
sel_devs_fsh(42,3)   -0.0352484  1.73925e-05
sel_devs_fsh(42,4)   0.00270074 -2.18363e-05
sel_devs_fsh(42,5)   -0.0726578 -2.69275e-05
sel_devs_fsh(42,6)   -0.0101197 -3.00508e-05
sel_devs_fsh(42,7)    0.0114965  -2.6267e-05
sel_devs_fsh(42,8)   -0.0630182 -5.83305e-06
sel_devs_fsh(42,9)   -0.0231618  0.000123799
sel_devs_fsh(42,10)    0.0128528 -6.50631e-05
sel_devs_fsh(42,11)    0.0637667 -0.000251979
sel_devs_fsh(42,12)     0.111288  0.000285552
sel_devs_fsh(43,1)  0.000344743  -1.9977e-05
sel_devs_fsh(43,2)   -0.0362596 -4.78023e-06
sel_devs_fsh(43,3)    -0.511828  1.29386e-05
sel_devs_fsh(43,4)    -0.119254 -1.89601e-05
sel_devs_fsh(43,5)     -0.09132 -3.39128e-05
sel_devs_fsh(43,6)    0.0068845 -1.65762e-05
sel_devs_fsh(43,7)    0.0430309  -1.4368e-05
sel_devs_fsh(43,8)     0.118709 -8.68726e-06
sel_devs_fsh(43,9)     0.142309     0.000148
sel_devs_fsh(43,10)    0.0798559 -6.68601e-05
sel_devs_fsh(43,11)     0.167037 -0.000262521
sel_devs_fsh(43,12)      0.20049  0.000281887
sel_devs_fsh(44,1)   -0.0333955 -7.69159e-06
sel_devs_fsh(44,2)    -0.315654 -1.97854e-05
sel_devs_fsh(44,3)     0.239688  3.54456e-05
sel_devs_fsh(44,4)    0.0601089 -2.91385e-05
sel_devs_fsh(44,5)    -0.131165 -4.33192e-05
sel_devs_fsh(44,6)    -0.101426  1.07657e-05
sel_devs_fsh(44,7)   -0.0764808   3.1531e-07
sel_devs_fsh(44,8)   -0.0302143  -4.0165e-05
sel_devs_fsh(44,9)   -0.0133944  0.000150024
sel_devs_fsh(44,10)     0.142473 -8.01943e-05
sel_devs_fsh(44,11)     0.142937 -0.000241174
sel_devs_fsh(44,12)     0.116523   0.00027192
sel_devs_fsh(45,1)   0.00123476  1.34936e-05
sel_devs_fsh(45,2)     0.103969  2.56158e-05
sel_devs_fsh(45,3)    -0.576769  2.61557e-05
sel_devs_fsh(45,4)     0.492576   2.6309e-06
sel_devs_fsh(45,5)     0.186699 -4.40898e-05
sel_devs_fsh(45,6)    -0.235866  2.46449e-07
sel_devs_fsh(45,7)    -0.094426 -3.80209e-05
sel_devs_fsh(45,8)    0.0449641 -2.98764e-05
sel_devs_fsh(45,9)    0.0740216   0.00014899
sel_devs_fsh(45,10)   0.00720196 -0.000102603
sel_devs_fsh(45,11)   -0.0459299 -0.000269309
sel_devs_fsh(45,12)     0.042325  0.000266299
sel_devs_fsh(46,1)   0.00509763 -1.22515e-05
sel_devs_fsh(46,2)   -0.0500919  2.63668e-05
sel_devs_fsh(46,3)     0.070258  1.88326e-05
sel_devs_fsh(46,4)     -1.04203 -1.69705e-05
sel_devs_fsh(46,5)     0.467603 -4.52603e-05
sel_devs_fsh(46,6)     0.374699  1.80171e-06
sel_devs_fsh(46,7)      0.15829 -4.04341e-05
sel_devs_fsh(46,8)  -0.00717207 -5.96385e-05
sel_devs_fsh(46,9)   -0.0328842   0.00013779
sel_devs_fsh(46,10)    0.0693548 -5.13676e-05
sel_devs_fsh(46,11)    0.0355921 -0.000226371
sel_devs_fsh(46,12)   -0.0487106  0.000288731
sel_devs_fsh(47,1)   -0.0293015 -8.76845e-06
sel_devs_fsh(47,2)     0.205627  2.77774e-05
sel_devs_fsh(47,3)     0.175568  -6.4256e-06
sel_devs_fsh(47,4)     0.626285 -1.40427e-06
sel_devs_fsh(47,5)     -1.05514 -3.10709e-05
sel_devs_fsh(47,6)   0.00987687  2.36229e-05
sel_devs_fsh(47,7)    0.0350992  -1.8816e-05
sel_devs_fsh(47,8)    0.0457858 -6.16375e-05
sel_devs_fsh(47,9)     0.019653  0.000144762
sel_devs_fsh(47,10)   -0.0873738 -8.06888e-05
sel_devs_fsh(47,11)  -0.00225904 -0.000215198
sel_devs_fsh(47,12)    0.0561843  0.000281005
sel_devs_fsh(48,1)  0.000496169  -1.5639e-05
sel_devs_fsh(48,2)    -0.195007  8.75644e-06
sel_devs_fsh(48,3)     0.031458   9.6557e-06
sel_devs_fsh(48,4)    -0.127989 -2.32855e-05
sel_devs_fsh(48,5)     0.531167 -3.61059e-05
sel_devs_fsh(48,6)    -0.560866   5.0545e-06
sel_devs_fsh(48,7)    -0.137625  -3.6804e-05
sel_devs_fsh(48,8)    0.0809981 -4.00215e-05
sel_devs_fsh(48,9)     0.112745  0.000148783
sel_devs_fsh(48,10)     0.123431  -6.4841e-05
sel_devs_fsh(48,11)    0.0771179  -0.00024251
sel_devs_fsh(48,12)    0.0640734  0.000282138
sel_devs_fsh(49,1)    -0.025904 -1.22876e-05
sel_devs_fsh(49,2)     0.166133    7.772e-06
sel_devs_fsh(49,3)   -0.0303229  1.58599e-05
sel_devs_fsh(49,4)    -0.149637     -4.4e-05
sel_devs_fsh(49,5)    -0.119958 -5.64244e-05
sel_devs_fsh(49,6)     0.284928   1.7305e-05
sel_devs_fsh(49,7)      0.16701 -2.62283e-05
sel_devs_fsh(49,8)    -0.107464 -5.85989e-05
sel_devs_fsh(49,9)    -0.114629  0.000130958
sel_devs_fsh(49,10)   -0.0189008 -5.27062e-05
sel_devs_fsh(49,11)    -0.026006 -0.000214624
sel_devs_fsh(49,12)   -0.0252508  0.000278048
sel_devs_fsh(50,1)   -0.0258916 -7.95091e-06
sel_devs_fsh(50,2)    -0.520074 -1.49153e-06
sel_devs_fsh(50,3)      1.11037  2.46059e-05
sel_devs_fsh(50,4)     0.194941 -1.45269e-05
sel_devs_fsh(50,5)    -0.181963 -4.89587e-05
sel_devs_fsh(50,6)    -0.107203  3.91633e-05
sel_devs_fsh(50,7)     -0.15081 -5.78584e-05
sel_devs_fsh(50,8)    -0.105738 -3.25959e-05
sel_devs_fsh(50,9)    -0.108834  0.000142957
sel_devs_fsh(50,10)   -0.0440687 -8.35797e-05
sel_devs_fsh(50,11)   -0.0316068 -0.000196014
sel_devs_fsh(50,12)    -0.029119  0.000247291
sel_devs_fsh(51,1)    0.0690817  7.47831e-06
sel_devs_fsh(51,2)    -0.125975  1.09154e-05
sel_devs_fsh(51,3)     -1.48454  8.29118e-06
sel_devs_fsh(51,4)      1.07371 -2.65048e-05
sel_devs_fsh(51,5)     0.296663 -6.18728e-05
sel_devs_fsh(51,6)   0.00487992  7.12659e-05
sel_devs_fsh(51,7)    -0.098671 -6.46039e-05
sel_devs_fsh(51,8)     0.215557  -1.9151e-05
sel_devs_fsh(51,9)     0.131634  0.000128103
sel_devs_fsh(51,10)   -0.0423898 -4.84118e-05
sel_devs_fsh(51,11)   -0.0147015 -0.000191423
sel_devs_fsh(51,12)   -0.0252426   0.00022597
sel_devs_fsh(52,1)    0.0531999  1.02949e-05
sel_devs_fsh(52,2)     0.131541  2.61168e-05
sel_devs_fsh(52,3)    -0.313661 -4.42866e-06
sel_devs_fsh(52,4)     -1.12356 -9.81229e-06
sel_devs_fsh(52,5)     0.612637 -8.31266e-05
sel_devs_fsh(52,6)     0.355086  6.12946e-05
sel_devs_fsh(52,7)     0.209893 -6.86898e-05
sel_devs_fsh(52,8)   -0.0706868 -4.38767e-05
sel_devs_fsh(52,9)    0.0921928  0.000139306
sel_devs_fsh(52,10)    0.0669771 -2.75202e-05
sel_devs_fsh(52,11)  -0.00348302 -0.000192878
sel_devs_fsh(52,12)   -0.0101399  0.000191768
sel_devs_fsh(53,1)    0.0266862  1.97708e-05
sel_devs_fsh(53,2)     0.180973  1.34828e-05
sel_devs_fsh(53,3)    0.0655098  1.61386e-05
sel_devs_fsh(53,4)    -0.566886  1.96911e-06
sel_devs_fsh(53,5)    0.0453464 -0.000121735
sel_devs_fsh(53,6)     0.221188  8.34737e-05
sel_devs_fsh(53,7)     0.129256 -5.15208e-05
sel_devs_fsh(53,8)    0.0994691 -2.00132e-06
sel_devs_fsh(53,9)   -0.0335148  0.000104676
sel_devs_fsh(53,10)   -0.0644487 -3.08491e-05
sel_devs_fsh(53,11)   -0.0548577 -0.000198456
sel_devs_fsh(53,12)    -0.048721  0.000169154
sel_devs_fsh(54,1)    0.0554298 -1.88172e-06
sel_devs_fsh(54,2)     0.728694  9.81609e-06
sel_devs_fsh(54,3)     0.133623  3.21044e-06
sel_devs_fsh(54,4)    -0.630858 -1.77856e-05
sel_devs_fsh(54,5)     -1.38003 -4.39284e-05
sel_devs_fsh(54,6)    0.0749615  5.39593e-05
sel_devs_fsh(54,7)     0.504279 -3.24202e-05
sel_devs_fsh(54,8)     0.298405 -5.21994e-05
sel_devs_fsh(54,9)     0.188893  9.16717e-05
sel_devs_fsh(54,10)      0.16794 -7.15462e-06
sel_devs_fsh(54,11)   -0.0439671 -0.000213559
sel_devs_fsh(54,12)   -0.0973718  0.000199105
sel_devs_fsh(55,1)    0.0955781  8.45387e-07
sel_devs_fsh(55,2)     0.936965  1.06781e-05
sel_devs_fsh(55,3)     0.622006 -3.98565e-07
sel_devs_fsh(55,4)     0.739098 -1.24619e-05
sel_devs_fsh(55,5)     0.226175 -4.56204e-05
sel_devs_fsh(55,6)    -0.544591  2.84773e-05
sel_devs_fsh(55,7)    -0.654156  8.99832e-06
sel_devs_fsh(55,8)    -0.568379 -5.89757e-05
sel_devs_fsh(55,9)    -0.328136  0.000124969
sel_devs_fsh(55,10)    -0.267015 -9.34186e-07
sel_devs_fsh(55,11)    -0.106237  -0.00020916
sel_devs_fsh(55,12)    -0.151306  0.000174455
sel_devs_fsh(56,1)   -0.0345053 -5.14085e-06
sel_devs_fsh(56,2)     0.255384 -6.53462e-07
sel_devs_fsh(56,3)     0.892972  1.49911e-05
sel_devs_fsh(56,4)    -0.188854  -9.6179e-06
sel_devs_fsh(56,5)    -0.100159 -5.19665e-05
sel_devs_fsh(56,6)    -0.542362  7.77082e-05
sel_devs_fsh(56,7)    -0.159888 -1.03145e-05
sel_devs_fsh(56,8)     0.128078 -6.53076e-05
sel_devs_fsh(56,9)   -0.0542767   0.00010117
sel_devs_fsh(56,10)   -0.0752382 -9.80291e-06
sel_devs_fsh(56,11)   -0.0714292 -0.000174912
sel_devs_fsh(56,12)    -0.049721  0.000154055
sel_devs_fsh(57,1)   0.00818281 -9.41963e-06
sel_devs_fsh(57,2)    0.0236532 -7.22422e-06
sel_devs_fsh(57,3)    -0.464549 -3.75832e-06
sel_devs_fsh(57,4)     0.619214  8.53775e-06
sel_devs_fsh(57,5)     0.114412 -2.20824e-05
sel_devs_fsh(57,6)   0.00552895  5.17658e-05
sel_devs_fsh(57,7)    -0.148355 -2.44163e-05
sel_devs_fsh(57,8)   -0.0211934 -4.66277e-05
sel_devs_fsh(57,9)   -0.0493809  0.000129673
sel_devs_fsh(57,10)   -0.0917855 -2.71936e-05
sel_devs_fsh(57,11)   -0.0180681  -0.00016644
sel_devs_fsh(57,12)    0.0223404  0.000118056
sel_devs_fsh(58,1)    0.0374858   1.2243e-05
sel_devs_fsh(58,2)     -0.36882 -9.23344e-06
sel_devs_fsh(58,3)    -0.208427  1.24307e-06
sel_devs_fsh(58,4)    -0.142282 -2.04039e-05
sel_devs_fsh(58,5)      0.60478 -4.16253e-05
sel_devs_fsh(58,6)     0.303546  7.43276e-05
sel_devs_fsh(58,7)    -0.259029  -1.9121e-06
sel_devs_fsh(58,8)    -0.130896 -4.46215e-05
sel_devs_fsh(58,9)    0.0068576  7.34816e-05
sel_devs_fsh(58,10)    0.0611226 -2.02546e-05
sel_devs_fsh(58,11)     0.041357 -0.000128317
sel_devs_fsh(58,12)    0.0543043  0.000105465
sel_devs_fsh(59,1)  1.48339e-06  2.59179e-07
sel_devs_fsh(59,2)  -0.00033341  3.15374e-06
sel_devs_fsh(59,3)   0.00147069 -1.03367e-06
sel_devs_fsh(59,4)    0.0500236  2.42727e-06
sel_devs_fsh(59,5)   -0.0812281 -1.69415e-05
sel_devs_fsh(59,6)   -0.0857991  5.21324e-05
sel_devs_fsh(59,7)     0.018759 -3.68141e-06
sel_devs_fsh(59,8)   -0.0314627 -2.56533e-05
sel_devs_fsh(59,9)    -0.032038  5.00578e-05
sel_devs_fsh(59,10)   0.00951303 -1.57856e-06
sel_devs_fsh(59,11)    0.0321378 -8.25014e-05
sel_devs_fsh(59,12)     0.118956  2.21644e-05
sel_devs_ats(1,2)     0.151132  6.91106e-06
sel_devs_ats(1,3)     0.150916 -4.50793e-06
sel_devs_ats(1,4)     0.148489  2.47886e-05
sel_devs_ats(1,5)     0.148256 -3.51101e-07
sel_devs_ats(1,6)     0.150332  8.35145e-06
sel_devs_ats(1,7)     0.150918 -1.60041e-06
sel_devs_ats(1,8)     0.147766   2.8162e-06
sel_devs_ats(2,2)     0.166579 -1.23103e-05
sel_devs_ats(2,3)     0.168452 -4.34677e-05
sel_devs_ats(2,4)     0.169789  1.75019e-05
sel_devs_ats(2,5)     0.169585  1.11399e-06
sel_devs_ats(2,6)     0.169982 -6.39902e-06
sel_devs_ats(2,7)     0.170488 -8.30981e-06
sel_devs_ats(2,8)      0.16809  5.89093e-06
sel_devs_ats(3,2)     0.185588  4.99112e-06
sel_devs_ats(3,3)     0.187628 -3.01728e-05
sel_devs_ats(3,4)      0.18425  3.70822e-05
sel_devs_ats(3,5)     0.187734 -1.08516e-06
sel_devs_ats(3,6)     0.186597  6.19122e-06
sel_devs_ats(3,7)     0.187186  1.15306e-05
sel_devs_ats(3,8)     0.186129  2.62843e-05
sel_devs_ats(4,2)     0.194457 -4.92988e-06
sel_devs_ats(4,3)     0.205847  -2.7925e-05
sel_devs_ats(4,4)     0.205348   1.0148e-05
sel_devs_ats(4,5)     0.201234 -2.58329e-05
sel_devs_ats(4,6)     0.203162 -1.71811e-06
sel_devs_ats(4,7)      0.20441 -1.25648e-05
sel_devs_ats(4,8)      0.20254 -2.94271e-06
sel_devs_ats(5,2)     0.205707 -1.40553e-06
sel_devs_ats(5,3)     0.218947 -3.03842e-05
sel_devs_ats(5,4)     0.220514  3.33341e-05
sel_devs_ats(5,5)     0.217104  8.93367e-06
sel_devs_ats(5,6)      0.21713  1.53474e-06
sel_devs_ats(5,7)     0.219767  1.52458e-05
sel_devs_ats(5,8)     0.217443  7.10945e-06
sel_devs_ats(6,2)     0.220905 -8.84122e-06
sel_devs_ats(6,3)     0.227092  -3.8778e-05
sel_devs_ats(6,4)      0.23441  4.36881e-05
sel_devs_ats(6,5)     0.230796 -2.50757e-06
sel_devs_ats(6,6)     0.231859   2.4997e-06
sel_devs_ats(6,7)     0.229019 -1.13876e-06
sel_devs_ats(6,8)       0.2301 -1.49155e-05
sel_devs_ats(7,2)     0.239321  1.03271e-05
sel_devs_ats(7,3)     0.239838 -3.03002e-05
sel_devs_ats(7,4)     0.238011  4.02759e-05
sel_devs_ats(7,5)      0.24188 -9.04144e-06
sel_devs_ats(7,6)     0.243074 -4.75055e-06
sel_devs_ats(7,7)       0.2411  1.75883e-05
sel_devs_ats(7,8)     0.239867  1.26444e-09
sel_devs_ats(8,2)     0.243372  1.28308e-05
sel_devs_ats(8,3)     0.248186 -1.82321e-05
sel_devs_ats(8,4)     0.248187  4.10985e-05
sel_devs_ats(8,5)     0.250697 -1.05188e-05
sel_devs_ats(8,6)     0.251876  2.44078e-05
sel_devs_ats(8,7)     0.250546 -1.06256e-05
sel_devs_ats(8,8)     0.248874 -1.51375e-05
sel_devs_ats(9,2)     0.250298 -6.22925e-06
sel_devs_ats(9,3)     0.248978 -3.70659e-05
sel_devs_ats(9,4)     0.257204  3.89897e-05
sel_devs_ats(9,5)     0.260295 -5.15487e-06
sel_devs_ats(9,6)     0.259279  -1.4806e-05
sel_devs_ats(9,7)     0.257221  1.67288e-05
sel_devs_ats(9,8)     0.256069  -2.6936e-05
sel_devs_ats(10,2)     0.251267 -6.10197e-06
sel_devs_ats(10,3)     0.253312 -1.44529e-05
sel_devs_ats(10,4)      0.26436  4.18752e-05
sel_devs_ats(10,5)     0.266205 -4.31362e-06
sel_devs_ats(10,6)     0.265006  1.26285e-05
sel_devs_ats(10,7)      0.26328 -3.73926e-06
sel_devs_ats(10,8)     0.261757 -7.42094e-06
sel_devs_ats(11,2)      0.26784   -1.005e-05
sel_devs_ats(11,3)     0.263293 -3.34191e-05
sel_devs_ats(11,4)      0.25696  4.12653e-05
sel_devs_ats(11,5)     0.262975 -4.65179e-06
sel_devs_ats(11,6)     0.267117 -3.82909e-06
sel_devs_ats(11,7)     0.266625  6.33201e-06
sel_devs_ats(11,8)     0.265397 -1.11192e-05
sel_devs_ats(12,2)     0.266111 -8.19766e-06
sel_devs_ats(12,3)     0.263306 -2.38252e-05
sel_devs_ats(12,4)     0.260411  2.25422e-05
sel_devs_ats(12,5)     0.265935 -1.31784e-05
sel_devs_ats(12,6)     0.269792 -9.40512e-06
sel_devs_ats(12,7)     0.269219 -3.51378e-06
sel_devs_ats(12,8)     0.267623  2.89577e-05
sel_devs_ats(13,2)     0.269437  8.07526e-06
sel_devs_ats(13,3)     0.265496  -2.1223e-05
sel_devs_ats(13,4)      0.26027   2.0697e-05
sel_devs_ats(13,5)     0.261668  -1.0103e-05
sel_devs_ats(13,6)     0.263709   2.9695e-06
sel_devs_ats(13,7)      0.26516  1.47262e-05
sel_devs_ats(13,8)     0.269091 -7.71329e-07
sel_devs_ats(14,2)     0.273387  8.30578e-06
sel_devs_ats(14,3)     0.264641 -1.71532e-05
sel_devs_ats(14,4)     0.257911  1.52656e-05
sel_devs_ats(14,5)     0.256834 -1.99844e-05
sel_devs_ats(14,6)       0.2579 -2.90391e-05
sel_devs_ats(14,7)     0.261996  8.83149e-06
sel_devs_ats(14,8)      0.26992  -8.0286e-06
sel_devs_ats(15,2)     0.275368  7.17011e-06
sel_devs_ats(15,3)     0.264292 -3.93668e-07
sel_devs_ats(15,4)     0.258334   2.0247e-05
sel_devs_ats(15,5)     0.261092  9.90111e-07
sel_devs_ats(15,6)     0.264549  9.50417e-06
sel_devs_ats(15,7)     0.265682  1.36026e-05
sel_devs_ats(15,8)      0.26674  9.15292e-06
sel_devs_ats(16,2)     0.271223   4.1057e-06
sel_devs_ats(16,3)     0.268084 -8.59199e-06
sel_devs_ats(16,4)     0.259928  4.93228e-07
sel_devs_ats(16,5)     0.251818  5.48784e-06
sel_devs_ats(16,6)     0.254416 -2.44656e-05
sel_devs_ats(16,7)     0.255995  7.17608e-06
sel_devs_ats(16,8)     0.248219  2.63208e-05
sel_devs_ats(17,2)     0.259792  -1.8894e-06
sel_devs_ats(17,3)     0.254421 -1.38836e-05
sel_devs_ats(17,4)     0.241998  3.62027e-06
sel_devs_ats(17,5)     0.240775 -2.90196e-05
sel_devs_ats(17,6)      0.24443 -3.67568e-05
sel_devs_ats(17,7)     0.245131 -3.84233e-06
sel_devs_ats(17,8)     0.236583  8.57709e-06
sel_devs_ats(18,2)     0.253621  4.37321e-07
sel_devs_ats(18,3)     0.250727   1.9529e-06
sel_devs_ats(18,4)     0.231053 -9.95853e-07
sel_devs_ats(18,5)     0.236057 -2.21372e-06
sel_devs_ats(18,6)     0.236526  -8.2538e-06
sel_devs_ats(18,7)     0.234967  1.67353e-05
sel_devs_ats(18,8)      0.22395  1.56674e-05
sel_devs_ats(19,2)     0.245163  1.29881e-05
sel_devs_ats(19,3)     0.252857  2.47221e-06
sel_devs_ats(19,4)     0.254365  2.58522e-05
sel_devs_ats(19,5)     0.239821  4.04878e-06
sel_devs_ats(19,6)     0.240418 -8.54238e-06
sel_devs_ats(19,7)       0.2301  3.92274e-06
sel_devs_ats(19,8)     0.210131 -3.03747e-05
sel_devs_ats(20,2)     0.241105 -5.94894e-06
sel_devs_ats(20,3)     0.246341  3.36468e-06
sel_devs_ats(20,4)     0.246326  1.71465e-05
sel_devs_ats(20,5)     0.239341  3.19834e-05
sel_devs_ats(20,6)     0.237139 -1.76154e-06
sel_devs_ats(20,7)     0.227882 -6.69804e-06
sel_devs_ats(20,8)     0.201441 -2.33251e-05
sel_devs_ats(21,2)     0.223266  3.94782e-06
sel_devs_ats(21,3)        0.251 -1.34561e-06
sel_devs_ats(21,4)     0.240783  1.26138e-05
sel_devs_ats(21,5)     0.232559  2.94684e-05
sel_devs_ats(21,6)     0.225152 -1.61917e-05
sel_devs_ats(21,7)      0.23039 -1.06657e-05
sel_devs_ats(21,8)     0.204736 -2.72724e-05
sel_devs_ats(22,2)     0.192199 -7.77206e-07
sel_devs_ats(22,3)     0.198605  2.64253e-05
sel_devs_ats(22,4)     0.223494  6.32103e-06
sel_devs_ats(22,5)      0.21272  2.98755e-05
sel_devs_ats(22,6)     0.202834  1.85484e-06
sel_devs_ats(22,7)     0.196127  -5.0653e-06
sel_devs_ats(22,8)     0.220464 -3.44518e-05
sel_devs_ats(23,2)     0.202634 -1.34243e-05
sel_devs_ats(23,3)     0.193144 -1.90601e-05
sel_devs_ats(23,4)     0.194801 -4.46392e-06
sel_devs_ats(23,5)     0.204512  1.19114e-05
sel_devs_ats(23,6)     0.201803 -1.47436e-05
sel_devs_ats(23,7)     0.199488 -1.89537e-05
sel_devs_ats(23,8)     0.218017 -7.46397e-06
sel_devs_ats(24,2)     0.197769 -6.21531e-06
sel_devs_ats(24,3)     0.193541  1.38243e-05
sel_devs_ats(24,4)     0.197484  2.73112e-05
sel_devs_ats(24,5)     0.204503  1.86536e-05
sel_devs_ats(24,6)     0.201121  5.21114e-06
sel_devs_ats(24,7)     0.201099 -1.04434e-05
sel_devs_ats(24,8)     0.214288 -1.15658e-05
sel_devs_ats(25,2)     0.197016 -1.32652e-05
sel_devs_ats(25,3)     0.198029  1.17203e-05
sel_devs_ats(25,4)      0.20712  1.84271e-05
sel_devs_ats(25,5)     0.202088  2.79759e-05
sel_devs_ats(25,6)     0.199273   -6.331e-06
sel_devs_ats(25,7)     0.200212 -1.66029e-05
sel_devs_ats(25,8)     0.210088 -3.66917e-06
sel_devs_ats(26,2)     0.201009 -1.49491e-05
sel_devs_ats(26,3)     0.206546  2.45132e-06
sel_devs_ats(26,4)     0.214971  2.30769e-05
sel_devs_ats(26,5)     0.203163  7.84122e-06
sel_devs_ats(26,6)     0.197439 -1.68306e-06
sel_devs_ats(26,7)     0.207542 -9.14583e-06
sel_devs_ats(26,8)     0.221257 -3.20531e-05
sel_devs_ats(27,2)     0.205299 -1.21913e-05
sel_devs_ats(27,3)     0.212617  1.37064e-05
sel_devs_ats(27,4)     0.224271  4.81595e-06
sel_devs_ats(27,5)     0.208463  6.70257e-06
sel_devs_ats(27,6)     0.204405  1.50881e-05
sel_devs_ats(27,7)     0.216073  1.30359e-06
sel_devs_ats(27,8)     0.228267 -3.07525e-05
sel_devs_ats(28,2)     0.203803  7.17052e-06
sel_devs_ats(28,3)     0.205542  3.29392e-06
sel_devs_ats(28,4)     0.234232  1.21476e-05
sel_devs_ats(28,5)     0.210266  2.35637e-06
sel_devs_ats(28,6)     0.208441  1.30375e-05
sel_devs_ats(28,7)     0.222135 -5.82649e-07
sel_devs_ats(28,8)     0.234736  -2.3986e-05
sel_devs_ats(29,2)     0.213554  3.63823e-06
sel_devs_ats(29,3)     0.203325 -2.67602e-06
sel_devs_ats(29,4)     0.181269  8.31948e-06
sel_devs_ats(29,5)     0.198094 -1.15289e-05
sel_devs_ats(29,6)     0.209033  7.05443e-06
sel_devs_ats(29,7)     0.228292 -2.08072e-05
sel_devs_ats(29,8)      0.24104 -1.79643e-05
sel_devs_ats(30,2)     0.208501   1.7153e-05
sel_devs_ats(30,3)      0.20166 -6.47584e-07
sel_devs_ats(30,4)      0.19377  1.51209e-05
sel_devs_ats(30,5)     0.207436  -4.5763e-06
sel_devs_ats(30,6)     0.204567  4.25309e-06
sel_devs_ats(30,7)     0.227989 -1.70668e-05
sel_devs_ats(30,8)     0.237652  6.97808e-06
sel_coffs_fsh(1)     -4.09759  1.25579e-06
sel_coffs_fsh(2)     -2.15932  7.91097e-07
sel_coffs_fsh(3)    -0.879358   2.3522e-06
sel_coffs_fsh(4)     0.359557 -5.67915e-06
sel_coffs_fsh(5)     0.339648  1.09314e-06
sel_coffs_fsh(6)     0.310348 -8.88743e-06
sel_coffs_fsh(7)     0.269772  -6.4981e-06
sel_coffs_fsh(8)     0.229179  2.12577e-05
sel_coffs_fsh(9)      0.19386  -1.7814e-05
sel_coffs_fsh(10)     0.165972   2.4382e-05
sel_coffs_fsh(11)     0.143966 -1.76537e-05
sel_coffs_fsh(12)     0.126933  1.57402e-06
sel_coffs_ats(2)   -0.0850923  1.27644e-07
sel_coffs_ats(3)   -0.0678586 -2.83158e-06
sel_coffs_ats(4)  -0.00132554  2.96159e-06
sel_coffs_ats(5)    0.0633668 -6.63505e-07
sel_coffs_ats(6)     0.113033   3.6281e-07
sel_coffs_ats(7)     0.159872  2.15799e-07
sel_coffs_ats(8)     0.200457 -4.81646e-07
sel_slp_bts      1.04064  -6.4198e-05
sel_a50_bts      6.07681 -3.45643e-05
sel_age_one_bts     -3.21423  1.59423e-06
sel_a50_bts_dev(1982)    -0.237985   3.9328e-05
sel_a50_bts_dev(1983)    -0.179354  4.53917e-05
sel_a50_bts_dev(1984)   -0.0545235 -1.77495e-05
sel_a50_bts_dev(1985)   -0.0477698  5.28013e-05
sel_a50_bts_dev(1986)   -0.0146818 -2.91731e-05
sel_a50_bts_dev(1987)   -0.0654211    5.005e-05
sel_a50_bts_dev(1988)    -0.170312 -2.71141e-05
sel_a50_bts_dev(1989)    -0.164219  5.39728e-05
sel_a50_bts_dev(1990)    -0.125641  4.00874e-05
sel_a50_bts_dev(1991)   -0.0544016 -2.39273e-05
sel_a50_bts_dev(1992)   -0.0818513  2.30423e-05
sel_a50_bts_dev(1993)     -0.10564  1.89662e-06
sel_a50_bts_dev(1994)   -0.0233083 -1.80229e-05
sel_a50_bts_dev(1995)    0.0749706 -4.75051e-06
sel_a50_bts_dev(1996)     0.144095 -3.76039e-07
sel_a50_bts_dev(1997)     0.131815 -9.31159e-06
sel_a50_bts_dev(1998)     0.150834  5.53702e-05
sel_a50_bts_dev(1999)    0.0589574  5.03222e-06
sel_a50_bts_dev(2000)    0.0270168  1.51349e-05
sel_a50_bts_dev(2001)    0.0255536  4.53459e-05
sel_a50_bts_dev(2002)    0.0429068 -1.29548e-05
sel_a50_bts_dev(2003)    0.0822036  3.20511e-05
sel_a50_bts_dev(2004)    0.0807417 -1.55915e-06
sel_a50_bts_dev(2005)    0.0551828  2.39613e-05
sel_a50_bts_dev(2006)    0.0916375 -5.52559e-05
sel_a50_bts_dev(2007)    0.0315169  1.66129e-05
sel_a50_bts_dev(2008)    0.0595051  -3.1805e-05
sel_a50_bts_dev(2009)    0.0804397  2.91773e-05
sel_a50_bts_dev(2010)    0.0128943  1.54971e-05
sel_a50_bts_dev(2011)    0.0675695 -3.50094e-06
sel_a50_bts_dev(2012)    0.0209858  6.11111e-05
sel_a50_bts_dev(2013)  -0.00758191  1.64186e-05
sel_a50_bts_dev(2014)   -0.0682949  1.88821e-05
sel_a50_bts_dev(2015)    -0.126656  2.85937e-05
sel_a50_bts_dev(2016)   -0.0448856 -1.78973e-05
sel_a50_bts_dev(2017)    -0.018608  1.08629e-05
sel_a50_bts_dev(2018)    0.0641021 -3.23678e-05
sel_a50_bts_dev(2019)   -0.0156947  4.86071e-05
sel_a50_bts_dev(2020)    0.0259294  2.81345e-05
sel_a50_bts_dev(2021)    0.0639836 -0.000273043
sel_a50_bts_dev(2022)    0.0456957 -3.94848e-05
sel_a50_bts_dev(2023)     0.125817 -2.59138e-05
sel_a50_bts_dev(2024)     0.042475 -7.69337e-05
sel_age_one_bts_dev(1982)   -0.0689367 -1.75256e-05
sel_age_one_bts_dev(1983)   -0.0109511  1.94658e-05
sel_age_one_bts_dev(1984)    0.0386973 -1.37649e-06
sel_age_one_bts_dev(1985)    -0.213542  4.03408e-05
sel_age_one_bts_dev(1986)    -0.405719  1.85045e-05
sel_age_one_bts_dev(1987)     -0.25843 -2.03699e-05
sel_age_one_bts_dev(1988)    -0.322781  1.08212e-05
sel_age_one_bts_dev(1989)   -0.0824801  2.73461e-06
sel_age_one_bts_dev(1990)     0.087601 -8.85161e-06
sel_age_one_bts_dev(1991)    -0.194274 -3.36639e-06
sel_age_one_bts_dev(1992)   -0.0747674  2.17863e-05
sel_age_one_bts_dev(1993)   -0.0162015  4.16857e-06
sel_age_one_bts_dev(1994)    -0.108325  1.03232e-05
sel_age_one_bts_dev(1995)    -0.109919 -3.57891e-06
sel_age_one_bts_dev(1996)    -0.138882  2.84108e-05
sel_age_one_bts_dev(1997)   -0.0473215  1.26938e-05
sel_age_one_bts_dev(1998)    0.0133685  1.72672e-06
sel_age_one_bts_dev(1999)    0.0532546 -1.38434e-05
sel_age_one_bts_dev(2000)     0.151314 -3.94545e-05
sel_age_one_bts_dev(2001)    0.0349806  1.35657e-06
sel_age_one_bts_dev(2002)    0.0718107   5.4366e-06
sel_age_one_bts_dev(2003)     0.257928 -1.24045e-05
sel_age_one_bts_dev(2004)    0.0806036  1.04581e-05
sel_age_one_bts_dev(2005)    0.0107817   -2.326e-05
sel_age_one_bts_dev(2006)   -0.0259281 -4.36603e-05
sel_age_one_bts_dev(2007)   -0.0196998 -1.68613e-05
sel_age_one_bts_dev(2008)     0.189312  4.29093e-05
sel_age_one_bts_dev(2009)      0.33567  2.39189e-05
sel_age_one_bts_dev(2010)     0.326643  1.57651e-05
sel_age_one_bts_dev(2011)   -0.0889411 -4.66784e-05
sel_age_one_bts_dev(2012)   -0.0926008 -1.03315e-05
sel_age_one_bts_dev(2013)     0.163433 -6.06177e-06
sel_age_one_bts_dev(2014)     0.122392  5.19699e-05
sel_age_one_bts_dev(2015)  -0.00628097  -2.2988e-05
sel_age_one_bts_dev(2016)    -0.102584 -3.53765e-06
sel_age_one_bts_dev(2017)    -0.119692  9.92782e-06
sel_age_one_bts_dev(2018)    -0.102328  2.03949e-05
sel_age_one_bts_dev(2019)     0.223793  6.83217e-06
sel_age_one_bts_dev(2020)      0.14885  7.95389e-06
sel_age_one_bts_dev(2021)    0.0739072 -1.11606e-05
sel_age_one_bts_dev(2022)     0.151116   3.0249e-06
sel_age_one_bts_dev(2023)    0.0774508 -1.64281e-06
sel_age_one_bts_dev(2024)  -0.00232121  7.54338e-06
L1      28.2771 -8.77982e-05
L2      46.1029 -9.07228e-05
log_K    -0.127657  0.000126409
d_scale(1,3)       0.5236  1.00343e-05
d_scale(1,4)     0.704441   7.8355e-06
d_scale(1,5)     0.765531 -7.12925e-06
d_scale(1,6)     0.829738 -6.71981e-07
d_scale(1,7)     0.870009  2.39222e-06
d_scale(1,8)      0.93339 -5.97604e-06
d_scale(1,9)     0.978959 -1.03306e-06
d_scale(1,10)     0.974786 -1.37923e-05
d_scale(1,11)     0.995057  1.01055e-05
d_scale(1,12)     0.934379  6.50531e-07
d_scale(1,13)     0.954279  -3.5987e-06
d_scale(1,14)     0.863685 -1.94506e-06
d_scale(1,15)      1.00357   2.9433e-07
coh_eff(1955)            0            0
coh_eff(1956)            0            0
coh_eff(1957)            0            0
coh_eff(1958)            0            0
coh_eff(1959)            0            0
coh_eff(1960)            0            0
coh_eff(1961)            0            0
coh_eff(1962)            0            0
coh_eff(1963)            0            0
coh_eff(1964)            0            0
coh_eff(1965)            0            0
coh_eff(1966)            0            0
coh_eff(1967)            0            0
coh_eff(1968)            0            0
coh_eff(1969)            0            0
coh_eff(1970)            0            0
coh_eff(1971)    -0.174323 -1.27124e-06
coh_eff(1972)      0.30642 -2.33313e-06
coh_eff(1973)    0.0390724 -2.21951e-06
coh_eff(1974)     0.531742  -9.0382e-06
coh_eff(1975)    -0.412214  5.46368e-06
coh_eff(1976)     0.532176  1.08391e-05
coh_eff(1977)    -0.453931  1.31884e-05
coh_eff(1978)     0.450572   -8.594e-06
coh_eff(1979)    0.0472287 -2.13097e-06
coh_eff(1980)   -0.0884755  8.54943e-06
coh_eff(1981)    -0.393548  9.01063e-06
coh_eff(1982)    -0.577961 -1.12924e-06
coh_eff(1983)     0.581888 -2.15075e-05
coh_eff(1984)     0.662105  2.13348e-06
coh_eff(1985)      1.15135 -2.58259e-06
coh_eff(1986)   -0.0378494  2.10057e-07
coh_eff(1987)     0.619849 -4.25745e-06
coh_eff(1988)   -0.0222033  1.05183e-05
coh_eff(1989)     -1.01852  5.97994e-06
coh_eff(1990)    -0.872082 -1.24399e-05
coh_eff(1991)    -0.963217  5.43483e-06
coh_eff(1992)     0.852762  -4.9378e-06
coh_eff(1993)      1.78828  -9.8462e-06
coh_eff(1994)      0.50675 -2.00175e-05
coh_eff(1995)    -0.980142 -2.17649e-05
coh_eff(1996)   -0.0701878   6.2512e-06
coh_eff(1997)     0.969765   1.2305e-05
coh_eff(1998)     0.468247  5.33411e-06
coh_eff(1999)     0.395471 -5.77743e-06
coh_eff(2000)   -0.0684585  2.08805e-05
coh_eff(2001)      0.38565  7.01281e-06
coh_eff(2002)     0.878651 -3.51202e-05
coh_eff(2003)      1.45759  1.75927e-05
coh_eff(2004)     0.414359 -1.63838e-06
coh_eff(2005)    -0.801252 -4.06143e-07
coh_eff(2006)     -1.12025  6.30342e-06
coh_eff(2007)    -0.451529   5.9836e-07
coh_eff(2008)     -1.66794   3.6784e-05
coh_eff(2009)    -0.772619 -1.83445e-05
coh_eff(2010)     -1.53472 -1.31922e-05
coh_eff(2011)     -2.03099  7.21211e-06
coh_eff(2012)     -1.88351 -9.35502e-06
coh_eff(2013)     -1.15567 -1.11515e-05
coh_eff(2014)     0.725716 -1.25225e-05
coh_eff(2015)     0.775548   3.8292e-05
coh_eff(2016)    0.0220587 -3.22927e-05
coh_eff(2017)     0.326546 -1.01934e-05
coh_eff(2018)     0.567605  4.47703e-06
coh_eff(2019)      1.41456  4.16575e-05
coh_eff(2020)     0.374874 -4.60106e-06
coh_eff(2021)     0.189904 -1.95202e-05
coh_eff(2022)      1.11949  2.16687e-06
coh_eff(2023)      1.66812  -2.8411e-06
coh_eff(2024)     0.354273  5.65368e-08
coh_eff(2025)            0            0
coh_eff(2026)            0            0
yr_eff(1970)            0            0
yr_eff(1971)     0.173551 -3.15898e-07
yr_eff(1972)  -0.00300707 -1.45043e-06
yr_eff(1973)      0.30849 -5.81655e-06
yr_eff(1974)      0.36507 -1.07363e-05
yr_eff(1975)       1.5963 -5.47624e-06
yr_eff(1976)     0.449983 -1.42334e-05
yr_eff(1977)      2.08953 -1.40634e-05
yr_eff(1978)     0.408935  9.76717e-06
yr_eff(1979)      1.21191 -8.68222e-06
yr_eff(1980)      1.29396  2.87999e-06
yr_eff(1981)     0.913715  5.08901e-07
yr_eff(1982)     0.186395  8.96538e-06
yr_eff(1983)     0.946769  9.55022e-06
yr_eff(1984)    -0.522567  2.21418e-05
yr_eff(1985)      0.19448 -2.29667e-05
yr_eff(1986)     -1.38398 -3.66803e-05
yr_eff(1987)    -0.523553  2.68665e-05
yr_eff(1988)    -0.965512  8.76971e-06
yr_eff(1989)     -0.69176 -2.27123e-05
yr_eff(1990)     0.532205  2.88169e-05
yr_eff(1991)     0.254749  2.59554e-06
yr_eff(1992)     0.266519 -1.64515e-05
yr_eff(1993)      1.04645 -1.12829e-05
yr_eff(1994)     0.161365 -1.25879e-05
yr_eff(1995)    -0.266973 -2.95531e-06
yr_eff(1996)    -0.495524 -2.09788e-05
yr_eff(1997)    -0.103362 -2.55248e-05
yr_eff(1998)    -0.399312 -5.78346e-06
yr_eff(1999)    -0.222823   9.5321e-06
yr_eff(2000)    -0.121403  -2.4978e-05
yr_eff(2001)     0.660468 -7.94285e-06
yr_eff(2002)     0.129535  2.04628e-06
yr_eff(2003)    0.0186953 -2.12702e-05
yr_eff(2004)    -0.211623  -1.1978e-05
yr_eff(2005)    -0.655893 -1.34567e-05
yr_eff(2006)   -0.0297589 -1.16526e-05
yr_eff(2007)      1.07527 -1.70405e-05
yr_eff(2008)     0.487862 -1.65647e-05
yr_eff(2009)      1.55114  4.36416e-05
yr_eff(2010)     0.723351  -1.2243e-05
yr_eff(2011)     0.870444  1.79201e-06
yr_eff(2012)     0.236104  1.58693e-05
yr_eff(2013)     0.655274  4.64148e-05
yr_eff(2014)     0.787419  2.20487e-05
yr_eff(2015)     -2.04374  2.64519e-06
yr_eff(2016)    -0.258236   1.7153e-05
yr_eff(2017)    0.0174495  3.54536e-05
yr_eff(2018)    -0.798285 -5.43569e-06
yr_eff(2019)     0.881217 -5.04903e-07
yr_eff(2020)     -1.54825  2.33733e-05
yr_eff(2021)     -1.33076  3.17529e-06
yr_eff(2022)   -0.0141347 -9.02704e-06
yr_eff(2023)     -3.22027 -4.00546e-08
yr_eff(2024)     0.945711 -4.62203e-07
yr_eff(2025)            0            0
yr_eff(2026)            0            0
yr_eff(2027)            0            0
yr_eff(2028)            0            0
yr_eff(2029)            0            0
