# Number of parameters = 1366 Objective function value = 7006.61183037426  Maximum gradient component = 0.00158489431164223
# log_avgrec:
9.84738873359
# log_avginit:
4.82311914075
# log_avg_F:
-1.43068982927
# natmort_phi:
0.00000000000
# log_q_bts:
0.00000000000
# log_q_std_area:
-0.600000000000
# bt_slope:
0.00000000000
# log_q_ats:
-0.729725029703
# log_Rzero:
10.0969987285
# steepness:
0.622583938208
# log_q_cpue:
0.0930534194772
# log_q_avo:
-8.26980209015
# log_initdevs:
 3.31346427834 2.83097439271 1.29743245627 0.470663424973 1.14533857801 0.351715788848 -0.785779571466 -1.24211279603 -1.23500372150 -1.22992878125 -1.22673995666 -1.22833437040 -1.22990355882 -1.23178926999
# log_rec_devs:
 -1.08168115600 0.104619976696 -0.226675066541 0.298459341392 0.155002448183 0.321397717981 0.215268172134 -0.271774823951 -0.473573673934 0.345193999545 0.0285631180376 -0.140441570504 -0.402941234375 -0.350259111861 0.255357426793 1.10564372867 0.366539653120 0.522916291564 -0.0347843643236 0.994643860272 -0.296991046295 0.544949619806 -0.409054839169 -0.981011677022 -1.24483851140 -0.507370266989 0.963144977810 0.338870670660 0.188083214643 0.853566611042 -0.195525112016 -0.554970004831 0.143556992822 0.436085712477 -0.262933489051 -0.178782204701 0.238881984670 0.587392113250 0.192131883148 -0.273819477469 -1.06934601598 -1.41621380209 -0.509314601192 0.254372612445 -0.361044909859 0.945189790838 0.173252657464 -0.330817723660 -0.466307919878 0.801847325756 0.952848519163 0.149637261404 -0.824539817678 -0.837174783361 -0.122322990456 1.47235594938 0.218702455448 -0.195055981643 -0.233918248596 0.0861613891827 -0.00115586208029
# larv_rec_devs:
 0.00000000000 0.00000000000 0.00000000000 0.00000000000 0.00000000000 0.00000000000 0.00000000000 0.00000000000 0.00000000000 0.00000000000 0.00000000000
 0.00000000000 0.00000000000 0.00000000000 0.00000000000 0.00000000000 0.00000000000 0.00000000000 0.00000000000 0.00000000000 0.00000000000 0.00000000000
 0.00000000000 0.00000000000 0.00000000000 0.00000000000 0.00000000000 0.00000000000 0.00000000000 0.00000000000 0.00000000000 0.00000000000 0.00000000000
 0.00000000000 0.00000000000 0.00000000000 0.00000000000 0.00000000000 0.00000000000 0.00000000000 0.00000000000 0.00000000000 0.00000000000 0.00000000000
 0.00000000000 0.00000000000 0.00000000000 0.00000000000 0.00000000000 0.00000000000 0.00000000000 0.00000000000 0.00000000000 0.00000000000 0.00000000000
 0.00000000000 0.00000000000 0.00000000000 0.00000000000 0.00000000000 0.00000000000 0.00000000000 0.00000000000 0.00000000000 0.00000000000 0.00000000000
 0.00000000000 0.00000000000 0.00000000000 0.00000000000 0.00000000000 0.00000000000 0.00000000000 0.00000000000 0.00000000000 0.00000000000 0.00000000000
 0.00000000000 0.00000000000 0.00000000000 0.00000000000 0.00000000000 0.00000000000 0.00000000000 0.00000000000 0.00000000000 0.00000000000 0.00000000000
 0.00000000000 0.00000000000 0.00000000000 0.00000000000 0.00000000000 0.00000000000 0.00000000000 0.00000000000 0.00000000000 0.00000000000 0.00000000000
 0.00000000000 0.00000000000 0.00000000000 0.00000000000 0.00000000000 0.00000000000 0.00000000000 0.00000000000 0.00000000000 0.00000000000 0.00000000000
 0.00000000000 0.00000000000 0.00000000000 0.00000000000 0.00000000000 0.00000000000 0.00000000000 0.00000000000 0.00000000000 0.00000000000 0.00000000000
# log_F_devs:
 -0.649048830163 -0.624027968924 -0.701901761330 -0.162555376476 -0.176069826077 -0.133985991911 0.228795966236 0.575864636160 0.686949216879 0.817111968598 0.880065974406 0.687678513498 0.578985077045 0.467987670171 0.561801703512 0.612599833216 0.549990842600 0.245153939441 -0.187292120468 -0.384893822004 -0.424666829423 -0.427534626072 -0.511817822546 -0.828066842023 -0.520734186598 -0.492287595077 -0.0784158096825 0.129180746908 0.435488278529 0.00459549548394 -0.242796345551 -0.260083156567 -0.0885173201089 -0.0581230205441 -0.237517328710 -0.470930081312 -0.373673901611 -0.233084817564 -0.0683502758136 0.00734623025008 -0.0959938134009 -0.162533196828 0.0464316892612 0.128885357897 0.236134987054 0.213831348001 0.0309790300090 0.340035403544 0.351076032652 0.302555651419 0.250278636252 0.329449717345 0.0136285670498 -0.0148929715292 -0.228684853955 -0.109638038208 0.125699860853 0.0605120386740 -0.309909764818 -0.351200947294 -0.289865170355
# sigr:
1.00000000000
# sel_devs_fsh:
 0.0527980735543 0.0929021352111 0.143105378073 -0.0412853826283 -0.0415926048883 -0.0559268443965 -0.0479302771861 -0.0387331964801 -0.0278689193722 -0.0182962652310 -0.0110373310939 -0.00613636606377
 0.0601640246171 0.100162212639 0.243490067037 -0.132187338919 -0.0950784191720 -0.0735641600990 -0.0521636999235 -0.0325448574595 -0.0196655318273 -0.00839574503949 0.00110073419807 0.00868603416759
 0.124814152418 0.100318031957 0.00673610052432 -0.00608288697781 -0.0468044768517 -0.0510114521268 -0.0480973805407 -0.0371002481403 -0.0246586154010 -0.0125950533407 -0.00473548778768 -0.000782759732699
 0.131876297497 0.0669546150392 0.157310914311 -0.105122033591 -0.101336187615 -0.0917661352576 -0.0789566657086 -0.0234846058746 -0.00503517605143 0.00988197856962 0.0170349330070 0.0226389939293
 0.187661495329 0.136887523844 -0.0321373554299 -0.250749541471 -0.122687718344 -0.107234963620 -0.0493256606942 0.00993059162750 0.0365894478793 0.0522713636421 0.0593409828042 0.0794562104400
 0.0101716710667 0.0286210693084 -0.0800192448865 -0.0482912252569 -0.000791113448526 -0.0139312942902 -0.0487663868342 0.00649266911976 0.0274809423769 0.0324420336162 0.0370600231235 0.0495247525203
 -0.232769240728 0.197690335428 0.116512671864 0.0807642782478 -0.0206480421710 -0.00725334412598 -0.0164485076741 -0.0306912925184 -0.0140430441020 -0.0166938475230 -0.0231334175758 -0.0332828426857
 -0.253206101028 0.107626994410 0.0691503508686 0.0501653975175 0.0396681366701 0.0488179528932 0.0293685038527 0.000325242804350 -0.0102762137447 -0.0177665482640 -0.0258555032468 -0.0380208009541
 -0.210781880015 0.146023414565 0.180692224772 0.0369404610185 0.00762822765636 -0.00307210032045 -0.00236120987393 -0.0278058250922 -0.0210149203528 -0.0251388616973 -0.0325703481962 -0.0485392304814
 -0.194037515849 -0.175285595590 0.130222330484 0.0806064863374 0.0448631498025 0.0372966018690 0.0351476468912 -0.00297885379506 0.00573726125669 0.0128394821974 0.0127231316970 0.0128658789551
 -0.192643884025 -0.0725227273083 -0.0835552876328 0.0896269187720 0.0751930201533 0.0628029056021 0.0560654847972 0.0159777280416 0.0121339799762 0.0133723591458 0.0126447009680 0.0109104145871
 -0.182855067743 0.0174942228626 -0.132507899320 -0.0523735217930 0.0569117859284 0.0612578028884 0.0599041714740 0.0364653661878 0.0286954015513 0.0345808149669 0.0357943685566 0.0366331791822
 -0.224032091108 -0.141191687226 -0.0443944199244 -0.0294814703939 0.0436103551302 0.0539328690488 0.0673123116020 0.0672096443664 0.0552871059175 0.0501179673234 0.0511019333857 0.0505299453381
 -0.179561440422 -0.379543639060 -0.173044096345 -0.0431968148005 0.0827368882290 0.138756058797 0.122928223390 0.122840528530 0.0994642941707 0.0724896345812 0.0692599697135 0.0668721362668
 -0.198464333512 -0.486830701264 -0.274333554282 0.0657388300970 0.114724845944 0.150248241171 0.147324106305 0.138245071687 0.0949893272486 0.0849926270053 0.0832482439832 0.0801158126799
 -0.165089063258 -0.272648522626 -0.279084134208 -0.0222440542145 0.116514663169 0.0844723301634 0.0931230609961 0.0975468931591 0.0921810667667 0.0861568729307 0.0837630567303 0.0853061537115
 -0.130548734714 -0.102224889899 -0.300814581154 -0.0207533892981 0.0263082005699 0.0656047268418 0.0652514497060 0.0732987247931 0.0778348527619 0.0797027946390 0.0816914725845 0.0846448996941
 -0.147535129297 0.102162904706 -0.0852676876134 -0.162356273278 -0.0758072075736 0.0431028192384 0.0367313556116 0.0338296556373 0.0517170219991 0.0596010566631 0.0686761481615 0.0751392348316
 -0.136024133111 -0.151175933322 0.0623271321577 -0.0685055863161 0.0614229314552 0.00795754433491 0.0353192169928 0.0271517204123 0.0277435319665 0.0327169807262 0.0469247367081 0.0541405907447
 -0.151889883886 0.0451104514145 0.138716090444 -0.0782860905388 -0.230174997528 0.0731568233050 0.0430130633921 0.0426798843440 0.0191072355680 0.0247772614465 0.0336261941640 0.0401626309737
 -0.159516250058 -0.0314591842024 0.0770937206524 0.164002513796 -0.0161072338859 -0.0738849224212 0.0220787923965 -0.0304893193033 0.0228417933773 0.00440886749630 0.00312585332062 0.0179042611887
 -0.161042218352 -0.0782787299327 0.121871906406 -0.0845563740089 0.0134896729236 -0.0375114718338 -0.0958478855666 0.135747566459 0.0867244323817 0.0638587461021 0.0290210494737 0.00653134598707
 -0.194227598392 -0.114885172048 0.461206844042 0.0448419724622 0.123832131724 -0.0530754008391 0.133366295513 -0.0934970361723 -0.0904571615023 -0.111665320138 -0.0651846328994 -0.0402528411415
 -0.162812522008 -0.0739854217054 -0.382144457252 0.167593226027 0.0359216391511 0.0817998813985 0.126688054209 0.104922263926 0.0260719812425 0.0688885385969 0.0219110260255 -0.0148549697809
 -0.153340394810 -0.0418696655398 -0.345556884738 0.0385631735445 0.183158257614 0.0578407881011 -0.0286142595867 0.0452250840967 0.0590710237783 -0.0170969438114 0.129392445060 0.0732297155874
 -0.0807219615336 0.00227633634350 -0.370929402481 -0.323261672835 -0.222626863604 -0.0618622237959 0.126554246737 -0.0287190056248 0.165069751957 0.104221311157 0.353847560059 0.336157368467
 -0.156194573235 -0.0676860314905 0.502573733193 -0.260321145326 -0.344346202460 -0.0415806359665 -0.0283527005819 0.213942503560 0.107439260729 0.232394442318 -0.112719096038 -0.0451401050143
 -0.144414289189 -0.488426885688 -0.0316155025780 0.796178272820 0.00190036581898 0.0153442980398 0.0875654937074 0.0254250008516 -0.0138349326352 -0.0516920524628 -0.127262897121 -0.0691946988909
 -0.0511847464096 0.0124172826177 -0.775988556351 -0.298623370455 0.905778001660 0.260577664198 0.0239528725890 -0.0233308765078 -0.0322842636482 -0.00690933916594 0.0223895008747 -0.0367862997567
 -0.0208010377496 0.183181817450 -0.283582959177 -0.686116018415 -0.361689899359 0.462247361101 0.148899877735 0.164506153022 0.134747030127 0.117325208074 0.0862503640431 0.0550395286805
 -0.0352304400029 0.518612741131 0.270333505996 -0.786496981629 -0.738841376566 -0.358510617720 0.269681687201 0.308302761426 0.226845558390 0.154778103733 0.0998422552383 0.0706847947685
 -0.135475476136 0.355102005937 0.156995869164 0.644617816461 -0.00683420848577 -0.403211588119 -0.411023076946 -0.308898524637 -0.00468880694646 0.0304327432085 0.0383116735483 0.0446839039554
 -0.108767964373 -0.379577894749 0.292681445238 0.242778383888 0.176743925650 0.286379722652 -0.232395703545 -0.0648243291776 -0.0789161100539 -0.0500005098082 -0.0474787962648 -0.0366193181356
 -0.153912882988 -0.385857771524 0.835196770782 0.473733514247 0.150886720148 -0.259903077753 0.254615670071 -0.106891298882 -0.278392495354 -0.247453647311 -0.177601322778 -0.104413336266
 -0.0807137313872 -0.155931738144 -0.562175209288 0.309326050706 0.437829811298 0.0146905634705 -0.0408117097776 0.239152401267 0.0232134787931 -0.0520594493250 -0.0553739277783 -0.0771488976392
 -0.0359129518473 -0.204226535390 -0.455451636896 -0.311602459507 0.256551334956 0.628543775232 0.145387239008 -0.101682173301 0.0316626263545 0.0398744453288 0.0260355533143 -0.0191818728658
 -0.0804245235315 0.167223103196 0.0783336658323 -0.0170536640000 -0.227601446163 0.0660782897688 0.0829336134047 0.0645275210763 0.0453621459693 -0.0202312165181 -0.0833382987696 -0.0758188090119
 -0.0846813032708 -0.340102957052 0.676029424426 -0.0564499346403 0.0362283943776 -0.174834302582 0.0369170560541 0.0443897823264 0.0113011384470 -0.00957389637231 -0.0746582101848 -0.0645683332028
 -0.0391966604106 -0.146995557768 -0.674933814292 0.727974963850 0.0338852427180 -0.115779414220 -0.00367574372020 0.0240546318136 0.0482612774470 0.0553304528200 0.0742370309750 0.0168147003020
 -0.0682621106566 0.0781056980739 -0.000601433089563 -0.329889885206 0.435056345137 0.254331660415 -0.109880446776 -0.153698614162 -0.0598352556786 0.00274591535693 -0.000120186352842 -0.0479554587544
 -0.0969867822642 0.0967446657087 0.561324794965 -0.0738344409198 -0.304000515921 -0.0545266878118 -0.0608249097735 -0.0292516317303 -0.0741299027114 -0.0329910983796 0.0186357099570 0.0498479074123
 -0.0565070119511 0.0377460668612 -0.0496398267256 0.0122158584040 -0.0447456878434 0.0100586520965 0.0252506172250 -0.0610973968034 -0.0280368343378 0.00428356803346 0.0523101394004 0.0981598069349
 -0.00651071647839 -0.0608935196985 -0.530325291506 -0.138704225500 -0.0829983215837 0.0375264998966 0.0603247568298 0.129100197637 0.146724352136 0.0811773718846 0.167569913065 0.197023495354
 -0.0364523957760 -0.346513444811 0.199634018197 0.0500303545118 -0.144083371125 -0.0898815113232 -0.0505154618443 -0.0143864722551 0.00289165724026 0.152556065742 0.151287822956 0.125436281340
 0.00286787211021 0.0806346857644 -0.614992854824 0.448139041299 0.172816664915 -0.248698556902 -0.0701881480173 0.0883363485996 0.0931631931033 0.0246063835668 -0.0314957808359 0.0547979661684
 0.00895520900179 -0.0548912362580 0.0444139932214 -1.08195771131 0.429623427524 0.362542224546 0.135886757866 0.0140811359034 0.0192756132470 0.0935183435772 0.0567606054247 -0.0282120725151
 -0.0265751955132 0.199642526022 0.184493727536 0.612785583506 -1.09317877465 -0.0143580592964 0.0148461700383 0.0391103871615 0.0229493254900 -0.0464968248464 0.0274265085196 0.0793555911226
 0.00766056456630 -0.202291203195 0.0280509609240 -0.130536202738 0.504901363386 -0.620872025997 -0.132404024643 0.0720449381473 0.128970382280 0.141691844477 0.107701175408 0.0951098416553
 -0.0225176428875 0.154422318558 -0.0385111557697 -0.139979837969 -0.103105399896 0.284108532104 0.122573929354 -0.137697177152 -0.113869688212 -0.000693223936621 -0.00526318719080 0.000533811364441
 -0.0182186461498 -0.522741347222 1.09837931777 0.190097160748 -0.171803425866 -0.0944565212503 -0.167922839653 -0.135049909687 -0.108293771667 -0.0327560148303 -0.0211888176212 -0.0160438100247
 0.0680501421515 -0.118750580590 -1.47129103579 1.08387939175 0.303644815578 0.0307028294127 -0.0709519695820 0.232584545785 0.0817550516103 -0.0812969212305 -0.0249488569429 -0.0333779445271
 0.0563741598817 0.143015353184 -0.304562076462 -1.11368763189 0.618241468691 0.352977951317 0.216978158180 -0.0698563927485 0.100692587234 0.0517919507544 -0.0262700893159 -0.0256916732537
 0.0326500459176 0.194160997386 0.0687393088217 -0.565744876090 0.0521320758732 0.217352953835 0.121729754204 0.111455469940 -0.0430937484409 -0.0723616764854 -0.0651448231376 -0.0518752484332
 0.0822177597870 0.770357016600 0.150683688205 -0.641117493488 -1.39206800534 0.0668696158237 0.494672146033 0.280489909844 0.181473568088 0.160026381066 -0.0489690000991 -0.104633858988
 0.125040287662 0.998326230014 0.661163280055 0.757660443334 0.218142760471 -0.541547521908 -0.659768433291 -0.604319888209 -0.341834602814 -0.289890765447 -0.136929213822 -0.186041573413
 -0.0334558566380 0.347550418780 0.934753071309 -0.154861252672 -0.0987839438989 -0.565608159154 -0.175815054215 0.110186793172 -0.104854600943 -0.109240801345 -0.0904382533710 -0.0594313542411
 0.00476132533303 0.0747824762125 -0.373256414448 0.644318958949 0.129968298045 -0.00740051962917 -0.174028104077 -0.0452293485849 -0.0889210184170 -0.147866239987 -0.0254245637515 0.00828433453394
 0.0293859805322 -0.337083273115 -0.182247495697 -0.0698237028704 0.620324858974 0.311958632808 -0.262908773362 -0.159787338358 -0.0160887906829 0.0388557960421 0.000782765258497 0.0266247140918
 5.91864625665e-06 0.000724712119191 0.00246209129892 0.0588740381498 -0.129490748533 -0.0945720336003 0.0263370687615 -0.0101171776235 -0.0144561151539 0.0178649111668 0.0212310282945 0.121138983335
# sel_devs_bts:
 0.00000000000 0.00000000000 0.00000000000 0.00000000000 0.00000000000 0.00000000000 0.00000000000 0.00000000000
 0.00000000000 0.00000000000 0.00000000000 0.00000000000 0.00000000000 0.00000000000 0.00000000000 0.00000000000
 0.00000000000 0.00000000000 0.00000000000 0.00000000000 0.00000000000 0.00000000000 0.00000000000 0.00000000000
 0.00000000000 0.00000000000 0.00000000000 0.00000000000 0.00000000000 0.00000000000 0.00000000000 0.00000000000
 0.00000000000 0.00000000000 0.00000000000 0.00000000000 0.00000000000 0.00000000000 0.00000000000 0.00000000000
 0.00000000000 0.00000000000 0.00000000000 0.00000000000 0.00000000000 0.00000000000 0.00000000000 0.00000000000
 0.00000000000 0.00000000000 0.00000000000 0.00000000000 0.00000000000 0.00000000000 0.00000000000 0.00000000000
 0.00000000000 0.00000000000 0.00000000000 0.00000000000 0.00000000000 0.00000000000 0.00000000000 0.00000000000
 0.00000000000 0.00000000000 0.00000000000 0.00000000000 0.00000000000 0.00000000000 0.00000000000 0.00000000000
 0.00000000000 0.00000000000 0.00000000000 0.00000000000 0.00000000000 0.00000000000 0.00000000000 0.00000000000
 0.00000000000 0.00000000000 0.00000000000 0.00000000000 0.00000000000 0.00000000000 0.00000000000 0.00000000000
 0.00000000000 0.00000000000 0.00000000000 0.00000000000 0.00000000000 0.00000000000 0.00000000000 0.00000000000
 0.00000000000 0.00000000000 0.00000000000 0.00000000000 0.00000000000 0.00000000000 0.00000000000 0.00000000000
 0.00000000000 0.00000000000 0.00000000000 0.00000000000 0.00000000000 0.00000000000 0.00000000000 0.00000000000
 0.00000000000 0.00000000000 0.00000000000 0.00000000000 0.00000000000 0.00000000000 0.00000000000 0.00000000000
 0.00000000000 0.00000000000 0.00000000000 0.00000000000 0.00000000000 0.00000000000 0.00000000000 0.00000000000
 0.00000000000 0.00000000000 0.00000000000 0.00000000000 0.00000000000 0.00000000000 0.00000000000 0.00000000000
 0.00000000000 0.00000000000 0.00000000000 0.00000000000 0.00000000000 0.00000000000 0.00000000000 0.00000000000
 0.00000000000 0.00000000000 0.00000000000 0.00000000000 0.00000000000 0.00000000000 0.00000000000 0.00000000000
 0.00000000000 0.00000000000 0.00000000000 0.00000000000 0.00000000000 0.00000000000 0.00000000000 0.00000000000
 0.00000000000 0.00000000000 0.00000000000 0.00000000000 0.00000000000 0.00000000000 0.00000000000 0.00000000000
 0.00000000000 0.00000000000 0.00000000000 0.00000000000 0.00000000000 0.00000000000 0.00000000000 0.00000000000
 0.00000000000 0.00000000000 0.00000000000 0.00000000000 0.00000000000 0.00000000000 0.00000000000 0.00000000000
 0.00000000000 0.00000000000 0.00000000000 0.00000000000 0.00000000000 0.00000000000 0.00000000000 0.00000000000
 0.00000000000 0.00000000000 0.00000000000 0.00000000000 0.00000000000 0.00000000000 0.00000000000 0.00000000000
 0.00000000000 0.00000000000 0.00000000000 0.00000000000 0.00000000000 0.00000000000 0.00000000000 0.00000000000
 0.00000000000 0.00000000000 0.00000000000 0.00000000000 0.00000000000 0.00000000000 0.00000000000 0.00000000000
 0.00000000000 0.00000000000 0.00000000000 0.00000000000 0.00000000000 0.00000000000 0.00000000000 0.00000000000
 0.00000000000 0.00000000000 0.00000000000 0.00000000000 0.00000000000 0.00000000000 0.00000000000 0.00000000000
 0.00000000000 0.00000000000 0.00000000000 0.00000000000 0.00000000000 0.00000000000 0.00000000000 0.00000000000
 0.00000000000 0.00000000000 0.00000000000 0.00000000000 0.00000000000 0.00000000000 0.00000000000 0.00000000000
 0.00000000000 0.00000000000 0.00000000000 0.00000000000 0.00000000000 0.00000000000 0.00000000000 0.00000000000
 0.00000000000 0.00000000000 0.00000000000 0.00000000000 0.00000000000 0.00000000000 0.00000000000 0.00000000000
 0.00000000000 0.00000000000 0.00000000000 0.00000000000 0.00000000000 0.00000000000 0.00000000000 0.00000000000
 0.00000000000 0.00000000000 0.00000000000 0.00000000000 0.00000000000 0.00000000000 0.00000000000 0.00000000000
 0.00000000000 0.00000000000 0.00000000000 0.00000000000 0.00000000000 0.00000000000 0.00000000000 0.00000000000
 0.00000000000 0.00000000000 0.00000000000 0.00000000000 0.00000000000 0.00000000000 0.00000000000 0.00000000000
 0.00000000000 0.00000000000 0.00000000000 0.00000000000 0.00000000000 0.00000000000 0.00000000000 0.00000000000
 0.00000000000 0.00000000000 0.00000000000 0.00000000000 0.00000000000 0.00000000000 0.00000000000 0.00000000000
 0.00000000000 0.00000000000 0.00000000000 0.00000000000 0.00000000000 0.00000000000 0.00000000000 0.00000000000
 0.00000000000 0.00000000000 0.00000000000 0.00000000000 0.00000000000 0.00000000000 0.00000000000 0.00000000000
 0.00000000000 0.00000000000 0.00000000000 0.00000000000 0.00000000000 0.00000000000 0.00000000000 0.00000000000
# sel_devs_ats:
 0.130438211665 0.130430303410 0.127547347944 0.126673879538 0.128898146559 0.129486405729 0.126811723141
 0.144074177109 0.145628665561 0.146488887341 0.145736810654 0.146134587055 0.146716831167 0.144682723384
 0.161285055060 0.162786091343 0.159056933899 0.162112458715 0.160770232962 0.161272204920 0.160536930359
 0.167946952872 0.179234640934 0.178463095311 0.174164617871 0.175902874054 0.176873897673 0.175071801323
 0.178028982835 0.190946086431 0.192128219531 0.188510524017 0.188340511995 0.190575740666 0.188360701846
 0.191124527680 0.197148104520 0.204717505432 0.201046951838 0.202057621266 0.199116922582 0.199734929557
 0.207681284922 0.208335406187 0.206944962969 0.211214819898 0.212419911023 0.210262337925 0.208518514689
 0.211052001772 0.215965444601 0.216300648380 0.219177948679 0.220371443750 0.218737690722 0.216552304493
 0.217475118680 0.215754382767 0.224242049542 0.227807736897 0.226990849793 0.224702548753 0.222947990862
 0.217882177988 0.219526243848 0.230750410971 0.233106119300 0.232097813404 0.230062249717 0.227839915550
 0.233398582251 0.229138162785 0.223178096565 0.229301231757 0.233586699714 0.232767920857 0.230773515287
 0.231191361581 0.228695517216 0.226125193892 0.231786739697 0.235848279308 0.234914673579 0.232323348343
 0.233818092512 0.230100446310 0.224851357630 0.226398280907 0.228821900320 0.230146591054 0.233133387458
 0.237050957277 0.228781365275 0.221736612209 0.220610777241 0.222384022608 0.226515672710 0.233130940770
 0.237224683295 0.226491768082 0.220904589418 0.222825930445 0.226164239497 0.228207716318 0.229669715955
 0.232408581722 0.227672841513 0.219718005407 0.211951952034 0.214390530321 0.216560698794 0.210862483497
 0.219791461252 0.213312787141 0.199823432822 0.199572656491 0.203920286483 0.205471573048 0.198667880758
 0.211959263834 0.207002536630 0.187348388473 0.192316923671 0.194724963873 0.194844939727 0.185475036671
 0.202241287720 0.207445407822 0.207172022628 0.193839312486 0.195178540262 0.187973278454 0.170874085983
 0.197021333265 0.199757672392 0.196785704347 0.189758346332 0.190452142217 0.184341031628 0.161538497342
 0.180061771580 0.203804589480 0.189652482453 0.181553383177 0.177109289159 0.185871965397 0.164071649098
 0.146025500801 0.148942837946 0.171490804865 0.162034613471 0.155827857282 0.152932715812 0.179967376212
 0.158982048561 0.148263393408 0.145765529202 0.153522254805 0.154897814288 0.156292681632 0.176805580219
 0.155336448850 0.151554744782 0.154612591424 0.157069560087 0.155496121799 0.158778278405 0.173052827765
 0.156588449176 0.158482032675 0.170766660563 0.167303076891 0.159851032438 0.158349252979 0.167473959362
 0.161002961046 0.166777515663 0.177630060868 0.167827530285 0.159388507039 0.165839955321 0.177817469765
 0.165861805316 0.172548682192 0.186030005701 0.172164861573 0.165948374020 0.173987250805 0.184543563181
 0.166435720044 0.171058209217 0.196223511460 0.173637006130 0.169747153350 0.180030041577 0.190329546648
 0.176100793161 0.169877539387 0.148840510109 0.162318194937 0.169842813755 0.185029601118 0.195674829389
 0.171114545418 0.168439388447 0.159602431741 0.171304716510 0.166046933078 0.184725853326 0.192850314259
# sel_coffs_fsh:
 -4.10044660905 -2.16009704693 -0.879542205673 0.359324228062 0.339456577924 0.310221973186 0.269707996278 0.229196501800 0.193968426035 0.166167581257 0.144237525545 0.127262514933
# sel_coffs_bts:
 -0.0100000000000 -0.0100000000000 -0.0100000000000 -0.0100000000000 -0.0100000000000 -0.0100000000000 -0.0100000000000 -0.0100000000000
# sel_coffs_ats:
 -0.0739593268861 -0.0578912534280 0.00362213651767 0.0610072483180 0.100697437017 0.137955030348 0.170589122074
# sel_slp_bts:
0.997577339023
# sel_a50_bts:
6.21691298466
# sel_age_one_bts:
-3.20945341636
# sel_slp_bts_dev:
 -0.715922940981 0.0427550207801 0.00457176669744 -0.404981706137 -0.346251529999 -0.441409319624 -0.540959353637 -0.425121091740 0.328090296525 0.218294329547 0.166760754115 0.309293896566 0.274088136233 0.225735402959 -0.146678469020 -0.299467649953 -0.523292486129 -0.616671215868 -0.344324441217 -0.485315574141 -0.0601178927748 0.175129908278 0.0878589541345 0.220024524506 -0.0724940587918 0.328384667308 0.522464324888 0.214575254413 0.747496019970 0.542531800399 0.195641273673 0.288983492878 0.521850630058 0.428317008708 0.433700295511 0.260601363516 -0.329292386845 0.00642819508424 -0.118179427154 -0.208288468443 -0.00462505769936 -0.281557340907 -0.178626905685
# sel_a50_bts_dev:
 -0.0103062731552 -0.158518708894 -0.0357404886484 0.0748601833870 0.0982539222059 0.0584390317003 -0.0572785930510 -0.104484931458 -0.209626756470 -0.130281824170 -0.132948832258 -0.168754904417 -0.0877834573176 0.00447718564020 0.187833751331 0.224529990837 0.314935175512 0.276979138735 0.140485308138 0.173997495517 0.0497983100043 0.00418315794489 0.0359925696378 -0.0215215928927 0.0875307498236 -0.0801182513422 -0.112344595427 -0.0221679026757 -0.210841983063 -0.0927008901853 -0.0479066548670 -0.0761982007806 -0.160862091419 -0.209012379389 -0.151109396052 -0.0732995769060 0.150105615852 -0.0183942035239 0.0616284814421 0.133882730543 0.0431727239505 0.193998652708 0.0571183134541
# sel_age_one_bts_dev:
 -0.0428298279652 -0.00356378801748 0.0301987795802 -0.225002087946 -0.409527370932 -0.245158175867 -0.298198859819 -0.0613645575147 0.0865334761251 -0.173824940761 -0.0371922344843 0.0144137156739 -0.0986674858944 -0.123649125568 -0.119291838713 -0.0219559343431 0.0401711083719 0.0922704054056 0.170959601087 0.0554339699903 0.0601557724414 0.217797003681 0.0422733962102 -0.0322574609523 -0.0423722402139 -0.0695048567585 0.156340387916 0.330256892865 0.294374353221 -0.110742827984 -0.0932428613204 0.167448746767 0.130841039550 0.0324235938836 -0.0710792951095 -0.0851860798582 -0.0478014160051 0.231200427863 0.130839511835 0.0304788410904 0.0855249329822 0.0305989745837 -0.0181216650948
# sel_dif1_fsh:
1.00000000000
# sel_a501_fsh:
3.00000000000
# sel_trm2_fsh:
0.900000000000
# sel_dif2_fsh:
5.00000000000
# sel_dif1_fsh_dev:
 0.00000000000 0.00000000000 0.00000000000 0.00000000000 0.00000000000 0.00000000000 0.00000000000 0.00000000000 0.00000000000 0.00000000000 0.00000000000 0.00000000000 0.00000000000 0.00000000000 0.00000000000 0.00000000000 0.00000000000 0.00000000000 0.00000000000 0.00000000000 0.00000000000 0.00000000000 0.00000000000 0.00000000000 0.00000000000 0.00000000000 0.00000000000 0.00000000000 0.00000000000 0.00000000000 0.00000000000 0.00000000000 0.00000000000 0.00000000000 0.00000000000 0.00000000000 0.00000000000 0.00000000000 0.00000000000 0.00000000000 0.00000000000 0.00000000000 0.00000000000 0.00000000000 0.00000000000 0.00000000000 0.00000000000 0.00000000000 0.00000000000 0.00000000000 0.00000000000 0.00000000000 0.00000000000 0.00000000000 0.00000000000 0.00000000000 0.00000000000 0.00000000000 0.00000000000 0.00000000000 0.00000000000
# sel_a501_fsh_dev:
 0.00000000000 0.00000000000 0.00000000000 0.00000000000 0.00000000000 0.00000000000 0.00000000000 0.00000000000 0.00000000000 0.00000000000 0.00000000000 0.00000000000 0.00000000000 0.00000000000 0.00000000000 0.00000000000 0.00000000000 0.00000000000 0.00000000000 0.00000000000 0.00000000000 0.00000000000 0.00000000000 0.00000000000 0.00000000000 0.00000000000 0.00000000000 0.00000000000 0.00000000000 0.00000000000 0.00000000000 0.00000000000 0.00000000000 0.00000000000 0.00000000000 0.00000000000 0.00000000000 0.00000000000 0.00000000000 0.00000000000 0.00000000000 0.00000000000 0.00000000000 0.00000000000 0.00000000000 0.00000000000 0.00000000000 0.00000000000 0.00000000000 0.00000000000 0.00000000000 0.00000000000 0.00000000000 0.00000000000 0.00000000000 0.00000000000 0.00000000000 0.00000000000 0.00000000000 0.00000000000 0.00000000000
# sel_trm2_fsh_dev:
 0.00000000000 0.00000000000 0.00000000000 0.00000000000 0.00000000000 0.00000000000 0.00000000000 0.00000000000 0.00000000000 0.00000000000 0.00000000000 0.00000000000 0.00000000000 0.00000000000 0.00000000000 0.00000000000 0.00000000000 0.00000000000 0.00000000000 0.00000000000 0.00000000000 0.00000000000 0.00000000000 0.00000000000 0.00000000000 0.00000000000 0.00000000000 0.00000000000 0.00000000000 0.00000000000 0.00000000000 0.00000000000 0.00000000000 0.00000000000 0.00000000000 0.00000000000 0.00000000000 0.00000000000 0.00000000000 0.00000000000 0.00000000000 0.00000000000 0.00000000000 0.00000000000 0.00000000000 0.00000000000 0.00000000000 0.00000000000 0.00000000000 0.00000000000 0.00000000000 0.00000000000 0.00000000000 0.00000000000 0.00000000000 0.00000000000 0.00000000000 0.00000000000 0.00000000000 0.00000000000 0.00000000000
# rec_dev_future:
 0.00000000000 0.00000000000 0.00000000000 0.00000000000 0.00000000000
# M_dev:
 0.00000000000 0.00000000000 0.00000000000 0.00000000000 0.00000000000 0.00000000000 0.00000000000 0.00000000000 0.00000000000 0.00000000000 0.00000000000 0.00000000000 0.00000000000 0.00000000000 0.00000000000 0.00000000000 0.00000000000 0.00000000000 0.00000000000 0.00000000000 0.00000000000 0.00000000000 0.00000000000 0.00000000000 0.00000000000 0.00000000000 0.00000000000 0.00000000000 0.00000000000 0.00000000000 0.00000000000 0.00000000000 0.00000000000 0.00000000000 0.00000000000 0.00000000000 0.00000000000 0.00000000000 0.00000000000 0.00000000000 0.00000000000 0.00000000000 0.00000000000 0.00000000000 0.00000000000 0.00000000000 0.00000000000 0.00000000000 0.00000000000 0.00000000000 0.00000000000 0.00000000000 0.00000000000 0.00000000000 0.00000000000 0.00000000000 0.00000000000 0.00000000000 0.00000000000 0.00000000000
# L1:
28.2780669374
# L2:
46.0963291548
# log_alpha:
-11.0000000000
# log_K:
-0.127712245307
# d_scale:
 0.524271028728 0.704796053630 0.765596316303 0.829605762463 0.869713532189 0.932864155003 0.978332012146 0.974084093810 0.994009990427 0.933090265008 0.952799199587 0.861007934991 1.00250073963
# coh_eff:
 0.00000000000 0.00000000000 0.00000000000 0.00000000000 0.00000000000 0.00000000000 0.00000000000 0.00000000000 0.00000000000 0.00000000000 0.00000000000 0.00000000000 0.00000000000 0.00000000000 0.00000000000 0.00000000000 -0.195723952204 0.270195171044 0.0178802624896 0.507848048695 -0.424941133867 0.557310035842 -0.494052878306 0.447584914857 0.0390395670821 -0.116121978845 -0.431927292191 -0.590149153709 0.549418264113 0.649129641024 1.12421033903 -0.0507823163785 0.605563527040 -0.0270278202250 -1.01445259377 -0.880881738456 -0.972450081990 0.848661432467 1.78563178240 0.499990229132 -0.989846671267 -0.0785232264908 0.964749454229 0.464439801585 0.393605492792 -0.0710534197818 0.382437730037 0.875274758789 1.45540100916 0.411144151799 -0.804029046278 -1.12250313718 -0.453700938343 -1.67131705415 -0.775240246816 -1.53854955404 -2.03471551034 -1.88593701357 -1.15802443067 0.720734813161 0.774457871374 0.0191161643984 0.321799961211 0.564117591791 1.40880579961 0.370852642167 0.189006832461 1.11705021304 1.66502120932 0.353910670433 0.00000000000 0.00000000000
# yr_eff:
 0.00000000000 0.182044280473 -0.0368454854617 0.255819351320 0.285238912681 1.41123212338 0.323891923215 1.80156418044 0.261990350522 0.994122022168 1.05416315100 0.686784385771 -0.0135130091274 0.710121373954 -0.714577064119 -0.0426537007293 -1.56817948199 -0.750080297465 -1.17331720149 -0.904122147291 0.295510392631 0.0313335153737 0.0445355450299 0.820971671788 -0.0655038475499 -0.492021908769 -0.720847380154 -0.326736505311 -0.623959400559 -0.447260031735 -0.347642121311 0.433006667240 -0.0962546677579 -0.206934659938 -0.437963954639 -0.880862711361 -0.255303435694 0.847881997238 0.262083627305 1.32470151759 0.497071421156 0.644254172736 0.0107439251283 0.428681134052 0.558671236219 -2.25875976974 -0.485372874315 -0.209311808777 -1.02216174245 0.652145156817 -1.76718709334 -1.55095938246 -0.242907004435 -3.43125749716 0.849623974186 0.00000000000 0.00000000000 0.00000000000 0.00000000000 0.00000000000
# resid_temp_x1:
0.00000000000
# resid_temp_x2:
0.00000000000
# log_a_II:
 -6.00000000000 -6.00000000000 -6.00000000000
 -6.00000000000 -6.00000000000 -6.00000000000
# log_b_II:
 6.00000000000 6.00000000000 6.00000000000
 6.00000000000 6.00000000000 6.00000000000
# log_a_II_vec:
 -4.00000000000 -4.00000000000
# log_b_II_vec:
 2.50000000000 2.50000000000
# log_rho:
 -2.50000000000 -2.50000000000 -2.50000000000
 -2.50000000000 -2.50000000000 -2.50000000000
# log_resid_M:
 -1.45000000000 -1.45000000000 -1.45000000000
