ParName   Value   Gradient
log_avgrec      10.8347     -6975.79
log_avginit      6.30971     -156.641
log_avg_F     -3.42952     -5111.05
log_q_cpue     -1.21548      185.754
log_q_avo     -9.57226     -2.78398
L1      28.5036      58028.2
L2      45.9423        23277
log_K    -0.128446     -32726.4
coh_eff(1955)            0            0
coh_eff(1956)            0            0
coh_eff(1957)            0            0
coh_eff(1958)            0            0
coh_eff(1959)            0            0
coh_eff(1960)            0            0
coh_eff(1961)            0            0
coh_eff(1962)            0            0
coh_eff(1963)            0            0
coh_eff(1964)            0            0
coh_eff(1965)            0            0
coh_eff(1966)            0            0
coh_eff(1967)            0            0
coh_eff(1968)            0            0
coh_eff(1969)            0            0
coh_eff(1970)            0            0
coh_eff(1971)    -0.152223    -0.115219
coh_eff(1972)     0.325428       1.5954
coh_eff(1973)    0.0166707     0.391384
coh_eff(1974)     0.748758      3.61018
coh_eff(1975)   -0.0316809     0.574785
coh_eff(1976)      1.50425       23.292
coh_eff(1977)     0.812077      86.7289
coh_eff(1978)      1.85365      67.4722
coh_eff(1979)     0.490887      72.0388
coh_eff(1980)    -0.656636      29.1246
coh_eff(1981)     -1.58239      15.1325
coh_eff(1982)     -2.27846      56.1757
coh_eff(1983)     -1.27234      146.964
coh_eff(1984)    -0.660209      164.502
coh_eff(1985)    -0.596629       339.52
coh_eff(1986)     -2.32419      58.9382
coh_eff(1987)    -0.705848      466.287
coh_eff(1988)     -1.00446      284.005
coh_eff(1989)     -2.39065      168.105
coh_eff(1990)     -2.70543     -29.7626
coh_eff(1991)     -2.13855     -133.828
coh_eff(1992)    -0.408514     -3043.93
coh_eff(1993)      2.06089      1719.89
coh_eff(1994)     0.771079      421.143
coh_eff(1995)     -1.30368      3414.12
coh_eff(1996)     -1.39027      463.005
coh_eff(1997)    -0.136587       604.94
coh_eff(1998)    -0.327694      1715.55
coh_eff(1999)     0.225159     -1119.79
coh_eff(2000)     0.213695      102.021
coh_eff(2001)     0.546761       277.45
coh_eff(2002)      1.37316      1976.72
coh_eff(2003)      1.51635      248.977
coh_eff(2004)     0.602629      3807.39
coh_eff(2005)     -1.28629      1952.45
coh_eff(2006)     -2.20852     -110.583
coh_eff(2007)    -0.555053     -306.337
coh_eff(2008)     -2.99439     -960.584
coh_eff(2009)     -1.23777      -689.56
coh_eff(2010)   -0.0868334      322.093
coh_eff(2011)     -4.00587     -320.125
coh_eff(2012)     -1.97714     -2651.16
coh_eff(2013)      -2.2781      1787.14
coh_eff(2014)      1.05479      2549.27
coh_eff(2015)    0.0161786     -5317.28
coh_eff(2016)    -0.528268      957.323
coh_eff(2017)     0.141594      697.878
coh_eff(2018)     0.726273     -556.816
coh_eff(2019)      1.24728      252.317
coh_eff(2020)     0.724868      421.954
coh_eff(2021)      0.76476      26512.2
coh_eff(2022)      1.97068      3142.13
coh_eff(2023)      1.63628      59.8538
coh_eff(2024)    0.0263658      1.08192
coh_eff(2025)            0            0
coh_eff(2026)            0            0
yr_eff(1970)            0            0
yr_eff(1971)     0.217974     0.928992
yr_eff(1972)    0.0754905      1.09478
yr_eff(1973)     0.458087      3.56371
yr_eff(1974)     0.496807      4.28534
yr_eff(1975)      1.69712      2.39397
yr_eff(1976)     0.698637     -5.83825
yr_eff(1977)       1.5837     -13.5578
yr_eff(1978)       1.8942      116.513
yr_eff(1979)      2.07198       175.49
yr_eff(1980)      1.23099      208.546
yr_eff(1981)      1.15028      277.667
yr_eff(1982)     0.643082      294.696
yr_eff(1983)     0.463785     -28.2392
yr_eff(1984)   -0.0181734      81.0896
yr_eff(1985)     0.308999      147.313
yr_eff(1986)    -0.471982       331.07
yr_eff(1987)    -0.172394      328.688
yr_eff(1988)    -0.262161      711.773
yr_eff(1989)    -0.116257      998.824
yr_eff(1990)     0.751822      1463.74
yr_eff(1991)     0.895606      1271.21
yr_eff(1992)     0.363626     -106.822
yr_eff(1993)      1.33317     -5588.83
yr_eff(1994)     0.615509      -1575.4
yr_eff(1995)     -2.00788     -604.969
yr_eff(1996)    -0.289944       2279.2
yr_eff(1997)    -0.312984      2886.01
yr_eff(1998)     0.107551      4399.52
yr_eff(1999)     0.897923      8127.87
yr_eff(2000)   -0.0930785      1360.62
yr_eff(2001)     0.464482     -889.523
yr_eff(2002)    -0.158733     -731.523
yr_eff(2003)      0.15922       938.22
yr_eff(2004)    -0.717802      213.771
yr_eff(2005)    -0.910424      2300.51
yr_eff(2006)     0.361856      7263.09
yr_eff(2007)      1.70745      11923.1
yr_eff(2008)   -0.0617828      1005.51
yr_eff(2009)      1.74101     -1307.44
yr_eff(2010)      1.19621        -1742
yr_eff(2011)     -1.93253     -1016.46
yr_eff(2012)      1.38427      830.308
yr_eff(2013)     -1.66227     -2134.32
yr_eff(2014)      1.78923      8443.69
yr_eff(2015)      -2.2947      1584.06
yr_eff(2016)    0.0940162       262.66
yr_eff(2017)     0.105434      2891.81
yr_eff(2018)     0.456095      4313.35
yr_eff(2019)    -0.216777     -1265.97
yr_eff(2020)    -0.679527       -24.53
yr_eff(2021)     -2.04285     -175.593
yr_eff(2022)    -0.206981      8863.72
yr_eff(2023)     -2.52512      1975.65
yr_eff(2024)      0.90666      12.4795
yr_eff(2025)            0            0
yr_eff(2026)            0            0
yr_eff(2027)            0            0
yr_eff(2028)            0            0
yr_eff(2029)            0            0
