ParName   Value   Gradient
log_avgrec      9.79321 -1.95231e-05
log_avginit      3.50809 -6.09842e-06
log_avg_F     -1.17781 -1.23856e-05
log_Rzero      10.1048 -8.02571e-09
log_q_cpue      1.00729  1.55404e-06
log_q_avo     -8.54501  3.51882e-07
log_initdevs(2)      4.52277 -3.19277e-05
log_initdevs(3)      3.99091 -3.10326e-05
log_initdevs(4)      2.53666 -4.65608e-05
log_initdevs(5)      1.44014   2.3182e-06
log_initdevs(6)       1.9522 -2.25146e-05
log_initdevs(7)      1.10392 -8.25837e-06
log_initdevs(8)    -0.515085  1.18264e-06
log_initdevs(9)     -2.20957 -2.67091e-06
log_initdevs(10)     -2.17631  1.28489e-06
log_initdevs(11)      -2.1528 -2.58234e-06
log_initdevs(12)     -2.13119   1.2662e-06
log_initdevs(13)     -2.12403  3.77219e-06
log_initdevs(14)     -2.11902 -6.15323e-06
log_initdevs(15)      -2.1186 -2.62699e-06
log_rec_devs(1964)     -1.65499 -1.28457e-05
log_rec_devs(1965)   -0.0184127 -2.11385e-05
log_rec_devs(1966)    -0.618842  8.73606e-07
log_rec_devs(1967)      0.10373  2.41081e-05
log_rec_devs(1968)    0.0890019  1.04531e-05
log_rec_devs(1969)     0.374448  5.00995e-06
log_rec_devs(1970)     0.323763  2.71364e-05
log_rec_devs(1971)    -0.179053 -1.70522e-05
log_rec_devs(1972)    -0.394384  1.34627e-06
log_rec_devs(1973)     0.390454 -2.17624e-05
log_rec_devs(1974)     -0.20151 -1.43788e-05
log_rec_devs(1975)    -0.323648 -9.32857e-06
log_rec_devs(1976)    -0.350282  8.62785e-06
log_rec_devs(1977)    -0.248646  5.57684e-06
log_rec_devs(1978)     0.301478 -3.67931e-06
log_rec_devs(1979)      1.20432 -2.73003e-05
log_rec_devs(1980)     0.516144 -1.16865e-05
log_rec_devs(1981)     0.716509 -1.66582e-05
log_rec_devs(1982)   0.00490924 -2.06691e-06
log_rec_devs(1983)      1.08939 -1.94288e-05
log_rec_devs(1984)    -0.170989 -1.31744e-05
log_rec_devs(1985)     0.695984 -1.48027e-05
log_rec_devs(1986)    -0.394979 -4.64182e-06
log_rec_devs(1987)     -0.92557  -2.6224e-06
log_rec_devs(1988)      -1.2791  8.12246e-06
log_rec_devs(1989)    -0.497404  -2.2165e-06
log_rec_devs(1990)      1.07163 -1.05225e-05
log_rec_devs(1991)     0.336142 -6.65463e-06
log_rec_devs(1992)    0.0757949  -8.3998e-06
log_rec_devs(1993)     0.801882 -1.40232e-05
log_rec_devs(1994)    -0.314859  2.91736e-06
log_rec_devs(1995)     -0.64727 -5.03761e-06
log_rec_devs(1996)     0.207367 -1.99659e-05
log_rec_devs(1997)     0.605969 -2.32553e-05
log_rec_devs(1998)    -0.160462  6.63001e-06
log_rec_devs(1999)   -0.0858741 -2.33332e-05
log_rec_devs(2000)     0.336049  1.02651e-05
log_rec_devs(2001)     0.674956  2.85101e-06
log_rec_devs(2002)     0.274776 -1.79428e-05
log_rec_devs(2003)    -0.147781  1.14762e-05
log_rec_devs(2004)    -0.931682   1.2295e-05
log_rec_devs(2005)     -1.32137  8.75501e-08
log_rec_devs(2006)    -0.349677 -8.48134e-06
log_rec_devs(2007)     0.509616 -5.34328e-06
log_rec_devs(2008)    -0.431308 -3.25694e-05
log_rec_devs(2009)      0.99725 -1.67043e-05
log_rec_devs(2010)     0.206725    1.237e-05
log_rec_devs(2011)    -0.330471 -1.92447e-05
log_rec_devs(2012)    -0.428851 -2.02998e-05
log_rec_devs(2013)      1.04369  1.13922e-06
log_rec_devs(2014)     0.992608 -2.73126e-05
log_rec_devs(2015)   -0.0857178  -1.8866e-05
log_rec_devs(2016)     -1.23357  4.52077e-05
log_rec_devs(2017)     -1.28426  8.00599e-06
log_rec_devs(2018)    -0.525152 -3.00933e-06
log_rec_devs(2019)      1.57692 -6.48799e-06
log_rec_devs(2020)     0.300582 -1.75405e-06
log_rec_devs(2021)    -0.186101 -7.10496e-06
log_rec_devs(2022)    -0.154248  9.03212e-07
log_rec_devs(2023)   -0.0413177  1.21508e-06
log_rec_devs(2024)    0.0956991  6.14625e-06
log_F_devs(1964)     0.120674  3.95579e-05
log_F_devs(1965)     0.225683 -2.88856e-05
log_F_devs(1966)    0.0605269 -4.65125e-05
log_F_devs(1967)     0.637288  -2.6485e-05
log_F_devs(1968)     0.762868 -3.12082e-05
log_F_devs(1969)     0.813421 -1.87321e-05
log_F_devs(1970)      1.08081  3.93754e-05
log_F_devs(1971)      1.39727  -2.7166e-05
log_F_devs(1972)      1.50268  1.26715e-05
log_F_devs(1973)      1.53133  4.46932e-05
log_F_devs(1974)      1.75413 -5.94324e-05
log_F_devs(1975)      1.86932  4.18395e-05
log_F_devs(1976)      1.57037  2.77243e-06
log_F_devs(1977)      1.25308 -1.20446e-05
log_F_devs(1978)      1.24606  6.14748e-06
log_F_devs(1979)      1.20526 -8.39993e-07
log_F_devs(1980)      1.03348  2.84409e-05
log_F_devs(1981)     0.507278   7.3876e-06
log_F_devs(1982)    -0.150867 -7.50101e-08
log_F_devs(1983)    -0.584083 -9.41667e-07
log_F_devs(1984)    -0.737535   1.2571e-06
log_F_devs(1985)      -0.8035  -5.1017e-06
log_F_devs(1986)    -0.890398 -8.30462e-06
log_F_devs(1987)      -1.2452 -2.02872e-06
log_F_devs(1988)    -0.923292  6.96268e-06
log_F_devs(1989)    -0.829729  1.30962e-05
log_F_devs(1990)     -0.45895 -8.89303e-06
log_F_devs(1991)     -0.31928 -8.21499e-06
log_F_devs(1992)    0.0583945 -4.83091e-07
log_F_devs(1993)     -0.20443  -2.0189e-08
log_F_devs(1994)    -0.400938 -2.48867e-06
log_F_devs(1995)    -0.546088 -2.07234e-05
log_F_devs(1996)    -0.628611  7.38406e-07
log_F_devs(1997)    -0.691208 -9.55457e-06
log_F_devs(1998)    -0.673056 -6.56295e-06
log_F_devs(1999)    -0.726515 -6.42516e-06
log_F_devs(2000)    -0.580316 -2.41982e-06
log_F_devs(2001)    -0.445195  1.90345e-06
log_F_devs(2002)    -0.314326   6.7703e-06
log_F_devs(2003)     -0.22626   1.0828e-06
log_F_devs(2004)    -0.248734  1.65716e-07
log_F_devs(2005)    -0.238482 -2.50835e-07
log_F_devs(2006)    -0.150897  3.47571e-06
log_F_devs(2007)    -0.167597  1.01941e-05
log_F_devs(2008)    -0.164311  3.52695e-06
log_F_devs(2009)    -0.297888 -2.32401e-06
log_F_devs(2010)    -0.424643  1.28138e-05
log_F_devs(2011)    -0.143093 -3.59717e-06
log_F_devs(2012)    -0.276551  1.23465e-05
log_F_devs(2013)    -0.444917  5.49237e-06
log_F_devs(2014)    -0.440588  3.85834e-06
log_F_devs(2015)    -0.247176 -1.52551e-06
log_F_devs(2016)    -0.248098 -7.96123e-07
log_F_devs(2017)    -0.381698   -5.425e-06
log_F_devs(2018)    -0.404042 -4.22375e-06
log_F_devs(2019)     -0.37127 -5.17037e-06
log_F_devs(2020)   -0.0663321  8.61347e-06
log_F_devs(2021)    0.0622127  6.13875e-06
log_F_devs(2022)    -0.440491 -1.20349e-06
log_F_devs(2023)    -0.437028  4.03579e-06
log_F_devs(2024)    -0.718519 -3.69999e-06
sel_coffs_fsh(1)     -7.96702  8.91448e-07
sel_coffs_fsh(2)      -3.9437  -1.2113e-08
sel_coffs_fsh(3)     -1.89265  2.71931e-06
sel_coffs_fsh(4)    -0.694316 -3.84476e-06
sel_coffs_fsh(5)  -0.00497617 -8.90324e-07
sel_coffs_fsh(6)     0.407624  -3.7893e-06
sel_coffs_fsh(7)     0.484949  2.03077e-06
sel_coffs_fsh(8)     0.458966 -9.58329e-07
sel_coffs_fsh(9)     0.405913 -4.39737e-07
sel_coffs_fsh(10)     0.351633 -2.17303e-06
sel_coffs_fsh(11)     0.316103  2.50977e-06
sel_coffs_fsh(12)     0.286344  3.82472e-06
sel_coffs_ats(2)    -0.189002  2.51095e-08
sel_coffs_ats(3)   -0.0489366 -1.70626e-08
sel_coffs_ats(4)     0.171733  2.64874e-07
sel_coffs_ats(5)     0.252928 -6.67145e-07
sel_coffs_ats(6)     0.281669  4.79313e-07
sel_coffs_ats(7)     0.361541 -3.75462e-08
sel_coffs_ats(8)    -0.316131  2.50474e-07
sel_slp_bts      1.00215 -1.06917e-05
sel_a50_bts      6.24384 -6.91943e-06
sel_age_one_bts     -3.00737 -6.03288e-07
sel_age_one_bts_dev(1982)     0.241128 -5.43451e-06
sel_age_one_bts_dev(1983)     0.211805  6.71685e-06
sel_age_one_bts_dev(1984)     0.268562 -3.71275e-06
sel_age_one_bts_dev(1985)    -0.153561 -2.37101e-06
sel_age_one_bts_dev(1986)    -0.508305 -3.06799e-07
sel_age_one_bts_dev(1987)   0.00320222  -2.9594e-07
sel_age_one_bts_dev(1988)    -0.436761 -3.75904e-06
sel_age_one_bts_dev(1989)    0.0864008 -7.85854e-07
sel_age_one_bts_dev(1990)     0.313861 -2.45084e-06
sel_age_one_bts_dev(1991)     -0.17679 -3.59184e-06
sel_age_one_bts_dev(1992)    0.0420789  -1.1022e-06
sel_age_one_bts_dev(1993)     0.168299  2.84496e-06
sel_age_one_bts_dev(1994)   -0.0642106 -2.18465e-06
sel_age_one_bts_dev(1995)    -0.173785 -2.38919e-06
sel_age_one_bts_dev(1996)    -0.263835   2.1704e-05
sel_age_one_bts_dev(1997)   -0.0775644 -3.63142e-06
sel_age_one_bts_dev(1998)   -0.0314291 -8.30628e-07
sel_age_one_bts_dev(1999)    0.0859511  -1.2379e-06
sel_age_one_bts_dev(2000)     0.253834  9.32184e-07
sel_age_one_bts_dev(2001)    0.0852331   -6.163e-07
sel_age_one_bts_dev(2002)    0.0878851 -2.10698e-06
sel_age_one_bts_dev(2003)     0.322008 -6.85891e-08
sel_age_one_bts_dev(2004)    0.0476289  -4.1738e-06
sel_age_one_bts_dev(2005)    0.0078946 -6.07714e-06
sel_age_one_bts_dev(2006)   -0.0397942  6.05503e-06
sel_age_one_bts_dev(2007)    0.0598468 -5.19935e-06
sel_age_one_bts_dev(2008)     0.172889 -1.11722e-06
sel_age_one_bts_dev(2009)     0.345812   1.8242e-06
sel_age_one_bts_dev(2010)     0.428323  4.17334e-07
sel_age_one_bts_dev(2011)      -0.1864  -1.9662e-06
sel_age_one_bts_dev(2012)    -0.100976  -5.9784e-06
sel_age_one_bts_dev(2013)      0.34417  3.66442e-06
sel_age_one_bts_dev(2014)      0.26663    1.475e-06
sel_age_one_bts_dev(2015)     0.100951 -4.17507e-06
sel_age_one_bts_dev(2016)    -0.139481 -4.40415e-06
sel_age_one_bts_dev(2017)    -0.192938 -3.16023e-06
sel_age_one_bts_dev(2018)     -0.30837   5.0245e-06
sel_age_one_bts_dev(2019)     0.344347  1.01982e-05
sel_age_one_bts_dev(2020)      -1.6058 -1.29144e-06
sel_age_one_bts_dev(2021)    0.0460531 -2.37049e-06
sel_age_one_bts_dev(2022)      0.17057 -4.90998e-06
sel_age_one_bts_dev(2023)   -0.0825271 -1.84363e-06
sel_age_one_bts_dev(2024)    0.0371655 -1.68422e-05
L1      28.2771 -3.24389e-05
L2      46.1029  3.96201e-05
log_K    -0.127657 -4.35466e-05
d_scale(1,3)       0.5236 -1.74138e-06
d_scale(1,4)     0.704441 -1.66019e-06
d_scale(1,5)     0.765531  8.58472e-07
d_scale(1,6)     0.829738  2.28972e-06
d_scale(1,7)     0.870009 -3.96879e-07
d_scale(1,8)      0.93339 -3.96376e-08
d_scale(1,9)     0.978959  8.40254e-07
d_scale(1,10)     0.974786 -1.58993e-06
d_scale(1,11)     0.995057  4.41381e-06
d_scale(1,12)     0.934379  6.48408e-08
d_scale(1,13)     0.954279  1.24063e-06
d_scale(1,14)     0.863685 -2.56009e-06
d_scale(1,15)      1.00357 -1.61079e-06
coh_eff(1955)            0            0
coh_eff(1956)            0            0
coh_eff(1957)            0            0
coh_eff(1958)            0            0
coh_eff(1959)            0            0
coh_eff(1960)            0            0
coh_eff(1961)            0            0
coh_eff(1962)            0            0
coh_eff(1963)            0            0
coh_eff(1964)            0            0
coh_eff(1965)            0            0
coh_eff(1966)            0            0
coh_eff(1967)            0            0
coh_eff(1968)            0            0
coh_eff(1969)            0            0
coh_eff(1970)            0            0
coh_eff(1971)    -0.174323 -1.45924e-08
coh_eff(1972)      0.30642  -5.2113e-07
coh_eff(1973)    0.0390724  4.72617e-07
coh_eff(1974)     0.531743  9.27934e-08
coh_eff(1975)    -0.412214 -1.36919e-06
coh_eff(1976)     0.532175  1.40104e-06
coh_eff(1977)    -0.453931   9.5546e-07
coh_eff(1978)     0.450573  4.61984e-07
coh_eff(1979)    0.0472288     -2.1e-06
coh_eff(1980)   -0.0884757  2.87808e-06
coh_eff(1981)    -0.393548  5.87329e-06
coh_eff(1982)    -0.577961 -1.97864e-06
coh_eff(1983)     0.581888   3.3206e-06
coh_eff(1984)     0.662105 -4.05644e-06
coh_eff(1985)      1.15135 -4.91147e-08
coh_eff(1986)   -0.0378492 -4.83369e-06
coh_eff(1987)     0.619849  -7.1189e-06
coh_eff(1988)   -0.0222035  3.05182e-06
coh_eff(1989)     -1.01852  1.29115e-05
coh_eff(1990)    -0.872082  1.81588e-06
coh_eff(1991)    -0.963217  3.42219e-06
coh_eff(1992)     0.852762  3.90198e-05
coh_eff(1993)      1.78828  2.50054e-06
coh_eff(1994)      0.50675  1.50714e-06
coh_eff(1995)    -0.980142 -1.90791e-05
coh_eff(1996)   -0.0701878  -1.0517e-05
coh_eff(1997)     0.969765 -9.61681e-06
coh_eff(1998)     0.468247 -1.56434e-05
coh_eff(1999)     0.395471 -2.89296e-06
coh_eff(2000)   -0.0684585  -5.7443e-06
coh_eff(2001)      0.38565 -2.44847e-06
coh_eff(2002)     0.878651 -1.28645e-05
coh_eff(2003)      1.45759   5.1105e-06
coh_eff(2004)     0.414359 -1.87901e-05
coh_eff(2005)    -0.801252  -5.0173e-06
coh_eff(2006)     -1.12025  1.01574e-05
coh_eff(2007)    -0.451529  4.97695e-06
coh_eff(2008)     -1.66794  5.86013e-07
coh_eff(2009)    -0.772619 -5.80165e-06
coh_eff(2010)     -1.53472  3.20882e-06
coh_eff(2011)     -2.03099 -1.09763e-06
coh_eff(2012)     -1.88351 -1.36742e-05
coh_eff(2013)     -1.15567 -3.20675e-06
coh_eff(2014)     0.725716  4.02403e-06
coh_eff(2015)     0.775548 -1.98504e-06
coh_eff(2016)    0.0220587 -2.58805e-06
coh_eff(2017)     0.326546 -3.07268e-06
coh_eff(2018)     0.567605  2.01933e-06
coh_eff(2019)      1.41456 -2.08918e-06
coh_eff(2020)     0.374874   8.4485e-07
coh_eff(2021)     0.189904 -5.30728e-06
coh_eff(2022)      1.11949  7.51557e-07
coh_eff(2023)      1.66812 -5.95516e-07
coh_eff(2024)     0.354273  2.14449e-06
coh_eff(2025)            0            0
coh_eff(2026)            0            0
yr_eff(1970)            0            0
yr_eff(1971)     0.173551  4.89847e-07
yr_eff(1972)  -0.00300701  9.09334e-07
yr_eff(1973)     0.308491 -9.72354e-07
yr_eff(1974)      0.36507  8.00863e-08
yr_eff(1975)       1.5963  7.02861e-06
yr_eff(1976)     0.449983  -2.0816e-06
yr_eff(1977)      2.08953  2.57089e-06
yr_eff(1978)     0.408935  1.18212e-06
yr_eff(1979)      1.21191 -6.43396e-07
yr_eff(1980)      1.29396 -3.51675e-07
yr_eff(1981)     0.913714  -5.1602e-06
yr_eff(1982)     0.186395  2.13425e-05
yr_eff(1983)     0.946769  1.14631e-05
yr_eff(1984)    -0.522567  8.85954e-06
yr_eff(1985)      0.19448  8.23345e-06
yr_eff(1986)     -1.38398   6.1723e-06
yr_eff(1987)    -0.523554  4.35607e-06
yr_eff(1988)    -0.965512 -9.20563e-06
yr_eff(1989)    -0.691759 -1.97017e-06
yr_eff(1990)     0.532205  2.56608e-05
yr_eff(1991)     0.254749  4.04475e-05
yr_eff(1992)     0.266519  1.83864e-05
yr_eff(1993)      1.04645  0.000113178
yr_eff(1994)     0.161365  3.96817e-05
yr_eff(1995)    -0.266973  2.11245e-05
yr_eff(1996)    -0.495524 -1.74558e-05
yr_eff(1997)    -0.103362 -3.80781e-05
yr_eff(1998)    -0.399312  -3.4652e-05
yr_eff(1999)    -0.222823  -7.5543e-05
yr_eff(2000)    -0.121403 -3.30574e-05
yr_eff(2001)     0.660468  -4.0999e-05
yr_eff(2002)     0.129535 -2.49774e-05
yr_eff(2003)    0.0186953 -4.44997e-05
yr_eff(2004)    -0.211623 -8.50244e-06
yr_eff(2005)    -0.655893 -1.74575e-05
yr_eff(2006)   -0.0297589 -2.61135e-05
yr_eff(2007)      1.07527 -1.25867e-05
yr_eff(2008)     0.487862  1.61123e-05
yr_eff(2009)      1.55114  3.84222e-06
yr_eff(2010)     0.723351 -3.44775e-06
yr_eff(2011)     0.870444  1.83101e-06
yr_eff(2012)     0.236104  1.40768e-06
yr_eff(2013)     0.655274 -2.09043e-06
yr_eff(2014)     0.787419  1.79895e-06
yr_eff(2015)     -2.04374 -3.30185e-08
yr_eff(2016)    -0.258236 -7.96178e-08
yr_eff(2017)    0.0174494 -5.15326e-06
yr_eff(2018)    -0.798285 -2.97679e-06
yr_eff(2019)     0.881217  1.82972e-06
yr_eff(2020)     -1.54825 -6.42576e-06
yr_eff(2021)     -1.33076 -6.38941e-06
yr_eff(2022)   -0.0141347 -1.97035e-05
yr_eff(2023)     -3.22027   -1.511e-06
yr_eff(2024)     0.945711  2.04011e-06
yr_eff(2025)            0            0
yr_eff(2026)            0            0
yr_eff(2027)            0            0
yr_eff(2028)            0            0
yr_eff(2029)            0            0
