ParName   Value   Gradient
log_avgrec      10.0234 -6.87253e-06
log_avginit      6.44708  1.28736e-05
log_avg_F     -1.65801  1.45076e-05
log_q_cpue    -0.418219  3.51464e-06
log_q_avo     -8.35797 -3.40167e-06
log_F_devs(1964)     -2.16249 -1.18771e-05
log_F_devs(1965)     -1.65644    5.794e-06
log_F_devs(1966)     -1.32132  2.26407e-05
log_F_devs(1967)    -0.471883  3.08126e-05
log_F_devs(1968)    -0.264433  6.00514e-05
log_F_devs(1969)    -0.162012   9.3291e-05
log_F_devs(1970)     0.170094  9.66452e-05
log_F_devs(1971)     0.579298  4.47437e-05
log_F_devs(1972)     0.823516  1.37399e-05
log_F_devs(1973)     0.946167 -1.43293e-05
log_F_devs(1974)     0.989667 -3.66862e-05
log_F_devs(1975)     0.890968 -5.49867e-05
log_F_devs(1976)     0.726245 -5.32448e-05
log_F_devs(1977)     0.440071 -5.60362e-05
log_F_devs(1978)     0.329835 -7.35502e-05
log_F_devs(1979)     0.178516 -5.61976e-06
log_F_devs(1980)     0.112823 -1.35461e-05
log_F_devs(1981)     0.035667 -1.27919e-05
log_F_devs(1982)    -0.120504 -1.46795e-05
log_F_devs(1983)    -0.218353  -1.3991e-06
log_F_devs(1984)     -0.18333 -3.13943e-05
log_F_devs(1985)    -0.179996 -1.62339e-05
log_F_devs(1986)    -0.205136 -8.40499e-06
log_F_devs(1987)     -0.50296  3.91686e-05
log_F_devs(1988)    -0.205462 -2.63102e-05
log_F_devs(1989)    -0.166832  1.95631e-06
log_F_devs(1990)     0.101182 -9.86818e-06
log_F_devs(1991)    0.0640054  1.45154e-05
log_F_devs(1992)     0.293401  -1.7556e-05
log_F_devs(1993)    0.0513448  9.74451e-06
log_F_devs(1994)   -0.0283385 -1.10977e-05
log_F_devs(1995)     -0.11667 -2.30645e-05
log_F_devs(1996)    -0.190439  1.69178e-05
log_F_devs(1997)    -0.245318  2.97735e-05
log_F_devs(1998)    -0.275259  3.46128e-07
log_F_devs(1999)    -0.361622  1.61757e-05
log_F_devs(2000)    -0.217717  1.87582e-05
log_F_devs(2001)   -0.0719778 -5.53645e-06
log_F_devs(2002)    0.0507691  3.60306e-06
log_F_devs(2003)     0.111072  3.62628e-05
log_F_devs(2004)    0.0833427 -4.86985e-05
log_F_devs(2005)    0.0896932 -3.94943e-05
log_F_devs(2006)     0.213538 -4.12752e-05
log_F_devs(2007)     0.279946 -1.40172e-05
log_F_devs(2008)     0.327288  6.82981e-06
log_F_devs(2009)   -0.0325776  3.99499e-05
log_F_devs(2010)    -0.264679  8.18007e-05
log_F_devs(2011)     0.133119 -1.41136e-05
log_F_devs(2012)   -0.0415004 -4.06477e-05
log_F_devs(2013)    -0.151793  9.71671e-06
log_F_devs(2014)   -0.0631222  8.95745e-06
log_F_devs(2015)     0.114832  3.88433e-06
log_F_devs(2016)     0.112297 -1.14431e-05
log_F_devs(2017)  -0.00706263 -1.97666e-05
log_F_devs(2018)  -0.00794885 -3.22266e-05
log_F_devs(2019)    0.0714833 -9.03231e-06
log_F_devs(2020)      0.41567  1.61698e-06
log_F_devs(2021)     0.584738 -8.28272e-06
log_F_devs(2022)     0.133224   1.1902e-05
log_F_devs(2023)     0.288794  2.63671e-05
log_F_devs(2024)     0.154572  2.85463e-05
sel_coffs_fsh(1)     -7.97364  9.37519e-07
sel_coffs_fsh(2)     -3.70547  3.84156e-06
sel_coffs_fsh(3)     -1.64102 -2.16181e-06
sel_coffs_fsh(4)    -0.564412  1.67355e-06
sel_coffs_fsh(5)    0.0445512  4.60746e-06
sel_coffs_fsh(6)     0.375099 -3.99361e-06
sel_coffs_fsh(7)     0.496645  1.12373e-06
sel_coffs_fsh(8)     0.462568 -1.05955e-06
sel_coffs_fsh(9)     0.405815 -2.74146e-06
sel_coffs_fsh(10)     0.335637 -3.31976e-06
sel_coffs_fsh(11)     0.280118 -1.07641e-06
sel_coffs_fsh(12)     0.229451  2.17295e-06
sel_slp_bts      1.06048  3.31793e-05
sel_a50_bts      5.88744  4.58025e-05
sel_age_one_bts     -3.17053  6.61903e-06
L1      28.2408  0.000546418
L2      45.9082  0.000694825
log_K    -0.132219 -0.000762031
coh_eff(1955)            0            0
coh_eff(1956)            0            0
coh_eff(1957)            0            0
coh_eff(1958)            0            0
coh_eff(1959)            0            0
coh_eff(1960)            0            0
coh_eff(1961)            0            0
coh_eff(1962)            0            0
coh_eff(1963)            0            0
coh_eff(1964)            0            0
coh_eff(1965)            0            0
coh_eff(1966)            0            0
coh_eff(1967)            0            0
coh_eff(1968)            0            0
coh_eff(1969)            0            0
coh_eff(1970)            0            0
coh_eff(1971)    -0.136682 -1.06009e-06
coh_eff(1972)     0.251618 -3.46458e-08
coh_eff(1973)   -0.0146726 -1.31584e-07
coh_eff(1974)     0.540911  1.07562e-06
coh_eff(1975)    -0.321142  3.31033e-07
coh_eff(1976)     0.443177  4.57509e-06
coh_eff(1977)     -0.33334   8.4116e-06
coh_eff(1978)     0.454321  4.78619e-06
coh_eff(1979)   -0.0256521  7.12867e-07
coh_eff(1980)    -0.151351  8.18206e-06
coh_eff(1981)     -1.26723  9.14347e-07
coh_eff(1982)     -3.02812 -8.66153e-06
coh_eff(1983)     -1.80147  1.23795e-05
coh_eff(1984)     -1.42604   4.4205e-06
coh_eff(1985)      -1.0677  2.69514e-06
coh_eff(1986)      -2.5482 -7.48047e-06
coh_eff(1987)     -1.02619  -1.5076e-05
coh_eff(1988)     -1.39051 -3.19524e-06
coh_eff(1989)      -2.9571  1.37567e-05
coh_eff(1990)     -2.84878  9.25363e-06
coh_eff(1991)     -2.15592  1.06847e-05
coh_eff(1992)     0.268605   4.8275e-05
coh_eff(1993)      1.55679  7.35531e-06
coh_eff(1994)    -0.402465  2.98861e-06
coh_eff(1995)     -2.41666 -4.65196e-05
coh_eff(1996)     -1.78378   1.7472e-05
coh_eff(1997)     0.154004  5.06438e-07
coh_eff(1998)   -0.0975217  2.27773e-05
coh_eff(1999)     0.362675 -1.67723e-05
coh_eff(2000)    -0.111801  5.92381e-06
coh_eff(2001)     0.348961  2.44465e-05
coh_eff(2002)     0.852421  1.28035e-05
coh_eff(2003)      1.46168 -1.30283e-05
coh_eff(2004)     0.403633  2.26009e-05
coh_eff(2005)    -0.817848 -1.19355e-05
coh_eff(2006)     -1.19537  1.70661e-05
coh_eff(2007)    -0.476865 -4.20853e-06
coh_eff(2008)     -1.76546 -3.92463e-06
coh_eff(2009)    -0.796819  3.20647e-05
coh_eff(2010)     -1.61694   8.2251e-06
coh_eff(2011)     -2.07374  4.86784e-05
coh_eff(2012)     -1.90423 -0.000113953
coh_eff(2013)     -1.17951  1.25387e-05
coh_eff(2014)     0.700034  1.01381e-05
coh_eff(2015)     0.770687  5.51954e-06
coh_eff(2016)   0.00224846  2.10278e-05
coh_eff(2017)     0.302487  1.56258e-05
coh_eff(2018)     0.528299  1.47261e-05
coh_eff(2019)      1.36141  1.58478e-05
coh_eff(2020)     0.367022  1.71366e-05
coh_eff(2021)     0.214404  2.46011e-05
coh_eff(2022)      1.13818 -5.73063e-06
coh_eff(2023)      1.63417  -9.0434e-06
coh_eff(2024)    0.0235123  4.73811e-07
coh_eff(2025)            0            0
coh_eff(2026)            0            0
yr_eff(1970)            0            0
yr_eff(1971)     0.182915  1.70826e-06
yr_eff(1972)    0.0405244 -9.56031e-07
yr_eff(1973)     0.307455 -4.12683e-06
yr_eff(1974)      0.29173 -2.99752e-06
yr_eff(1975)      1.34183  1.53839e-05
yr_eff(1976)      0.52088 -9.35801e-06
yr_eff(1977)      2.75972  5.71061e-06
yr_eff(1978)     0.564532  2.72634e-05
yr_eff(1979)      2.37455  5.76667e-05
yr_eff(1980)      1.48042  3.89655e-05
yr_eff(1981)     0.831381  3.76108e-05
yr_eff(1982)    -0.679944  4.93718e-05
yr_eff(1983)      1.26484  5.56653e-05
yr_eff(1984)    -0.164269  2.47019e-05
yr_eff(1985)     0.621481 -3.23692e-06
yr_eff(1986)    -0.900114 -1.66611e-05
yr_eff(1987)     0.289827  3.15714e-05
yr_eff(1988)    -0.417318 -2.95552e-05
yr_eff(1989)    -0.781227 -4.17792e-05
yr_eff(1990)     0.707355  5.16402e-06
yr_eff(1991)      1.00249  6.76236e-05
yr_eff(1992)     0.509242  2.54132e-05
yr_eff(1993)      1.39328  0.000107293
yr_eff(1994)     0.148703   4.2447e-05
yr_eff(1995)    -0.227327   9.4336e-05
yr_eff(1996)    -0.580553  4.57311e-05
yr_eff(1997)     0.584294  5.12795e-06
yr_eff(1998)    -0.229468  1.20106e-05
yr_eff(1999)     0.252571  1.54834e-05
yr_eff(2000)   -0.0733662 -4.12536e-06
yr_eff(2001)     0.655567  5.52467e-05
yr_eff(2002)     0.149084  3.44765e-05
yr_eff(2003)    0.0431174  9.31686e-05
yr_eff(2004)    -0.205259  3.68627e-06
yr_eff(2005)     -0.65678 -1.86447e-05
yr_eff(2006)   -0.0221323 -4.90412e-05
yr_eff(2007)      1.07992  3.45789e-05
yr_eff(2008)     0.507283 -1.12063e-05
yr_eff(2009)      1.58646 -7.90813e-06
yr_eff(2010)     0.727085  1.96186e-05
yr_eff(2011)     0.903628 -5.39392e-06
yr_eff(2012)      0.25672  0.000174554
yr_eff(2013)      0.65594 -0.000100664
yr_eff(2014)     0.777283  4.03074e-05
yr_eff(2015)     -1.97699   2.0223e-05
yr_eff(2016)    -0.241048  5.27625e-06
yr_eff(2017)    0.0313607  4.05845e-05
yr_eff(2018)    -0.800642 -1.24328e-05
yr_eff(2019)     0.872677  6.06109e-05
yr_eff(2020)     -1.49639  9.11619e-05
yr_eff(2021)     -1.27546  1.05095e-05
yr_eff(2022)   -0.0323187  3.62326e-05
yr_eff(2023)     -3.23123  4.90373e-05
yr_eff(2024)     0.829161 -7.83696e-06
yr_eff(2025)            0            0
yr_eff(2026)            0            0
yr_eff(2027)            0            0
yr_eff(2028)            0            0
yr_eff(2029)            0            0
