ParName   Value   Gradient
log_avgrec       9.8167 -0.000123862
log_avginit      3.95571 -3.68433e-05
log_avg_F     -1.40452 -0.000141426
log_q_ats    -0.615054  6.56138e-06
log_Rzero      10.4753 -9.59233e-08
steepness     0.517726  -1.1258e-06
log_q_cpue     0.136783  1.12099e-05
log_q_avo     -8.19578  3.65005e-06
log_initdevs(2)       4.2605 -6.03218e-05
log_initdevs(3)      3.77949 -0.000150301
log_initdevs(4)      2.26131 -0.000235234
log_initdevs(5)      1.41995 -0.000113574
log_initdevs(6)      2.11334 -0.000140886
log_initdevs(7)      1.28939 -8.49573e-05
log_initdevs(8)    -0.381425 -6.03944e-06
log_initdevs(9)      -2.1162 -6.49795e-06
log_initdevs(10)     -2.10913 -1.16982e-05
log_initdevs(11)     -2.10422 -1.16919e-05
log_initdevs(12)     -2.10105 -1.04095e-05
log_initdevs(13)     -2.10233 -6.80817e-06
log_initdevs(14)     -2.10374 -1.14339e-05
log_initdevs(15)      -2.1059 -1.14158e-05
log_rec_devs(1964)     -1.50218  -0.00012318
log_rec_devs(1965)     0.147068 -0.000140427
log_rec_devs(1966)    -0.258369 -0.000173148
log_rec_devs(1967)      0.36297 -0.000167934
log_rec_devs(1968)     0.204427 -8.95449e-06
log_rec_devs(1969)     0.395466 -1.23577e-06
log_rec_devs(1970)     0.277699 -0.000199108
log_rec_devs(1971)    -0.322662 -0.000161603
log_rec_devs(1972)    -0.589309 -6.97078e-05
log_rec_devs(1973)     0.406351 -0.000227668
log_rec_devs(1974)    0.0588173 -4.10186e-05
log_rec_devs(1975)    -0.118043  -0.00017554
log_rec_devs(1976)    -0.396877 -0.000243517
log_rec_devs(1977)    -0.335833 -0.000108783
log_rec_devs(1978)      0.29537 -3.37477e-06
log_rec_devs(1979)      1.14323 -0.000158766
log_rec_devs(1980)     0.409978 -0.000234401
log_rec_devs(1981)     0.568114 -0.000258535
log_rec_devs(1982)  -0.00400747 -0.000150296
log_rec_devs(1983)      1.03282 -5.19417e-05
log_rec_devs(1984)    -0.282415  0.000121489
log_rec_devs(1985)     0.573119 -2.64143e-05
log_rec_devs(1986)    -0.400564  2.56024e-05
log_rec_devs(1987)    -0.993684  2.55664e-06
log_rec_devs(1988)     -1.26805 -7.33208e-05
log_rec_devs(1989)    -0.488615 -1.82314e-06
log_rec_devs(1990)     0.993471  2.99773e-05
log_rec_devs(1991)     0.366552  6.73636e-05
log_rec_devs(1992)     0.213158  0.000219307
log_rec_devs(1993)     0.894417  9.59341e-05
log_rec_devs(1994)     -0.19001 -2.41385e-05
log_rec_devs(1995)    -0.552464  5.83159e-05
log_rec_devs(1996)     0.184036  -2.1844e-05
log_rec_devs(1997)     0.484656  6.52978e-05
log_rec_devs(1998)     -0.23553 -0.000139386
log_rec_devs(1999)    -0.151516  1.33475e-05
log_rec_devs(2000)     0.282193  5.25887e-05
log_rec_devs(2001)     0.624901 -9.90615e-05
log_rec_devs(2002)     0.213566  9.26484e-05
log_rec_devs(2003)    -0.265789 -0.000163879
log_rec_devs(2004)     -1.07481 -3.22236e-05
log_rec_devs(2005)      -1.4355  1.96869e-05
log_rec_devs(2006)    -0.493995  -0.00013212
log_rec_devs(2007)     0.291328  5.10642e-05
log_rec_devs(2008)    -0.346262  2.94178e-05
log_rec_devs(2009)     0.972606 -0.000104911
log_rec_devs(2010)      0.19659  4.97524e-05
log_rec_devs(2011)    -0.305206  7.98237e-06
log_rec_devs(2012)    -0.449411 -1.53828e-05
log_rec_devs(2013)     0.846207 -3.13415e-05
log_rec_devs(2014)     0.985853 -5.49413e-05
log_rec_devs(2015)      0.14652 -4.02095e-05
log_rec_devs(2016)    -0.847334   0.00010174
log_rec_devs(2017)    -0.848706 -2.26034e-05
log_rec_devs(2018)    -0.103958  7.77027e-05
log_rec_devs(2019)      1.50287  0.000252937
log_rec_devs(2020)     0.129054  -8.7159e-05
log_rec_devs(2021)    -0.488873  0.000244149
log_rec_devs(2022)    -0.490158  6.64399e-05
log_rec_devs(2023)   -0.0447859  3.21632e-05
log_rec_devs(2024)     0.081509  1.82583e-05
log_F_devs(1964)    -0.534349  -0.00080051
log_F_devs(1965)    -0.589618  0.000133603
log_F_devs(1966)    -0.686755  0.000370565
log_F_devs(1967)    -0.117175  0.000435817
log_F_devs(1968)    -0.143961 -0.000332905
log_F_devs(1969)     -0.10869 -0.000815764
log_F_devs(1970)     0.248292  0.000175705
log_F_devs(1971)     0.588645  0.000582871
log_F_devs(1972)     0.692087 -7.55326e-05
log_F_devs(1973)     0.829164  0.000291218
log_F_devs(1974)     0.907269 -6.06559e-05
log_F_devs(1975)     0.703773 -0.000853577
log_F_devs(1976)     0.591767  0.000154129
log_F_devs(1977)     0.478577   0.00102564
log_F_devs(1978)     0.575078 -0.000464778
log_F_devs(1979)     0.626573  -0.00112204
log_F_devs(1980)      0.55671  0.000295947
log_F_devs(1981)      0.23719  0.000276773
log_F_devs(1982)    -0.204358 -0.000295072
log_F_devs(1983)    -0.404505 -0.000339075
log_F_devs(1984)    -0.446436 -0.000288365
log_F_devs(1985)    -0.451008 -0.000994487
log_F_devs(1986)    -0.535451 -0.000155244
log_F_devs(1987)    -0.851897  0.000199537
log_F_devs(1988)    -0.543336 -0.000259804
log_F_devs(1989)    -0.516527 -0.000114142
log_F_devs(1990)    -0.102768  0.000575226
log_F_devs(1991)     0.106999 -0.000212578
log_F_devs(1992)     0.416159  0.000223128
log_F_devs(1993)  -0.00988904  0.000289479
log_F_devs(1994)    -0.258342 -0.000209273
log_F_devs(1995)    -0.276828 -0.000103591
log_F_devs(1996)    -0.105406 -1.55174e-05
log_F_devs(1997)   -0.0723084  1.40183e-05
log_F_devs(1998)    -0.252823  0.000275573
log_F_devs(1999)    -0.487513  0.000228456
log_F_devs(2000)    -0.392458  0.000574255
log_F_devs(2001)    -0.255999  3.60844e-05
log_F_devs(2002)   -0.0915834 -0.000220319
log_F_devs(2003)   -0.0157803  2.82082e-05
log_F_devs(2004)    -0.117371  -0.00014009
log_F_devs(2005)     -0.18033  1.90346e-05
log_F_devs(2006)    0.0270486  0.000400996
log_F_devs(2007)     0.108882  0.000301285
log_F_devs(2008)     0.220703  0.000245679
log_F_devs(2009)     0.204677 -0.000231301
log_F_devs(2010)    0.0263475  6.29126e-05
log_F_devs(2011)      0.33653 -0.000392793
log_F_devs(2012)     0.352005  9.17903e-05
log_F_devs(2013)     0.307642 -0.000407143
log_F_devs(2014)     0.255501  5.31601e-05
log_F_devs(2015)     0.331484 -1.84288e-05
log_F_devs(2016)    0.0125248  6.07537e-05
log_F_devs(2017)   -0.0133287  1.90172e-05
log_F_devs(2018)    -0.226805  0.000301462
log_F_devs(2019)    -0.114469  0.000188858
log_F_devs(2020)      0.12016 -0.000367259
log_F_devs(2021)    0.0611392  0.000154318
log_F_devs(2022)    -0.289469 -0.000692599
log_F_devs(2023)    -0.309823 -0.000385053
log_F_devs(2024)    -0.215566   0.00178128
sel_devs_fsh(1,1)    0.0414627 -1.86372e-06
sel_devs_fsh(1,2)    0.0813395  2.61753e-05
sel_devs_fsh(1,3)     0.183984  -7.3907e-06
sel_devs_fsh(1,4)   -0.0348298 -3.64071e-05
sel_devs_fsh(1,5)   -0.0370525 -0.000236097
sel_devs_fsh(1,6)   -0.0515505 -0.000674332
sel_devs_fsh(1,7)   -0.0465037  0.000814295
sel_devs_fsh(1,8)    -0.041416  0.000337484
sel_devs_fsh(1,9)   -0.0335195  -0.00048755
sel_devs_fsh(1,10)   -0.0257705  -0.00107232
sel_devs_fsh(1,11)   -0.0199001  0.000803162
sel_devs_fsh(1,12)   -0.0162394   0.00060458
sel_devs_fsh(2,1)    0.0487821  3.49151e-05
sel_devs_fsh(2,2)    0.0970968 -4.53854e-05
sel_devs_fsh(2,3)     0.229813 -3.51903e-05
sel_devs_fsh(2,4)   -0.0955358 -3.78473e-05
sel_devs_fsh(2,5)   -0.0817173 -0.000274572
sel_devs_fsh(2,6)   -0.0666214 -0.000650428
sel_devs_fsh(2,7)   -0.0503105  0.000917629
sel_devs_fsh(2,8)   -0.0342757  0.000322204
sel_devs_fsh(2,9)   -0.0242635 -0.000554978
sel_devs_fsh(2,10)   -0.0150746  -0.00111064
sel_devs_fsh(2,11)  -0.00698985  0.000776465
sel_devs_fsh(2,12) -0.000910461    0.0005354
sel_devs_fsh(3,1)      0.12048  2.10584e-05
sel_devs_fsh(3,2)    0.0914572  4.87504e-06
sel_devs_fsh(3,3)   0.00275477 -6.72459e-06
sel_devs_fsh(3,4)   -0.0186993 -6.82145e-05
sel_devs_fsh(3,5)   -0.0390658 -0.000269414
sel_devs_fsh(3,6)   -0.0454907 -0.000622178
sel_devs_fsh(3,7)   -0.0438074    0.0008081
sel_devs_fsh(3,8)   -0.0344192   0.00040928
sel_devs_fsh(3,9)   -0.0240503 -0.000540763
sel_devs_fsh(3,10)   -0.0104567 -0.000842033
sel_devs_fsh(3,11) -0.000491278  0.000778853
sel_devs_fsh(3,12)   0.00179927  0.000498257
sel_devs_fsh(4,1)     0.130447 -2.02526e-06
sel_devs_fsh(4,2)    0.0650449  4.04705e-05
sel_devs_fsh(4,3)     0.142474 -6.50537e-05
sel_devs_fsh(4,4)    -0.111808 -1.23705e-05
sel_devs_fsh(4,5)    -0.106098 -0.000251207
sel_devs_fsh(4,6)   -0.0930223 -0.000713409
sel_devs_fsh(4,7)   -0.0765659  0.000942982
sel_devs_fsh(4,8)   -0.0180044  0.000218837
sel_devs_fsh(4,9) -0.000909306 -0.000459629
sel_devs_fsh(4,10)    0.0154201 -0.000783133
sel_devs_fsh(4,11)    0.0228758  0.000715678
sel_devs_fsh(4,12)    0.0301389  0.000270174
sel_devs_fsh(5,1)      0.19031  1.25207e-05
sel_devs_fsh(5,2)     0.136639  3.10896e-05
sel_devs_fsh(5,3)   -0.0409297  4.25178e-05
sel_devs_fsh(5,4)    -0.270862 -5.60744e-05
sel_devs_fsh(5,5)    -0.128777 -0.000144033
sel_devs_fsh(5,6)    -0.113557 -0.000702369
sel_devs_fsh(5,7)   -0.0471207  0.000858901
sel_devs_fsh(5,8)    0.0157084  0.000205399
sel_devs_fsh(5,9)    0.0420206 -0.000544033
sel_devs_fsh(5,10)    0.0596292 -0.000841844
sel_devs_fsh(5,11)    0.0669359  0.000641642
sel_devs_fsh(5,12)    0.0900026  0.000486142
sel_devs_fsh(6,1)    0.0142257  6.61293e-07
sel_devs_fsh(6,2)    0.0334192  3.93372e-05
sel_devs_fsh(6,3)   -0.0877845 -1.80736e-05
sel_devs_fsh(6,4)   -0.0602714 -3.42299e-05
sel_devs_fsh(6,5)   -0.0126253 -8.26918e-05
sel_devs_fsh(6,6)   -0.0233661 -0.000743981
sel_devs_fsh(6,7)   -0.0545557  0.000916787
sel_devs_fsh(6,8)    0.0133596   0.00017251
sel_devs_fsh(6,9)    0.0333966 -0.000546679
sel_devs_fsh(6,10)    0.0401374  -0.00075717
sel_devs_fsh(6,11)    0.0446619  0.000670462
sel_devs_fsh(6,12)    0.0594013  0.000364439
sel_devs_fsh(7,1)    -0.233216  7.84897e-05
sel_devs_fsh(7,2)     0.204982 -3.29319e-05
sel_devs_fsh(7,3)     0.117615 -0.000130145
sel_devs_fsh(7,4)    0.0730505 -2.06434e-05
sel_devs_fsh(7,5)   -0.0263086 -0.000302187
sel_devs_fsh(7,6)   -0.0136235   -0.0006291
sel_devs_fsh(7,7)   -0.0216556  0.000880789
sel_devs_fsh(7,8)   -0.0333191  0.000258069
sel_devs_fsh(7,9)  -0.00931776 -0.000477902
sel_devs_fsh(7,10)   -0.0107785 -0.000701414
sel_devs_fsh(7,11)   -0.0187162  0.000730269
sel_devs_fsh(7,12)   -0.0287139  0.000325789
sel_devs_fsh(8,1)    -0.258066  5.87052e-05
sel_devs_fsh(8,2)     0.109554  1.41639e-06
sel_devs_fsh(8,3)    0.0792234 -2.19108e-05
sel_devs_fsh(8,4)    0.0529326 -7.99905e-05
sel_devs_fsh(8,5)    0.0379957 -0.000379732
sel_devs_fsh(8,6)    0.0528563 -0.000468156
sel_devs_fsh(8,7)    0.0229171   0.00081148
sel_devs_fsh(8,8)    -0.001841  0.000239712
sel_devs_fsh(8,9)   -0.0119424 -0.000522632
sel_devs_fsh(8,10)   -0.0162041 -0.000786586
sel_devs_fsh(8,11)   -0.0265029  0.000739437
sel_devs_fsh(8,12)   -0.0409229  0.000412663
sel_devs_fsh(9,1)    -0.213647   4.5457e-06
sel_devs_fsh(9,2)     0.139738 -9.17355e-05
sel_devs_fsh(9,3)     0.182844 -5.41616e-05
sel_devs_fsh(9,4)    0.0484671 -4.36535e-05
sel_devs_fsh(9,5)    0.0178542 -0.000422242
sel_devs_fsh(9,6)  0.000765295 -0.000401413
sel_devs_fsh(9,7)  -0.00212988  0.000797349
sel_devs_fsh(9,8)   -0.0306424  0.000298045
sel_devs_fsh(9,9)   -0.0241389 -0.000485479
sel_devs_fsh(9,10)   -0.0272234 -0.000749392
sel_devs_fsh(9,11)   -0.0362141  0.000719733
sel_devs_fsh(9,12)   -0.0556759  0.000372473
sel_devs_fsh(10,1)    -0.194749  6.90387e-05
sel_devs_fsh(10,2)    -0.177728 -1.20669e-05
sel_devs_fsh(10,3)     0.133474 -4.29015e-07
sel_devs_fsh(10,4)    0.0884373 -2.30073e-05
sel_devs_fsh(10,5)    0.0442232 -0.000426091
sel_devs_fsh(10,6)    0.0374925 -0.000335635
sel_devs_fsh(10,7)    0.0345918  0.000739873
sel_devs_fsh(10,8)  -0.00577036  0.000248652
sel_devs_fsh(10,9)     0.005149  -0.00042159
sel_devs_fsh(10,10)    0.0121165 -0.000906889
sel_devs_fsh(10,11)    0.0119098  0.000690132
sel_devs_fsh(10,12)    0.0108519   0.00036974
sel_devs_fsh(11,1)    -0.193391  1.15568e-05
sel_devs_fsh(11,2)   -0.0745749  5.60964e-05
sel_devs_fsh(11,3)    -0.085448  8.61485e-05
sel_devs_fsh(11,4)    0.0955538 -0.000138622
sel_devs_fsh(11,5)    0.0793284 -0.000498195
sel_devs_fsh(11,6)    0.0666983 -0.000274715
sel_devs_fsh(11,7)    0.0599244  0.000730117
sel_devs_fsh(11,8)    0.0139427  0.000204979
sel_devs_fsh(11,9)     0.010888 -0.000392945
sel_devs_fsh(11,10)    0.0102038 -0.000757935
sel_devs_fsh(11,11)   0.00943304  0.000668106
sel_devs_fsh(11,12)   0.00743777  0.000244498
sel_devs_fsh(12,1)    -0.183695 -1.38049e-05
sel_devs_fsh(12,2)    0.0178567  -2.6122e-05
sel_devs_fsh(12,3)    -0.129297  6.09101e-05
sel_devs_fsh(12,4)   -0.0511763   -0.0001526
sel_devs_fsh(12,5)    0.0642436 -0.000500395
sel_devs_fsh(12,6)    0.0666833 -0.000113729
sel_devs_fsh(12,7)    0.0656827   0.00080332
sel_devs_fsh(12,8)    0.0335845  0.000233965
sel_devs_fsh(12,9)    0.0259293 -0.000431624
sel_devs_fsh(12,10)    0.0288807 -0.000946878
sel_devs_fsh(12,11)     0.030385   0.00081903
sel_devs_fsh(12,12)    0.0309197  0.000228151
sel_devs_fsh(13,1)     -0.22474  1.52803e-05
sel_devs_fsh(13,2)    -0.137989  1.68257e-05
sel_devs_fsh(13,3)   -0.0395725 -4.36414e-05
sel_devs_fsh(13,4)   -0.0302516 -9.04326e-05
sel_devs_fsh(13,5)    0.0437673 -0.000537533
sel_devs_fsh(13,6)    0.0558714 -9.88372e-05
sel_devs_fsh(13,7)    0.0747358  0.000724883
sel_devs_fsh(13,8)    0.0687288  0.000182348
sel_devs_fsh(13,9)    0.0527659 -0.000345403
sel_devs_fsh(13,10)    0.0448733 -0.000926405
sel_devs_fsh(13,11)    0.0462012  0.000812449
sel_devs_fsh(13,12)    0.0456076  0.000258936
sel_devs_fsh(14,1)    -0.178858  2.74701e-05
sel_devs_fsh(14,2)    -0.378466 -3.29485e-05
sel_devs_fsh(14,3)    -0.170826 -5.19796e-05
sel_devs_fsh(14,4)    -0.038055 -8.19202e-05
sel_devs_fsh(14,5)    0.0824292 -0.000449631
sel_devs_fsh(14,6)     0.144377 -0.000159353
sel_devs_fsh(14,7)     0.122958  0.000638484
sel_devs_fsh(14,8)     0.123219  0.000265646
sel_devs_fsh(14,9)    0.0981293 -0.000309458
sel_devs_fsh(14,10)    0.0682689 -0.000912216
sel_devs_fsh(14,11)    0.0644851  0.000980303
sel_devs_fsh(14,12)    0.0623448  0.000190282
sel_devs_fsh(15,1)    -0.196485  5.19279e-05
sel_devs_fsh(15,2)    -0.480973  7.61584e-05
sel_devs_fsh(15,3)    -0.270135  3.97766e-05
sel_devs_fsh(15,4)    0.0682226 -8.29226e-05
sel_devs_fsh(15,5)     0.114924 -0.000454364
sel_devs_fsh(15,6)     0.149946 -9.61591e-05
sel_devs_fsh(15,7)     0.146686  0.000378676
sel_devs_fsh(15,8)       0.1381  0.000259745
sel_devs_fsh(15,9)    0.0933965 -0.000415966
sel_devs_fsh(15,10)    0.0802382 -0.000841086
sel_devs_fsh(15,11)    0.0793311   0.00103496
sel_devs_fsh(15,12)    0.0767473  1.03027e-05
sel_devs_fsh(16,1)    -0.162722 -6.91855e-06
sel_devs_fsh(16,2)    -0.268857  4.41796e-05
sel_devs_fsh(16,3)    -0.275147   8.2069e-05
sel_devs_fsh(16,4)   -0.0182787 -0.000108724
sel_devs_fsh(16,5)     0.115984 -0.000476557
sel_devs_fsh(16,6)    0.0816646  1.28755e-05
sel_devs_fsh(16,7)    0.0906008  0.000226129
sel_devs_fsh(16,8)    0.0955969  0.000474293
sel_devs_fsh(16,9)    0.0905184 -0.000410451
sel_devs_fsh(16,10)    0.0843835 -0.000827935
sel_devs_fsh(16,11)    0.0821738   0.00095874
sel_devs_fsh(16,12)    0.0840813  1.38715e-05
sel_devs_fsh(17,1)    -0.127907  3.51403e-05
sel_devs_fsh(17,2)    -0.099122  2.81383e-06
sel_devs_fsh(17,3)    -0.301064 -4.89322e-05
sel_devs_fsh(17,4)   -0.0227275 -5.96615e-05
sel_devs_fsh(17,5)    0.0293071 -0.000508723
sel_devs_fsh(17,6)    0.0629495  4.79518e-05
sel_devs_fsh(17,7)     0.061841  0.000201563
sel_devs_fsh(17,8)     0.073085  0.000478684
sel_devs_fsh(17,9)    0.0772565 -0.000496672
sel_devs_fsh(17,10)    0.0793879 -0.000810058
sel_devs_fsh(17,11)    0.0817327   0.00096451
sel_devs_fsh(17,12)    0.0852443 -6.59222e-05
sel_devs_fsh(18,1)    -0.144727 -0.000108401
sel_devs_fsh(18,2)     0.105345  2.94146e-05
sel_devs_fsh(18,3)   -0.0849061  2.17344e-05
sel_devs_fsh(18,4)     -0.16465   8.5785e-05
sel_devs_fsh(18,5)   -0.0783656 -0.000503444
sel_devs_fsh(18,6)    0.0433373  7.55424e-05
sel_devs_fsh(18,7)      0.03688  0.000183709
sel_devs_fsh(18,8)    0.0298443   0.00052774
sel_devs_fsh(18,9)    0.0504535 -0.000395088
sel_devs_fsh(18,10)    0.0593411  -0.00057973
sel_devs_fsh(18,11)    0.0692732  0.000943449
sel_devs_fsh(18,12)     0.078177 -0.000235009
sel_devs_fsh(19,1)       -0.134  2.11841e-05
sel_devs_fsh(19,2)    -0.148765  3.34242e-05
sel_devs_fsh(19,3)    0.0635368  2.17301e-05
sel_devs_fsh(19,4)   -0.0692997 -0.000111737
sel_devs_fsh(19,5)    0.0595533 -0.000318121
sel_devs_fsh(19,6)   0.00608011  3.49429e-05
sel_devs_fsh(19,7)    0.0348597  8.87659e-05
sel_devs_fsh(19,8)    0.0261267  0.000425189
sel_devs_fsh(19,9)    0.0261718 -0.000318313
sel_devs_fsh(19,10)    0.0322635 -0.000345627
sel_devs_fsh(19,11)    0.0470755  0.000599538
sel_devs_fsh(19,12)    0.0563986 -0.000110645
sel_devs_fsh(20,1)    -0.150178 -1.05491e-06
sel_devs_fsh(20,2)    0.0464304  3.06054e-05
sel_devs_fsh(20,3)     0.139981  6.46412e-05
sel_devs_fsh(20,4)    -0.078791 -4.58331e-05
sel_devs_fsh(20,5)    -0.230838 -0.000315705
sel_devs_fsh(20,6)    0.0732739  8.84624e-05
sel_devs_fsh(20,7)    0.0423479 -2.02976e-05
sel_devs_fsh(20,8)    0.0427923  0.000459599
sel_devs_fsh(20,9)    0.0169076 -0.000277618
sel_devs_fsh(20,10)    0.0236029 -9.61465e-05
sel_devs_fsh(20,11)    0.0330849  0.000378428
sel_devs_fsh(20,12)    0.0413857 -0.000265533
sel_devs_fsh(21,1)    -0.158329 -4.67806e-05
sel_devs_fsh(21,2)   -0.0308479 -1.24432e-05
sel_devs_fsh(21,3)    0.0767095  0.000196155
sel_devs_fsh(21,4)     0.164904  -9.8853e-06
sel_devs_fsh(21,5)   -0.0182244 -0.000370493
sel_devs_fsh(21,6)   -0.0749452  0.000168412
sel_devs_fsh(21,7)    0.0227682  0.000131899
sel_devs_fsh(21,8)   -0.0302504  0.000243013
sel_devs_fsh(21,9)    0.0252155 -0.000164244
sel_devs_fsh(21,10)   0.00269506  8.51985e-06
sel_devs_fsh(21,11)   0.00212973  0.000220261
sel_devs_fsh(21,12)    0.0181795 -0.000297341
sel_devs_fsh(22,1)    -0.160292  6.53356e-05
sel_devs_fsh(22,2)   -0.0794524 -3.86886e-05
sel_devs_fsh(22,3)     0.121061  0.000116814
sel_devs_fsh(22,4)   -0.0847749  1.32106e-05
sel_devs_fsh(22,5)    0.0145542 -0.000325158
sel_devs_fsh(22,6)   -0.0379286  0.000189252
sel_devs_fsh(22,7)   -0.0947215  0.000110052
sel_devs_fsh(22,8)     0.138778  0.000326003
sel_devs_fsh(22,9)     0.087278 -0.000188478
sel_devs_fsh(22,10)    0.0646077   4.8407e-05
sel_devs_fsh(22,11)    0.0261779  9.95756e-05
sel_devs_fsh(22,12)   0.00471662 -0.000346295
sel_devs_fsh(23,1)    -0.193526   1.3372e-05
sel_devs_fsh(23,2)    -0.116628  5.08758e-05
sel_devs_fsh(23,3)     0.454892  8.91222e-05
sel_devs_fsh(23,4)    0.0435509  7.79887e-06
sel_devs_fsh(23,5)     0.121981 -0.000280811
sel_devs_fsh(23,6)   -0.0507208  0.000153077
sel_devs_fsh(23,7)     0.136663   0.00015799
sel_devs_fsh(23,8)   -0.0914635  0.000194313
sel_devs_fsh(23,9)   -0.0877763 -7.34517e-05
sel_devs_fsh(23,10)    -0.110164  6.69723e-06
sel_devs_fsh(23,11)   -0.0642922  8.86544e-05
sel_devs_fsh(23,12)   -0.0425165 -0.000418199
sel_devs_fsh(24,1)    -0.162277 -0.000127846
sel_devs_fsh(24,2)   -0.0749984  1.34589e-05
sel_devs_fsh(24,3)    -0.388428  0.000106241
sel_devs_fsh(24,4)     0.159354  2.02279e-05
sel_devs_fsh(24,5)    0.0406222 -0.000270924
sel_devs_fsh(24,6)    0.0826694  9.74295e-05
sel_devs_fsh(24,7)     0.130834  0.000178514
sel_devs_fsh(24,8)     0.108053  0.000230522
sel_devs_fsh(24,9)    0.0284017 -3.45319e-05
sel_devs_fsh(24,10)    0.0714117 -4.02452e-05
sel_devs_fsh(24,11)    0.0236702  7.59942e-05
sel_devs_fsh(24,12)   -0.0193172 -0.000314738
sel_devs_fsh(25,1)    -0.153111 -6.78137e-05
sel_devs_fsh(25,2)   -0.0418942  4.13345e-05
sel_devs_fsh(25,3)    -0.346151  7.18789e-05
sel_devs_fsh(25,4)    0.0338467  2.05295e-05
sel_devs_fsh(25,5)     0.178216 -0.000282486
sel_devs_fsh(25,6)    0.0684064   0.00015013
sel_devs_fsh(25,7)   -0.0291826  0.000226544
sel_devs_fsh(25,8)     0.049073  9.32061e-05
sel_devs_fsh(25,9)    0.0603172  4.88878e-05
sel_devs_fsh(25,10)   -0.0156265 -8.24541e-05
sel_devs_fsh(25,11)     0.126825  0.000159977
sel_devs_fsh(25,12)    0.0692798 -0.000404931
sel_devs_fsh(26,1)   -0.0831928  5.06635e-05
sel_devs_fsh(26,2)  0.000542962  2.01531e-05
sel_devs_fsh(26,3)    -0.360783  7.94364e-05
sel_devs_fsh(26,4)    -0.296859   5.2597e-05
sel_devs_fsh(26,5)    -0.204839 -0.000328709
sel_devs_fsh(26,6)   -0.0642749  0.000243329
sel_devs_fsh(26,7)      0.12124  0.000181734
sel_devs_fsh(26,8)   -0.0363474  7.77679e-05
sel_devs_fsh(26,9)     0.154411  9.33109e-05
sel_devs_fsh(26,10)    0.0949684   -7.182e-06
sel_devs_fsh(26,11)     0.345859  7.82303e-05
sel_devs_fsh(26,12)     0.329283 -0.000403796
sel_devs_fsh(27,1)     -0.15569 -5.63806e-06
sel_devs_fsh(27,2)   -0.0671861  5.21374e-05
sel_devs_fsh(27,3)     0.502427  8.89232e-05
sel_devs_fsh(27,4)      -0.2694  0.000118854
sel_devs_fsh(27,5)     -0.34816 -0.000501957
sel_devs_fsh(27,6)   -0.0422171  0.000160834
sel_devs_fsh(27,7)   -0.0239577  8.30542e-05
sel_devs_fsh(27,8)     0.215308  0.000123034
sel_devs_fsh(27,9)     0.111426  9.65726e-05
sel_devs_fsh(27,10)     0.234792 -5.99418e-05
sel_devs_fsh(27,11)    -0.111706  0.000163314
sel_devs_fsh(27,12)   -0.0456411  -0.00040818
sel_devs_fsh(28,1)    -0.143974 -2.39922e-05
sel_devs_fsh(28,2)    -0.488894  9.38524e-05
sel_devs_fsh(28,3)   -0.0321519  0.000119674
sel_devs_fsh(28,4)     0.790279  1.93215e-05
sel_devs_fsh(28,5)  -0.00744976 -0.000193071
sel_devs_fsh(28,6)    0.0193824  0.000104001
sel_devs_fsh(28,7)     0.092516   4.4387e-05
sel_devs_fsh(28,8)    0.0265891 -1.85761e-05
sel_devs_fsh(28,9)   -0.0118654  4.70675e-05
sel_devs_fsh(28,10)   -0.0510362  -0.00014676
sel_devs_fsh(28,11)    -0.123941  0.000326459
sel_devs_fsh(28,12)    -0.069458 -0.000423958
sel_devs_fsh(29,1)   -0.0500833  3.26198e-05
sel_devs_fsh(29,2)    0.0106246  5.86188e-05
sel_devs_fsh(29,3)    -0.774705  7.30892e-05
sel_devs_fsh(29,4)      -0.2942  2.39745e-05
sel_devs_fsh(29,5)     0.906907 -0.000407159
sel_devs_fsh(29,6)     0.249294  4.87956e-05
sel_devs_fsh(29,7)    0.0212228  0.000280439
sel_devs_fsh(29,8)   -0.0225039  6.31038e-05
sel_devs_fsh(29,9)    -0.030993  9.75439e-05
sel_devs_fsh(29,10)  -0.00575417 -0.000162478
sel_devs_fsh(29,11)    0.0235831  0.000123122
sel_devs_fsh(29,12)   -0.0334003 -0.000373644
sel_devs_fsh(30,1)   -0.0203011  6.78368e-06
sel_devs_fsh(30,2)     0.188339  3.90532e-05
sel_devs_fsh(30,3)    -0.287341  0.000120768
sel_devs_fsh(30,4)    -0.685914  3.71267e-05
sel_devs_fsh(30,5)    -0.358056 -0.000279467
sel_devs_fsh(30,6)     0.465344  9.47687e-05
sel_devs_fsh(30,7)     0.143228  0.000171846
sel_devs_fsh(30,8)     0.161438  3.12483e-05
sel_devs_fsh(30,9)      0.13308  0.000206985
sel_devs_fsh(30,10)     0.116774 -0.000203505
sel_devs_fsh(30,11)     0.086768  0.000162158
sel_devs_fsh(30,12)    0.0566412 -0.000383746
sel_devs_fsh(31,1)   -0.0350791  5.85011e-05
sel_devs_fsh(31,2)     0.516556  7.16226e-05
sel_devs_fsh(31,3)     0.282293  0.000198459
sel_devs_fsh(31,4)    -0.791892  0.000210574
sel_devs_fsh(31,5)    -0.743433 -0.000407677
sel_devs_fsh(31,6)    -0.357008  0.000159742
sel_devs_fsh(31,7)     0.273516  0.000124518
sel_devs_fsh(31,8)     0.304698 -3.29913e-05
sel_devs_fsh(31,9)     0.224689   0.00025009
sel_devs_fsh(31,10)     0.153893 -0.000179329
sel_devs_fsh(31,11)     0.100036  0.000144025
sel_devs_fsh(31,12)    0.0717354 -0.000531828
sel_devs_fsh(32,1)    -0.134403  -1.1425e-05
sel_devs_fsh(32,2)     0.347043   3.6544e-05
sel_devs_fsh(32,3)     0.156565  0.000113543
sel_devs_fsh(32,4)     0.660242  5.85381e-05
sel_devs_fsh(32,5)   -0.0173236 -0.000293145
sel_devs_fsh(32,6)    -0.411849  0.000113836
sel_devs_fsh(32,7)    -0.415503  8.95915e-05
sel_devs_fsh(32,8)    -0.304479  -7.0549e-05
sel_devs_fsh(32,9)  -0.00287286  0.000201876
sel_devs_fsh(32,10)    0.0332941 -0.000236983
sel_devs_fsh(32,11)    0.0414288  0.000222854
sel_devs_fsh(32,12)    0.0478475 -0.000383514
sel_devs_fsh(33,1)    -0.107344  5.37085e-07
sel_devs_fsh(33,2)    -0.381955  2.50561e-05
sel_devs_fsh(33,3)     0.279164  6.63619e-05
sel_devs_fsh(33,4)     0.241775  0.000166298
sel_devs_fsh(33,5)     0.200427 -0.000307137
sel_devs_fsh(33,6)     0.279032  0.000178974
sel_devs_fsh(33,7)    -0.241495   7.1962e-05
sel_devs_fsh(33,8)   -0.0664083 -1.77492e-05
sel_devs_fsh(33,9)   -0.0755475  0.000324863
sel_devs_fsh(33,10)   -0.0488047 -0.000141678
sel_devs_fsh(33,11)     -0.04553  9.36752e-05
sel_devs_fsh(33,12)   -0.0333131 -0.000443815
sel_devs_fsh(34,1)    -0.152872  4.30277e-06
sel_devs_fsh(34,2)    -0.378251  2.15945e-05
sel_devs_fsh(34,3)      0.82736  0.000118747
sel_devs_fsh(34,4)     0.457407  0.000132466
sel_devs_fsh(34,5)     0.153561 -0.000336011
sel_devs_fsh(34,6)    -0.234215  0.000118546
sel_devs_fsh(34,7)     0.250271  0.000114083
sel_devs_fsh(34,8)    -0.113428 -6.30546e-05
sel_devs_fsh(34,9)    -0.282494  0.000257054
sel_devs_fsh(34,10)     -0.24758 -0.000181947
sel_devs_fsh(34,11)    -0.178514 -4.14044e-05
sel_devs_fsh(34,12)    -0.101256 -0.000325925
sel_devs_fsh(35,1)   -0.0808257 -4.95554e-05
sel_devs_fsh(35,2)     -0.15296  9.05997e-05
sel_devs_fsh(35,3)    -0.547865   3.5147e-05
sel_devs_fsh(35,4)     0.304103  0.000183501
sel_devs_fsh(35,5)     0.418491 -0.000277563
sel_devs_fsh(35,6)    0.0136754  0.000132607
sel_devs_fsh(35,7)   -0.0188156  2.75921e-05
sel_devs_fsh(35,8)     0.234346 -8.65423e-05
sel_devs_fsh(35,9)     0.019195  0.000204283
sel_devs_fsh(35,10)   -0.0547855 -0.000136751
sel_devs_fsh(35,11)   -0.0553057  0.000101601
sel_devs_fsh(35,12)   -0.0792519 -0.000223387
sel_devs_fsh(36,1)   -0.0358871  6.11326e-05
sel_devs_fsh(36,2)    -0.204018  0.000126847
sel_devs_fsh(36,3)     -0.45424  3.60298e-05
sel_devs_fsh(36,4)    -0.298278  0.000202066
sel_devs_fsh(36,5)     0.259362 -0.000233531
sel_devs_fsh(36,6)     0.614764  9.07565e-05
sel_devs_fsh(36,7)     0.136376  3.58945e-05
sel_devs_fsh(36,8)   -0.0923909 -2.81172e-05
sel_devs_fsh(36,9)    0.0339704  0.000291713
sel_devs_fsh(36,10)    0.0386766 -2.90337e-05
sel_devs_fsh(36,11)    0.0239902  6.42791e-05
sel_devs_fsh(36,12)   -0.0223043 -0.000288426
sel_devs_fsh(37,1)   -0.0799173  5.94963e-05
sel_devs_fsh(37,2)     0.170487  9.92191e-05
sel_devs_fsh(37,3)    0.0735971  7.84324e-05
sel_devs_fsh(37,4)   -0.0156177  0.000145038
sel_devs_fsh(37,5)    -0.222715  -0.00028621
sel_devs_fsh(37,6)    0.0616533  0.000101298
sel_devs_fsh(37,7)    0.0796594  4.15293e-05
sel_devs_fsh(37,8)     0.067061 -0.000105089
sel_devs_fsh(37,9)    0.0484712  0.000278754
sel_devs_fsh(37,10)   -0.0209501 -0.000197354
sel_devs_fsh(37,11)   -0.0847454  3.65699e-05
sel_devs_fsh(37,12)   -0.0769858 -0.000279164
sel_devs_fsh(38,1)   -0.0843994  1.27325e-05
sel_devs_fsh(38,2)    -0.334893  0.000120558
sel_devs_fsh(38,3)     0.679625 -3.67813e-05
sel_devs_fsh(38,4)   -0.0640151   0.00014478
sel_devs_fsh(38,5)    0.0329262 -0.000274436
sel_devs_fsh(38,6)    -0.171566  0.000163325
sel_devs_fsh(38,7)    0.0385042  2.17669e-05
sel_devs_fsh(38,8)    0.0428499  -0.00011922
sel_devs_fsh(38,9)   0.00978926  0.000298528
sel_devs_fsh(38,10)  -0.00816601 -0.000128711
sel_devs_fsh(38,11)    -0.074707 -2.53997e-05
sel_devs_fsh(38,12)   -0.0659536 -0.000257307
sel_devs_fsh(39,1)   -0.0399223  4.73859e-06
sel_devs_fsh(39,2)    -0.146429  5.23713e-05
sel_devs_fsh(39,3)    -0.665623  5.83742e-05
sel_devs_fsh(39,4)     0.731832  0.000149676
sel_devs_fsh(39,5)    0.0302615 -0.000361201
sel_devs_fsh(39,6)    -0.118736   0.00015226
sel_devs_fsh(39,7)    -0.004833  4.74361e-05
sel_devs_fsh(39,8)    0.0243577 -0.000198329
sel_devs_fsh(39,9)    0.0481084  0.000259728
sel_devs_fsh(39,10)    0.0536266   1.0106e-05
sel_devs_fsh(39,11)    0.0725376 -0.000121691
sel_devs_fsh(39,12)    0.0148118 -0.000155614
sel_devs_fsh(40,1)   -0.0690115 -5.59494e-05
sel_devs_fsh(40,2)     0.075095  1.19753e-05
sel_devs_fsh(40,3)   0.00373191  6.21291e-05
sel_devs_fsh(40,4)    -0.323949  0.000144139
sel_devs_fsh(40,5)     0.440025 -0.000294386
sel_devs_fsh(40,6)     0.254937   0.00011311
sel_devs_fsh(40,7)    -0.111984  5.25172e-05
sel_devs_fsh(40,8)    -0.157905 -0.000263082
sel_devs_fsh(40,9)   -0.0617761  0.000285783
sel_devs_fsh(40,10)   0.00209415 -7.39549e-05
sel_devs_fsh(40,11)  -0.00146822 -0.000106314
sel_devs_fsh(40,12)   -0.0498034 -0.000104424
sel_devs_fsh(41,1)   -0.0970924  2.42548e-05
sel_devs_fsh(41,2)    0.0925578 -2.63106e-05
sel_devs_fsh(41,3)     0.564603 -1.22031e-05
sel_devs_fsh(41,4)   -0.0729747  9.38195e-05
sel_devs_fsh(41,5)    -0.303874 -0.000225925
sel_devs_fsh(41,6)   -0.0491311  0.000183326
sel_devs_fsh(41,7)   -0.0593184  9.87847e-05
sel_devs_fsh(41,8)   -0.0302474 -0.000195067
sel_devs_fsh(41,9)   -0.0768885   0.00029667
sel_devs_fsh(41,10)   -0.0342493  4.23425e-05
sel_devs_fsh(41,11)    0.0179381 -0.000126393
sel_devs_fsh(41,12)     0.048677 -0.000151343
sel_devs_fsh(42,1)   -0.0566581   -6.446e-05
sel_devs_fsh(42,2)    0.0327139  9.22602e-06
sel_devs_fsh(42,3)   -0.0504628  9.09897e-05
sel_devs_fsh(42,4)    0.0187572  0.000164826
sel_devs_fsh(42,5)   -0.0434997 -0.000279329
sel_devs_fsh(42,6)   0.00767494  0.000175164
sel_devs_fsh(42,7)    0.0278462 -3.15436e-05
sel_devs_fsh(42,8)   -0.0598234 -0.000162718
sel_devs_fsh(42,9)   -0.0281787   0.00018641
sel_devs_fsh(42,10)   0.00255314 -2.78387e-05
sel_devs_fsh(42,11)    0.0512132 -0.000159296
sel_devs_fsh(42,12)    0.0978603  3.85512e-05
sel_devs_fsh(43,1)  -0.00559897  2.17906e-05
sel_devs_fsh(43,2)   -0.0687079  1.21518e-05
sel_devs_fsh(43,3)    -0.546663  3.66803e-05
sel_devs_fsh(43,4)    -0.132852 -6.16438e-05
sel_devs_fsh(43,5)   -0.0708852 -0.000190317
sel_devs_fsh(43,6)    0.0433007  0.000168332
sel_devs_fsh(43,7)    0.0606392  2.66006e-05
sel_devs_fsh(43,8)     0.129448 -8.13786e-05
sel_devs_fsh(43,9)     0.145326  0.000276436
sel_devs_fsh(43,10)    0.0800773  0.000102544
sel_devs_fsh(43,11)      0.16831 -0.000174703
sel_devs_fsh(43,12)     0.197612 -3.78865e-05
sel_devs_fsh(44,1)   -0.0346449  2.62405e-05
sel_devs_fsh(44,2)    -0.343765  3.65637e-07
sel_devs_fsh(44,3)     0.182768  4.88886e-05
sel_devs_fsh(44,4)    0.0297745  9.21872e-05
sel_devs_fsh(44,5)    -0.142429 -0.000301196
sel_devs_fsh(44,6)   -0.0792853  0.000132069
sel_devs_fsh(44,7)   -0.0440254  1.52319e-05
sel_devs_fsh(44,8)  -0.00956437 -0.000108414
sel_devs_fsh(44,9)   0.00827927  0.000222436
sel_devs_fsh(44,10)     0.153014  9.58319e-05
sel_devs_fsh(44,11)     0.152603 -0.000171179
sel_devs_fsh(44,12)     0.127276 -3.89067e-05
sel_devs_fsh(45,1)   0.00439851 -2.09892e-05
sel_devs_fsh(45,2)    0.0792229 -4.41129e-05
sel_devs_fsh(45,3)    -0.604206 -3.21127e-05
sel_devs_fsh(45,4)     0.432299  5.97557e-05
sel_devs_fsh(45,5)     0.154022 -0.000107621
sel_devs_fsh(45,6)    -0.248335  0.000119098
sel_devs_fsh(45,7)   -0.0606238  1.94258e-05
sel_devs_fsh(45,8)     0.094123 -1.11052e-05
sel_devs_fsh(45,9)    0.0964343  0.000261852
sel_devs_fsh(45,10)    0.0287247 -3.61067e-05
sel_devs_fsh(45,11)   -0.0323104 -0.000178963
sel_devs_fsh(45,12)    0.0562581  8.93365e-05
sel_devs_fsh(46,1)     0.010502   6.8747e-05
sel_devs_fsh(46,2)   -0.0541579  3.64511e-05
sel_devs_fsh(46,3)    0.0408903  8.90489e-05
sel_devs_fsh(46,4)     -1.06908  4.43437e-05
sel_devs_fsh(46,5)     0.416724 -0.000212824
sel_devs_fsh(46,6)     0.346522  0.000107748
sel_devs_fsh(46,7)     0.127256 -4.01754e-05
sel_devs_fsh(46,8)    0.0216931 -0.000115853
sel_devs_fsh(46,9)    0.0291908  0.000181978
sel_devs_fsh(46,10)    0.0970263  4.40944e-06
sel_devs_fsh(46,11)    0.0605831 -0.000151827
sel_devs_fsh(46,12)   -0.0271496  6.13376e-06
sel_devs_fsh(47,1)   -0.0236005  -1.5268e-05
sel_devs_fsh(47,2)     0.198574  4.38947e-05
sel_devs_fsh(47,3)     0.187274  8.23973e-05
sel_devs_fsh(47,4)      0.60804  0.000107304
sel_devs_fsh(47,5)     -1.08636  -0.00013874
sel_devs_fsh(47,6)   -0.0248414   5.5728e-05
sel_devs_fsh(47,7)   0.00143711 -3.85743e-05
sel_devs_fsh(47,8)    0.0356859 -0.000111689
sel_devs_fsh(47,9)    0.0232809  0.000266719
sel_devs_fsh(47,10)   -0.0368625 -2.04061e-05
sel_devs_fsh(47,11)    0.0330476 -0.000170804
sel_devs_fsh(47,12)     0.084331  3.07591e-06
sel_devs_fsh(48,1)    0.0116989  6.13822e-05
sel_devs_fsh(48,2)     -0.20361  2.37156e-05
sel_devs_fsh(48,3)    0.0256442  8.31507e-05
sel_devs_fsh(48,4)    -0.129578  8.90732e-05
sel_devs_fsh(48,5)     0.502613 -0.000136981
sel_devs_fsh(48,6)    -0.622035  7.38067e-05
sel_devs_fsh(48,7)    -0.140158  4.55979e-05
sel_devs_fsh(48,8)    0.0605144 -2.19736e-05
sel_devs_fsh(48,9)     0.131781  0.000190538
sel_devs_fsh(48,10)     0.145771  -8.5564e-06
sel_devs_fsh(48,11)     0.115673 -0.000324653
sel_devs_fsh(48,12)     0.101688 -4.60733e-05
sel_devs_fsh(49,1)   -0.0187355  1.47753e-05
sel_devs_fsh(49,2)      0.14835  3.83907e-05
sel_devs_fsh(49,3)   -0.0396647  5.46248e-05
sel_devs_fsh(49,4)    -0.140297  0.000101356
sel_devs_fsh(49,5)   -0.0992078 -0.000116622
sel_devs_fsh(49,6)     0.287271   4.2184e-05
sel_devs_fsh(49,7)     0.125493 -3.42071e-05
sel_devs_fsh(49,8)    -0.146924 -6.71405e-05
sel_devs_fsh(49,9)    -0.123437  0.000184055
sel_devs_fsh(49,10)   0.00235546 -0.000123657
sel_devs_fsh(49,11)  -0.00101487 -0.000152506
sel_devs_fsh(49,12)   0.00581159  5.10942e-05
sel_devs_fsh(50,1)   -0.0129168  3.49226e-05
sel_devs_fsh(50,2)     -0.51617  2.32892e-05
sel_devs_fsh(50,3)      1.08307  0.000127026
sel_devs_fsh(50,4)     0.190324  0.000125464
sel_devs_fsh(50,5)    -0.173604 -5.84664e-05
sel_devs_fsh(50,6)   -0.0930149  3.90476e-05
sel_devs_fsh(50,7)    -0.165001  0.000129646
sel_devs_fsh(50,8)    -0.129219 -0.000215319
sel_devs_fsh(50,9)    -0.116242  0.000200526
sel_devs_fsh(50,10)   -0.0340409  2.99908e-05
sel_devs_fsh(50,11)   -0.0194422 -0.000243458
sel_devs_fsh(50,12)    -0.013725  1.43253e-05
sel_devs_fsh(51,1)      0.07017  1.09349e-05
sel_devs_fsh(51,2)    -0.109827  1.36732e-05
sel_devs_fsh(51,3)     -1.45697  6.72472e-05
sel_devs_fsh(51,4)      1.07027  7.40783e-05
sel_devs_fsh(51,5)     0.299969 -4.99408e-05
sel_devs_fsh(51,6)    0.0304413 -7.06251e-06
sel_devs_fsh(51,7)   -0.0695722  8.46532e-05
sel_devs_fsh(51,8)     0.233619 -5.63939e-05
sel_devs_fsh(51,9)    0.0826197  0.000131629
sel_devs_fsh(51,10)   -0.0877514 -2.65887e-05
sel_devs_fsh(51,11)   -0.0276794 -0.000187375
sel_devs_fsh(51,12)   -0.0352945 -5.21407e-05
sel_devs_fsh(52,1)    0.0587156  2.09602e-05
sel_devs_fsh(52,2)     0.145286 -4.18433e-05
sel_devs_fsh(52,3)    -0.285894  2.45063e-05
sel_devs_fsh(52,4)     -1.10677  0.000153308
sel_devs_fsh(52,5)     0.607721 -6.29722e-05
sel_devs_fsh(52,6)     0.347936  2.62289e-05
sel_devs_fsh(52,7)     0.212353  0.000248737
sel_devs_fsh(52,8)   -0.0749187 -0.000199452
sel_devs_fsh(52,9)     0.107453  0.000171836
sel_devs_fsh(52,10)     0.049014 -0.000109171
sel_devs_fsh(52,11)   -0.0319595 -0.000240932
sel_devs_fsh(52,12)    -0.028935 -3.03095e-05
sel_devs_fsh(53,1)    0.0354337 -1.87188e-05
sel_devs_fsh(53,2)     0.193369 -4.85861e-06
sel_devs_fsh(53,3)    0.0740819  4.42913e-05
sel_devs_fsh(53,4)    -0.544143  0.000122308
sel_devs_fsh(53,5)    0.0569006  -9.9177e-05
sel_devs_fsh(53,6)     0.204902  6.77158e-05
sel_devs_fsh(53,7)     0.114043  0.000118128
sel_devs_fsh(53,8)       0.1119   -0.0002656
sel_devs_fsh(53,9)   -0.0509805  0.000190669
sel_devs_fsh(53,10)   -0.0755225 -3.26923e-05
sel_devs_fsh(53,11)   -0.0697136 -0.000237973
sel_devs_fsh(53,12)   -0.0502795 -4.37433e-05
sel_devs_fsh(54,1)      0.09534  1.37647e-06
sel_devs_fsh(54,2)     0.765076 -4.88353e-06
sel_devs_fsh(54,3)     0.148246  5.31443e-05
sel_devs_fsh(54,4)    -0.628478  7.90003e-05
sel_devs_fsh(54,5)     -1.36912 -0.000121928
sel_devs_fsh(54,6)     0.071769  1.30542e-05
sel_devs_fsh(54,7)     0.484205  0.000181856
sel_devs_fsh(54,8)     0.270956 -0.000168768
sel_devs_fsh(54,9)     0.174034  0.000268198
sel_devs_fsh(54,10)       0.1525 -0.000115822
sel_devs_fsh(54,11)   -0.0512692 -0.000176741
sel_devs_fsh(54,12)    -0.113261  1.64325e-05
sel_devs_fsh(55,1)     0.148977  2.00527e-06
sel_devs_fsh(55,2)     0.991921   7.3132e-06
sel_devs_fsh(55,3)      0.63884  4.10963e-05
sel_devs_fsh(55,4)      0.74733  6.82523e-05
sel_devs_fsh(55,5)     0.229553 -1.80432e-05
sel_devs_fsh(55,6)    -0.521341  0.000130479
sel_devs_fsh(55,7)    -0.648714  0.000124376
sel_devs_fsh(55,8)    -0.610607  -0.00029048
sel_devs_fsh(55,9)      -0.3427  0.000221301
sel_devs_fsh(55,10)    -0.295355 -0.000109956
sel_devs_fsh(55,11)    -0.144895 -0.000246921
sel_devs_fsh(55,12)    -0.193008  9.61438e-05
sel_devs_fsh(56,1)   -0.0285704 -8.08153e-05
sel_devs_fsh(56,2)     0.449824 -8.93421e-07
sel_devs_fsh(56,3)     0.914849  2.96238e-05
sel_devs_fsh(56,4)    -0.190289  2.07409e-05
sel_devs_fsh(56,5)    -0.114792 -0.000219555
sel_devs_fsh(56,6)      -0.5609  0.000282531
sel_devs_fsh(56,7)    -0.165408  0.000179834
sel_devs_fsh(56,8)     0.104707 -0.000227115
sel_devs_fsh(56,9)    -0.122652  0.000434052
sel_devs_fsh(56,10)     -0.12258 -9.53496e-05
sel_devs_fsh(56,11)   -0.0992689 -0.000379713
sel_devs_fsh(56,12)   -0.0649121  0.000153681
sel_devs_fsh(57,1)   0.00110614 -3.24961e-05
sel_devs_fsh(57,2)     0.193555  5.26464e-05
sel_devs_fsh(57,3)    -0.280919  1.92406e-05
sel_devs_fsh(57,4)     0.605284  3.71793e-05
sel_devs_fsh(57,5)    0.0739251 -0.000154068
sel_devs_fsh(57,6)    -0.040319  0.000196688
sel_devs_fsh(57,7)    -0.188938  4.92588e-05
sel_devs_fsh(57,8)   -0.0530685 -0.000214507
sel_devs_fsh(57,9)    -0.108564  0.000363387
sel_devs_fsh(57,10)    -0.177196  1.37201e-08
sel_devs_fsh(57,11)   -0.0269475 -0.000397876
sel_devs_fsh(57,12)    0.0020821  7.74622e-05
sel_devs_fsh(58,1)    0.0218402 -7.00044e-05
sel_devs_fsh(58,2)    -0.352762   8.8667e-06
sel_devs_fsh(58,3)   -0.0567366  6.17025e-06
sel_devs_fsh(58,4)    0.0158303  0.000158248
sel_devs_fsh(58,5)     0.577609 -0.000206667
sel_devs_fsh(58,6)     0.255809  0.000261085
sel_devs_fsh(58,7)    -0.309897 -3.26918e-06
sel_devs_fsh(58,8)     -0.17237 -0.000140534
sel_devs_fsh(58,9)   -0.0231421  0.000334936
sel_devs_fsh(58,10)    0.0286283  -3.5516e-05
sel_devs_fsh(58,11)   -0.0063396 -0.000220326
sel_devs_fsh(58,12)     0.021535 -3.58634e-05
sel_devs_fsh(59,1)  5.64979e-06  1.79934e-05
sel_devs_fsh(59,2)    0.0031253 -2.61192e-05
sel_devs_fsh(59,3)  -0.00220072  5.20084e-05
sel_devs_fsh(59,4)     0.107964  0.000118084
sel_devs_fsh(59,5)    -0.112472  1.09185e-05
sel_devs_fsh(59,6)   -0.0931945  0.000285015
sel_devs_fsh(59,7)   0.00956992  5.39629e-05
sel_devs_fsh(59,8)   -0.0323224 -0.000153352
sel_devs_fsh(59,9)   -0.0319174  0.000188472
sel_devs_fsh(59,10)   0.00576619 -3.01903e-06
sel_devs_fsh(59,11)    0.0332813 -6.63853e-07
sel_devs_fsh(59,12)     0.112405 -0.000383362
sel_devs_ats(1,2)     0.320286  9.12402e-05
sel_devs_ats(1,3)     0.330725 -4.01975e-05
sel_devs_ats(1,4)     0.304526  7.04738e-05
sel_devs_ats(1,5)     0.297352  4.57237e-05
sel_devs_ats(1,6)     0.313716  4.68535e-05
sel_devs_ats(1,7)     0.318921  4.93087e-06
sel_devs_ats(1,8)     0.314888 -1.58675e-05
sel_devs_ats(2,2)     0.360578   0.00010845
sel_devs_ats(2,3)      0.36045 -9.06757e-05
sel_devs_ats(2,4)     0.355239   9.8094e-05
sel_devs_ats(2,5)     0.347766  6.79223e-05
sel_devs_ats(2,6)     0.350534   4.7751e-05
sel_devs_ats(2,7)     0.356222 -6.55324e-06
sel_devs_ats(2,8)     0.359445 -6.68959e-05
sel_devs_ats(3,2)     0.431298  6.37725e-05
sel_devs_ats(3,3)     0.424166 -0.000106515
sel_devs_ats(3,4)     0.394145    2.831e-05
sel_devs_ats(3,5)     0.407136 -5.30731e-05
sel_devs_ats(3,6)     0.394718   1.4131e-06
sel_devs_ats(3,7)     0.399136 -5.77406e-05
sel_devs_ats(3,8)     0.389787 -5.98961e-05
sel_devs_ats(4,2)     0.403953  6.25211e-05
sel_devs_ats(4,3)     0.485877 -0.000151839
sel_devs_ats(4,4)     0.476882  0.000104148
sel_devs_ats(4,5)     0.439794 -9.82405e-11
sel_devs_ats(4,6)     0.446168  4.64569e-06
sel_devs_ats(4,7)     0.450612 -9.33953e-05
sel_devs_ats(4,8)     0.424587 -5.98229e-05
sel_devs_ats(5,2)     0.434297  0.000121365
sel_devs_ats(5,3)     0.520231  -0.00013387
sel_devs_ats(5,4)     0.515533  0.000117742
sel_devs_ats(5,5)     0.480966 -3.07631e-05
sel_devs_ats(5,6)     0.473071  4.26013e-05
sel_devs_ats(5,7)     0.487948 -1.24768e-05
sel_devs_ats(5,8)     0.461405 -7.15956e-05
sel_devs_ats(6,2)     0.471032  5.84925e-05
sel_devs_ats(6,3)     0.494623 -7.10932e-05
sel_devs_ats(6,4)     0.550511  7.17769e-05
sel_devs_ats(6,5)     0.514965  1.95974e-05
sel_devs_ats(6,6)     0.520821  0.000111829
sel_devs_ats(6,7)     0.491736 -2.89231e-05
sel_devs_ats(6,8)     0.496751 -5.57462e-05
sel_devs_ats(7,2)     0.541591  3.26061e-05
sel_devs_ats(7,3)     0.536173 -1.92474e-05
sel_devs_ats(7,4)     0.519604  3.04115e-05
sel_devs_ats(7,5)     0.547334 -2.71904e-05
sel_devs_ats(7,6)     0.551726  6.37585e-05
sel_devs_ats(7,7)     0.533149   4.0473e-05
sel_devs_ats(7,8)     0.518081  2.12681e-05
sel_devs_ats(8,2)      0.54519  1.38467e-05
sel_devs_ats(8,3)     0.561977 -8.31375e-05
sel_devs_ats(8,4)     0.550365 -1.79055e-05
sel_devs_ats(8,5)     0.563406 -3.74253e-05
sel_devs_ats(8,6)     0.568496  1.27426e-05
sel_devs_ats(8,7)     0.555307  2.75204e-07
sel_devs_ats(8,8)     0.538901 -0.000110364
sel_devs_ats(9,2)     0.512317 -5.85028e-06
sel_devs_ats(9,3)     0.510272 -4.59338e-05
sel_devs_ats(9,4)     0.581257  2.08925e-05
sel_devs_ats(9,5)     0.596759 -3.44138e-05
sel_devs_ats(9,6)     0.580597  7.77711e-05
sel_devs_ats(9,7)     0.568467  4.48428e-06
sel_devs_ats(9,8)     0.565838  1.14808e-05
sel_devs_ats(10,2)     0.508271  -2.1129e-05
sel_devs_ats(10,3)     0.524037 -1.44695e-05
sel_devs_ats(10,4)     0.608873 -2.56866e-05
sel_devs_ats(10,5)      0.60875 -1.85865e-05
sel_devs_ats(10,6)     0.590824  5.01147e-05
sel_devs_ats(10,7)     0.583174  1.12369e-05
sel_devs_ats(10,8)     0.579583 -1.04969e-05
sel_devs_ats(11,2)     0.611298  6.35052e-05
sel_devs_ats(11,3)     0.578127 -1.77974e-05
sel_devs_ats(11,4)     0.516042  1.96644e-05
sel_devs_ats(11,5)     0.545834 -3.95114e-05
sel_devs_ats(11,6)      0.57579  5.19032e-05
sel_devs_ats(11,7)      0.58467  1.69465e-05
sel_devs_ats(11,8)       0.5888  5.45623e-05
sel_devs_ats(12,2)     0.591932  -1.4735e-05
sel_devs_ats(12,3)     0.570692 -1.22134e-06
sel_devs_ats(12,4)     0.526649  3.03015e-05
sel_devs_ats(12,5)     0.542606 -2.49279e-07
sel_devs_ats(12,6)     0.569459  3.95483e-05
sel_devs_ats(12,7)     0.581934 -3.46234e-06
sel_devs_ats(12,8)      0.58546  2.18696e-05
sel_devs_ats(13,2)     0.601325 -7.81028e-05
sel_devs_ats(13,3)     0.590274  -1.1059e-06
sel_devs_ats(13,4)     0.559665 -9.13139e-05
sel_devs_ats(13,5)     0.569542 -0.000169134
sel_devs_ats(13,6)     0.578044 -5.34728e-05
sel_devs_ats(13,7)     0.566707 -9.55016e-05
sel_devs_ats(13,8)     0.570807  0.000136195
sel_devs_ats(14,2)     0.618551  2.56504e-05
sel_devs_ats(14,3)     0.591784  2.01074e-05
sel_devs_ats(14,4)      0.54305 -7.54309e-06
sel_devs_ats(14,5)     0.533326 -7.13898e-06
sel_devs_ats(14,6)     0.543471  1.72069e-05
sel_devs_ats(14,7)     0.557199  7.96347e-06
sel_devs_ats(14,8)     0.568485  8.36385e-05
sel_devs_ats(15,2)     0.577075  3.60941e-05
sel_devs_ats(15,3)     0.577325  7.33569e-05
sel_devs_ats(15,4)     0.547301  3.85592e-05
sel_devs_ats(15,5)     0.542153   5.7842e-06
sel_devs_ats(15,6)     0.549306 -1.48031e-05
sel_devs_ats(15,7)     0.559216  4.71553e-05
sel_devs_ats(15,8)     0.560563  3.70243e-05
sel_devs_ats(16,2)     0.584155 -6.31184e-05
sel_devs_ats(16,3)     0.543121  -4.5384e-06
sel_devs_ats(16,4)     0.565556 -1.63925e-05
sel_devs_ats(16,5)     0.539252 -0.000132134
sel_devs_ats(16,6)     0.541144 -6.92257e-05
sel_devs_ats(16,7)     0.547724  4.09714e-06
sel_devs_ats(16,8)      0.54486  6.81829e-05
sel_devs_ats(17,2)     0.570403  8.43646e-06
sel_devs_ats(17,3)     0.546532 -1.56401e-05
sel_devs_ats(17,4)     0.524712   5.8048e-05
sel_devs_ats(17,5)     0.533054 -7.65276e-05
sel_devs_ats(17,6)     0.538268  1.35209e-05
sel_devs_ats(17,7)      0.54355  4.72379e-05
sel_devs_ats(17,8)     0.537392  4.35607e-05
sel_devs_ats(18,2)     0.574336 -1.48686e-05
sel_devs_ats(18,3)     0.537918 -2.13736e-06
sel_devs_ats(18,4)     0.519892  3.24994e-05
sel_devs_ats(18,5)     0.526841 -1.33021e-05
sel_devs_ats(18,6)     0.535931 -1.84341e-05
sel_devs_ats(18,7)     0.542096  7.21749e-05
sel_devs_ats(18,8)     0.533715 -2.08096e-05
sel_devs_ats(19,2)      0.54321  1.15719e-06
sel_devs_ats(19,3)     0.553824  1.99639e-05
sel_devs_ats(19,4)     0.583172 -2.27443e-05
sel_devs_ats(19,5)     0.573481 -2.51115e-05
sel_devs_ats(19,6)     0.563854 -7.35326e-05
sel_devs_ats(19,7)     0.552099  5.07438e-05
sel_devs_ats(19,8)     0.529959 -5.03139e-05
sel_devs_ats(20,2)     0.571353  1.71748e-05
sel_devs_ats(20,3)      0.55413 -4.23052e-05
sel_devs_ats(20,4)     0.598005  3.50763e-05
sel_devs_ats(20,5)     0.582652 -1.40881e-05
sel_devs_ats(20,6)     0.577814  2.12676e-05
sel_devs_ats(20,7)     0.571133 -3.08782e-05
sel_devs_ats(20,8)     0.542581 -2.51979e-05
sel_devs_ats(21,2)     0.486467 -2.44541e-05
sel_devs_ats(21,3)      0.60472  3.01799e-05
sel_devs_ats(21,4)     0.645895  4.10648e-05
sel_devs_ats(21,5)     0.622873  1.94463e-06
sel_devs_ats(21,6)     0.591578  3.90943e-05
sel_devs_ats(21,7)      0.57653   7.0549e-05
sel_devs_ats(21,8)     0.582296 -1.11997e-05
sel_devs_ats(22,2)     0.515421 -8.87443e-05
sel_devs_ats(22,3)      0.62041  2.43655e-05
sel_devs_ats(22,4)     0.691512 -8.03521e-06
sel_devs_ats(22,5)     0.644243 -8.15908e-06
sel_devs_ats(22,6)      0.61992 -5.16108e-05
sel_devs_ats(22,7)     0.610483  2.31358e-05
sel_devs_ats(22,8)     0.615148  7.27632e-05
sel_devs_ats(23,2)     0.632394 -3.92415e-05
sel_devs_ats(23,3)     0.588221 -3.02926e-05
sel_devs_ats(23,4)     0.544262 -5.87613e-06
sel_devs_ats(23,5)     0.640283  -2.2642e-05
sel_devs_ats(23,6)     0.653626 -8.29061e-06
sel_devs_ats(23,7)     0.644654 -2.30624e-05
sel_devs_ats(23,8)     0.651704  0.000147503
sel_devs_ats(24,2)       0.6398 -0.000115721
sel_devs_ats(24,3)      0.60702 -4.62221e-05
sel_devs_ats(24,4)     0.576016  4.84126e-06
sel_devs_ats(24,5)     0.660731 -6.12798e-05
sel_devs_ats(24,6)     0.672174 -9.44347e-06
sel_devs_ats(24,7)     0.667399 -3.75954e-05
sel_devs_ats(24,8)     0.670329  2.85329e-05
sel_devs_ats(25,2)     0.659066  5.59388e-06
sel_devs_ats(25,3)     0.668792  8.21425e-06
sel_devs_ats(25,4)     0.695461  8.15329e-05
sel_devs_ats(25,5)     0.673222   5.1934e-05
sel_devs_ats(25,6)     0.680053 -4.65763e-06
sel_devs_ats(25,7)     0.679765  1.78428e-05
sel_devs_ats(25,8)     0.680573  8.06891e-05
sel_devs_ats(26,2)     0.669409    2.995e-05
sel_devs_ats(26,3)     0.686202 -8.06035e-06
sel_devs_ats(26,4)     0.715372  3.24583e-05
sel_devs_ats(26,5)     0.697581  -1.5307e-05
sel_devs_ats(26,6)      0.69833 -2.85766e-05
sel_devs_ats(26,7)     0.700002  3.28653e-05
sel_devs_ats(26,8)     0.699866  3.81384e-05
sel_devs_ats(27,2)     0.683368 -7.42402e-05
sel_devs_ats(27,3)     0.694137 -8.20785e-05
sel_devs_ats(27,4)     0.734141 -3.29538e-07
sel_devs_ats(27,5)     0.715482 -7.73988e-05
sel_devs_ats(27,6)     0.715973 -0.000165598
sel_devs_ats(27,7)     0.718087 -1.99108e-05
sel_devs_ats(27,8)     0.717123  0.000137505
sel_devs_ats(28,2)     0.684847  5.57561e-05
sel_devs_ats(28,3)     0.697881 -2.41954e-05
sel_devs_ats(28,4)     0.763352  6.09339e-05
sel_devs_ats(28,5)     0.726712 -3.40348e-05
sel_devs_ats(28,6)     0.730965 -1.88626e-05
sel_devs_ats(28,7)     0.733623  2.02965e-05
sel_devs_ats(28,8)     0.730625 -4.09291e-05
sel_devs_ats(29,2)     0.742436  6.43267e-05
sel_devs_ats(29,3)      0.73823 -1.82768e-07
sel_devs_ats(29,4)     0.672293  7.04055e-05
sel_devs_ats(29,5)     0.728551  2.69337e-06
sel_devs_ats(29,6)     0.751448  2.87065e-05
sel_devs_ats(29,7)     0.751632   0.00011419
sel_devs_ats(29,8)     0.741157  5.84524e-05
sel_devs_ats(30,2)     0.731872 -4.07076e-05
sel_devs_ats(30,3)     0.736609 -2.38931e-05
sel_devs_ats(30,4)     0.690032  -3.2008e-05
sel_devs_ats(30,5)     0.730051 -5.25842e-05
sel_devs_ats(30,6)     0.759308 -5.43444e-05
sel_devs_ats(30,7)     0.759083 -1.67946e-05
sel_devs_ats(30,8)     0.744552 -1.74168e-06
sel_coffs_fsh(1)     -4.09407  2.50885e-06
sel_coffs_fsh(2)     -2.16371 -6.74889e-07
sel_coffs_fsh(3)    -0.908244 -1.07045e-05
sel_coffs_fsh(4)     0.335733 -1.02338e-05
sel_coffs_fsh(5)     0.319796 -2.66718e-05
sel_coffs_fsh(6)     0.295779 -9.37758e-05
sel_coffs_fsh(7)     0.263323   0.00010889
sel_coffs_fsh(8)     0.231975  4.67875e-05
sel_coffs_fsh(9)     0.205151 -6.21306e-05
sel_coffs_fsh(10)     0.184419 -0.000137817
sel_coffs_fsh(11)       0.1684  0.000101539
sel_coffs_fsh(12)     0.156352  8.22044e-05
sel_coffs_ats(2)    -0.156532  9.96319e-06
sel_coffs_ats(3)    -0.158684 -1.49659e-05
sel_coffs_ats(4)    0.0199747  5.28508e-06
sel_coffs_ats(5)     0.143826 -1.59697e-06
sel_coffs_ats(6)     0.185405  6.95476e-07
sel_coffs_ats(7)     0.283634 -4.85972e-06
sel_coffs_ats(8)     0.415813 -2.26761e-05
sel_slp_bts     0.984986   1.4115e-05
sel_a50_bts      6.25088  2.57202e-05
sel_age_one_bts     -3.19771 -1.10215e-05
sel_slp_bts_dev(1982)    -0.688306  2.91619e-05
sel_slp_bts_dev(1983)    0.0454755  1.06353e-05
sel_slp_bts_dev(1984)   0.00390858   5.7386e-05
sel_slp_bts_dev(1985)    -0.411087 -5.68168e-06
sel_slp_bts_dev(1986)    -0.357528 -5.28764e-05
sel_slp_bts_dev(1987)    -0.466938  -1.3837e-05
sel_slp_bts_dev(1988)    -0.582043  2.31752e-06
sel_slp_bts_dev(1989)    -0.485292   3.0031e-05
sel_slp_bts_dev(1990)     0.325752  2.96963e-05
sel_slp_bts_dev(1991)     0.234823 -6.66425e-06
sel_slp_bts_dev(1992)     0.187991 -3.33429e-05
sel_slp_bts_dev(1993)     0.321435 -3.64368e-05
sel_slp_bts_dev(1994)     0.284042 -5.45001e-05
sel_slp_bts_dev(1995)     0.234048 -2.67212e-05
sel_slp_bts_dev(1996)    -0.133416 -1.90509e-05
sel_slp_bts_dev(1997)    -0.287021  8.91052e-06
sel_slp_bts_dev(1998)    -0.508535  3.29648e-05
sel_slp_bts_dev(1999)     -0.60369 -1.51731e-05
sel_slp_bts_dev(2000)     -0.33836  3.37837e-05
sel_slp_bts_dev(2001)    -0.478593  4.66978e-05
sel_slp_bts_dev(2002)   -0.0618836 -6.12591e-05
sel_slp_bts_dev(2003)     0.175329 -2.18231e-05
sel_slp_bts_dev(2004)    0.0823401 -5.40098e-05
sel_slp_bts_dev(2005)     0.206046  6.95719e-05
sel_slp_bts_dev(2006)   -0.0864963  4.56096e-05
sel_slp_bts_dev(2007)     0.334607 -3.42772e-05
sel_slp_bts_dev(2008)     0.548571  8.68332e-05
sel_slp_bts_dev(2009)     0.247303 -1.60631e-05
sel_slp_bts_dev(2010)     0.753758  -2.3378e-05
sel_slp_bts_dev(2011)     0.552042  5.01376e-06
sel_slp_bts_dev(2012)     0.206334  4.55464e-05
sel_slp_bts_dev(2013)     0.300203 -1.26312e-05
sel_slp_bts_dev(2014)     0.533649  -1.3032e-05
sel_slp_bts_dev(2015)     0.439266 -2.79673e-05
sel_slp_bts_dev(2016)       0.4354  5.50472e-05
sel_slp_bts_dev(2017)     0.257015  1.77236e-05
sel_slp_bts_dev(2018)    -0.335415  0.000112873
sel_slp_bts_dev(2019)   0.00542149  9.37827e-06
sel_slp_bts_dev(2020)    -0.111029  1.10138e-05
sel_slp_bts_dev(2021)    -0.194771  7.30555e-05
sel_slp_bts_dev(2022)   -0.0243684 -2.71811e-06
sel_slp_bts_dev(2023)    -0.331142  7.30781e-05
sel_slp_bts_dev(2024)    -0.228844   -4.293e-05
sel_a50_bts_dev(1982)   -0.0112218 -5.30506e-05
sel_a50_bts_dev(1983)    -0.154746 -6.73054e-05
sel_a50_bts_dev(1984)   -0.0311463 -4.26871e-05
sel_a50_bts_dev(1985)    0.0833161 -3.59321e-05
sel_a50_bts_dev(1986)     0.107794  5.54189e-06
sel_a50_bts_dev(1987)     0.071998  7.22584e-05
sel_a50_bts_dev(1988)   -0.0429711 -2.43768e-05
sel_a50_bts_dev(1989)   -0.0920725   6.1268e-05
sel_a50_bts_dev(1990)     -0.21312  -2.7791e-06
sel_a50_bts_dev(1991)    -0.137175 -0.000100834
sel_a50_bts_dev(1992)    -0.139014 -0.000112885
sel_a50_bts_dev(1993)    -0.170807 -0.000111742
sel_a50_bts_dev(1994)    -0.088774  0.000111107
sel_a50_bts_dev(1995)   0.00397616  0.000105112
sel_a50_bts_dev(1996)      0.18549  8.19449e-05
sel_a50_bts_dev(1997)      0.22295 -9.19477e-05
sel_a50_bts_dev(1998)     0.313404  9.18363e-05
sel_a50_bts_dev(1999)     0.277725 -3.25804e-05
sel_a50_bts_dev(2000)     0.143677  3.53967e-05
sel_a50_bts_dev(2001)     0.178307 -1.54684e-05
sel_a50_bts_dev(2002)    0.0547659  4.66619e-05
sel_a50_bts_dev(2003)   0.00566644  -9.3379e-05
sel_a50_bts_dev(2004)    0.0392969 -9.03358e-06
sel_a50_bts_dev(2005)   -0.0184452  0.000283577
sel_a50_bts_dev(2006)    0.0899085  3.47574e-05
sel_a50_bts_dev(2007)   -0.0862715 -2.96969e-05
sel_a50_bts_dev(2008)    -0.123031   4.9251e-05
sel_a50_bts_dev(2009)   -0.0334614  8.29294e-06
sel_a50_bts_dev(2010)     -0.21214 -7.28158e-05
sel_a50_bts_dev(2011)   -0.0950429  0.000175075
sel_a50_bts_dev(2012)   -0.0504855 -0.000120176
sel_a50_bts_dev(2013)   -0.0791629 -0.000144175
sel_a50_bts_dev(2014)    -0.163597  0.000119182
sel_a50_bts_dev(2015)    -0.210237 -2.61688e-05
sel_a50_bts_dev(2016)    -0.150471   6.7734e-05
sel_a50_bts_dev(2017)   -0.0719862  4.89688e-05
sel_a50_bts_dev(2018)     0.152449  6.79906e-05
sel_a50_bts_dev(2019)   -0.0211495  3.80702e-05
sel_a50_bts_dev(2020)    0.0566714 -5.18904e-05
sel_a50_bts_dev(2021)     0.126716  8.64035e-05
sel_a50_bts_dev(2022)    0.0432752 -8.16945e-05
sel_a50_bts_dev(2023)     0.196879  0.000329991
sel_a50_bts_dev(2024)    0.0422631  0.000205706
sel_age_one_bts_dev(1982)   -0.0335249 -3.78212e-05
sel_age_one_bts_dev(1983)   0.00772561 -0.000128432
sel_age_one_bts_dev(1984)    0.0374167 -2.41325e-05
sel_age_one_bts_dev(1985)    -0.216513  3.06392e-05
sel_age_one_bts_dev(1986)    -0.407026 -4.19325e-05
sel_age_one_bts_dev(1987)    -0.247696  4.33977e-05
sel_age_one_bts_dev(1988)    -0.300772  2.35316e-05
sel_age_one_bts_dev(1989)   -0.0572988  -4.0603e-05
sel_age_one_bts_dev(1990)     0.092108  3.63281e-05
sel_age_one_bts_dev(1991)    -0.167965  2.51251e-05
sel_age_one_bts_dev(1992)   -0.0291487  5.60205e-05
sel_age_one_bts_dev(1993)    0.0271572  8.60439e-05
sel_age_one_bts_dev(1994)    -0.093642 -4.43497e-05
sel_age_one_bts_dev(1995)    -0.118906 -4.16111e-05
sel_age_one_bts_dev(1996)     -0.10518  4.88542e-06
sel_age_one_bts_dev(1997)  -0.00687349  1.42111e-05
sel_age_one_bts_dev(1998)    0.0497612  -2.6682e-05
sel_age_one_bts_dev(1999)     0.101192  4.39682e-05
sel_age_one_bts_dev(2000)     0.182837 -4.05087e-05
sel_age_one_bts_dev(2001)    0.0665735  0.000120258
sel_age_one_bts_dev(2002)    0.0662033 -6.89065e-06
sel_age_one_bts_dev(2003)      0.21856 -2.12388e-05
sel_age_one_bts_dev(2004)    0.0398574  4.83432e-07
sel_age_one_bts_dev(2005)   -0.0366918  8.32559e-05
sel_age_one_bts_dev(2006)   -0.0384229 -0.000111026
sel_age_one_bts_dev(2007)   -0.0613069  1.95473e-06
sel_age_one_bts_dev(2008)     0.159655  8.34386e-05
sel_age_one_bts_dev(2009)     0.337542  2.15022e-05
sel_age_one_bts_dev(2010)     0.303939  2.05166e-05
sel_age_one_bts_dev(2011)    -0.100174 -6.25892e-05
sel_age_one_bts_dev(2012)    -0.085898  5.32215e-05
sel_age_one_bts_dev(2013)     0.178862  5.41372e-05
sel_age_one_bts_dev(2014)     0.139005 -0.000154865
sel_age_one_bts_dev(2015)    0.0319232  1.73482e-05
sel_age_one_bts_dev(2016)   -0.0763933 -4.92461e-06
sel_age_one_bts_dev(2017)   -0.0882289  -2.3488e-05
sel_age_one_bts_dev(2018)   -0.0422057  3.01441e-05
sel_age_one_bts_dev(2019)     0.236472 -5.67771e-05
sel_age_one_bts_dev(2020)     0.091363 -1.80866e-05
sel_age_one_bts_dev(2021)   -0.0537459  5.32054e-05
sel_age_one_bts_dev(2022)    0.0125265 -6.24082e-05
sel_age_one_bts_dev(2023)  -0.00789376  8.28474e-05
sel_age_one_bts_dev(2024)  -0.00517306  -9.3025e-05
rec_dev_future(2025)            0            0
rec_dev_future(2026)            0            0
rec_dev_future(2027)            0            0
rec_dev_future(2028)            0            0
rec_dev_future(2029)            0            0
L1      28.2781   0.00173019
L2      46.0963   0.00191171
log_K    -0.127712  -0.00177479
d_scale(1,3)     0.524271 -2.10874e-05
d_scale(1,4)     0.704796  1.36752e-05
d_scale(1,5)     0.765596   3.8457e-05
d_scale(1,6)     0.829606   7.0145e-06
d_scale(1,7)     0.869714  4.36173e-06
d_scale(1,8)     0.932864  2.79369e-05
d_scale(1,9)     0.978332  2.45629e-05
d_scale(1,10)     0.974084  8.32843e-06
d_scale(1,11)      0.99401 -4.17842e-05
d_scale(1,12)      0.93309  4.27979e-06
d_scale(1,13)     0.952799 -1.50559e-05
d_scale(1,14)     0.861008 -5.80721e-05
d_scale(1,15)       1.0025 -5.19776e-05
coh_eff(1955)            0            0
coh_eff(1956)            0            0
coh_eff(1957)            0            0
coh_eff(1958)            0            0
coh_eff(1959)            0            0
coh_eff(1960)            0            0
coh_eff(1961)            0            0
coh_eff(1962)            0            0
coh_eff(1963)            0            0
coh_eff(1964)            0            0
coh_eff(1965)            0            0
coh_eff(1966)            0            0
coh_eff(1967)            0            0
coh_eff(1968)            0            0
coh_eff(1969)            0            0
coh_eff(1970)            0            0
coh_eff(1971)    -0.195727  3.63034e-06
coh_eff(1972)     0.270194 -2.71898e-06
coh_eff(1973)    0.0178843 -5.85619e-06
coh_eff(1974)      0.50785 -2.56675e-06
coh_eff(1975)    -0.424941  6.03064e-05
coh_eff(1976)     0.557308 -2.14265e-05
coh_eff(1977)    -0.494052  2.84848e-06
coh_eff(1978)     0.447586  1.23412e-05
coh_eff(1979)    0.0390415    7.676e-05
coh_eff(1980)     -0.11612  7.98635e-06
coh_eff(1981)    -0.431925  6.72535e-05
coh_eff(1982)    -0.590149  2.31065e-05
coh_eff(1983)     0.549419  -2.0797e-05
coh_eff(1984)      0.64913  2.22813e-05
coh_eff(1985)      1.12421  8.32203e-05
coh_eff(1986)   -0.0507824 -1.58154e-05
coh_eff(1987)     0.605564  6.06413e-05
coh_eff(1988)   -0.0270272  2.67667e-05
coh_eff(1989)     -1.01445  5.20701e-05
coh_eff(1990)    -0.880883   1.1196e-05
coh_eff(1991)     -0.97245  2.62225e-05
coh_eff(1992)     0.848661  2.85918e-06
coh_eff(1993)      1.78563  4.80834e-07
coh_eff(1994)      0.49999 -0.000118322
coh_eff(1995)    -0.989847 -0.000203353
coh_eff(1996)   -0.0785236  3.26171e-05
coh_eff(1997)      0.96475  7.95122e-05
coh_eff(1998)      0.46444  6.89665e-05
coh_eff(1999)     0.393606 -6.64218e-05
coh_eff(2000)   -0.0710534 -2.05507e-05
coh_eff(2001)     0.382438 -0.000213469
coh_eff(2002)     0.875274  -8.1439e-05
coh_eff(2003)       1.4554  0.000178204
coh_eff(2004)     0.411144 -6.13786e-06
coh_eff(2005)    -0.804029  1.23441e-05
coh_eff(2006)      -1.1225  6.64312e-05
coh_eff(2007)    -0.453701 -6.40429e-05
coh_eff(2008)     -1.67132  7.36926e-05
coh_eff(2009)     -0.77524  4.17181e-05
coh_eff(2010)     -1.53855 -6.43711e-06
coh_eff(2011)     -2.03472  0.000157671
coh_eff(2012)     -1.88594  1.71638e-05
coh_eff(2013)     -1.15802 -0.000108663
coh_eff(2014)     0.720735  3.80454e-05
coh_eff(2015)     0.774458  6.67432e-05
coh_eff(2016)    0.0191162   0.00031017
coh_eff(2017)       0.3218 -4.12928e-05
coh_eff(2018)     0.564118 -1.32151e-05
coh_eff(2019)      1.40881  6.09256e-05
coh_eff(2020)     0.370853 -1.20293e-05
coh_eff(2021)     0.189007  0.000157339
coh_eff(2022)      1.11705  7.71356e-06
coh_eff(2023)      1.66502  1.92604e-05
coh_eff(2024)     0.353911  -3.5311e-06
coh_eff(2025)            0            0
coh_eff(2026)            0            0
yr_eff(1970)            0            0
yr_eff(1971)     0.182048 -4.79285e-06
yr_eff(1972)   -0.0368459 -3.62671e-06
yr_eff(1973)     0.255815   3.8048e-05
yr_eff(1974)     0.285239  2.59708e-05
yr_eff(1975)      1.41123  2.51764e-05
yr_eff(1976)     0.323891 -4.19724e-05
yr_eff(1977)      1.80156 -5.51067e-05
yr_eff(1978)     0.261992 -2.88693e-05
yr_eff(1979)     0.994121 -4.77393e-05
yr_eff(1980)      1.05416  9.90229e-05
yr_eff(1981)     0.686785  0.000124758
yr_eff(1982)   -0.0135151  9.16548e-05
yr_eff(1983)     0.710122  0.000149871
yr_eff(1984)    -0.714579 -8.47145e-06
yr_eff(1985)   -0.0426532  0.000101488
yr_eff(1986)     -1.56818  1.38351e-05
yr_eff(1987)    -0.750079  0.000118972
yr_eff(1988)     -1.17332  1.83448e-05
yr_eff(1989)    -0.904122  4.46025e-05
yr_eff(1990)     0.295509  6.25027e-05
yr_eff(1991)     0.031335  0.000169212
yr_eff(1992)    0.0445353  3.60575e-05
yr_eff(1993)     0.820972  4.69779e-05
yr_eff(1994)   -0.0655039  6.75768e-05
yr_eff(1995)    -0.492022  6.19797e-05
yr_eff(1996)    -0.720847  -8.1231e-05
yr_eff(1997)    -0.326736 -2.17839e-05
yr_eff(1998)    -0.623959  1.64677e-05
yr_eff(1999)     -0.44726  0.000115539
yr_eff(2000)    -0.347642  0.000106594
yr_eff(2001)     0.433007  0.000204469
yr_eff(2002)   -0.0962548  6.76261e-05
yr_eff(2003)    -0.206934  0.000144713
yr_eff(2004)    -0.437964   0.00013328
yr_eff(2005)    -0.880863  0.000119582
yr_eff(2006)    -0.255303  0.000212391
yr_eff(2007)     0.847882  0.000259469
yr_eff(2008)     0.262084  0.000123955
yr_eff(2009)       1.3247  0.000335176
yr_eff(2010)     0.497071  0.000194133
yr_eff(2011)     0.644254  0.000134824
yr_eff(2012)    0.0107439  0.000348372
yr_eff(2013)     0.428681  0.000422117
yr_eff(2014)     0.558671  0.000144669
yr_eff(2015)     -2.25876  4.71738e-05
yr_eff(2016)    -0.485373  6.92096e-05
yr_eff(2017)    -0.209312  0.000309344
yr_eff(2018)     -1.02216   0.00010654
yr_eff(2019)     0.652145  9.01466e-05
yr_eff(2020)     -1.76719  6.41302e-05
yr_eff(2021)     -1.55096  1.68427e-05
yr_eff(2022)    -0.242907   0.00011548
yr_eff(2023)     -3.43126  1.76634e-05
yr_eff(2024)     0.849623  -3.8602e-05
yr_eff(2025)            0            0
yr_eff(2026)            0            0
yr_eff(2027)            0            0
yr_eff(2028)            0            0
yr_eff(2029)            0            0
