ParName   Value   Gradient
log_avgrec       9.8015  4.29472e-05
log_avginit      3.96769  4.37302e-05
log_avg_F     -1.41466  4.15477e-05
log_q_ats    -0.553244  7.86801e-06
log_Rzero      10.0971  -1.0768e-07
log_q_cpue     0.121888  3.95122e-06
log_q_avo     -8.11105  1.55405e-06
log_initdevs(2)       4.2577  0.000188063
log_initdevs(3)      3.77761   0.00027317
log_initdevs(4)      2.26032  0.000136328
log_initdevs(5)      1.41937   6.5372e-05
log_initdevs(6)      2.11309  0.000167567
log_initdevs(7)      1.28952  8.14934e-05
log_initdevs(8)    -0.381072   1.4771e-05
log_initdevs(9)     -2.11565   6.6528e-06
log_initdevs(10)     -2.10839  2.31563e-05
log_initdevs(11)     -2.10336  4.07961e-06
log_initdevs(12)      -2.1001   5.3369e-06
log_initdevs(13)     -2.10138  4.04443e-06
log_initdevs(14)     -2.10278  4.98674e-06
log_initdevs(15)     -2.10496  4.03273e-06
log_rec_devs(1964)     -1.48053  2.06514e-05
log_rec_devs(1965)     0.167835 -2.40887e-05
log_rec_devs(1966)    -0.239439 -5.36866e-05
log_rec_devs(1967)     0.380687 -4.79224e-05
log_rec_devs(1968)     0.221511  5.31852e-05
log_rec_devs(1969)     0.411307  0.000115985
log_rec_devs(1970)     0.294722  8.80217e-05
log_rec_devs(1971)    -0.302971   5.9337e-06
log_rec_devs(1972)    -0.566401 -3.30675e-05
log_rec_devs(1973)     0.421637 -0.000228926
log_rec_devs(1974)    0.0720432 -0.000199066
log_rec_devs(1975)    -0.117386 -7.79399e-05
log_rec_devs(1976)    -0.414314  5.47317e-05
log_rec_devs(1977)    -0.378597  0.000113002
log_rec_devs(1978)     0.251143  0.000127938
log_rec_devs(1979)      1.15906   0.00022232
log_rec_devs(1980)     0.471629  7.59357e-05
log_rec_devs(1981)     0.659115   2.2047e-05
log_rec_devs(1982)   -0.0314738  1.67402e-05
log_rec_devs(1983)      1.05942 -2.13184e-05
log_rec_devs(1984)    -0.173942  -2.4834e-05
log_rec_devs(1985)     0.692907 -2.93028e-06
log_rec_devs(1986)    -0.314758  6.32882e-06
log_rec_devs(1987)     -0.87631  2.94472e-05
log_rec_devs(1988)     -1.23165   1.8727e-05
log_rec_devs(1989)    -0.457152  4.57479e-05
log_rec_devs(1990)     0.979284  6.88241e-05
log_rec_devs(1991)     0.257025  7.35107e-06
log_rec_devs(1992)    0.0453864  -1.3688e-05
log_rec_devs(1993)     0.772372 -1.75918e-05
log_rec_devs(1994)    -0.282502  4.37664e-05
log_rec_devs(1995)    -0.596426  5.05094e-06
log_rec_devs(1996)     0.176907  1.95046e-05
log_rec_devs(1997)     0.507992 -3.31702e-05
log_rec_devs(1998)    -0.195385  5.26031e-05
log_rec_devs(1999)    -0.116996 -2.56541e-05
log_rec_devs(2000)     0.308051 -1.60098e-05
log_rec_devs(2001)     0.629661  1.85931e-05
log_rec_devs(2002)       0.2289  1.51241e-06
log_rec_devs(2003)    -0.207514   2.1064e-07
log_rec_devs(2004)    -0.993395  2.58349e-05
log_rec_devs(2005)     -1.36038  3.57664e-05
log_rec_devs(2006)    -0.409012 -2.09787e-05
log_rec_devs(2007)     0.354606  1.34026e-05
log_rec_devs(2008)    -0.297615  4.47018e-06
log_rec_devs(2009)      1.01024  1.68721e-05
log_rec_devs(2010)      0.25544   -3.351e-05
log_rec_devs(2011)    -0.245192  1.73855e-05
log_rec_devs(2012)    -0.411964  3.06237e-06
log_rec_devs(2013)     0.859726 -2.95593e-05
log_rec_devs(2014)     0.958709 -7.43095e-07
log_rec_devs(2015)     0.072878 -4.77157e-06
log_rec_devs(2016)    -0.980766  4.73715e-06
log_rec_devs(2017)     -1.03973  1.14878e-05
log_rec_devs(2018)    -0.340857 -9.75615e-06
log_rec_devs(2019)      1.29616   0.00012388
log_rec_devs(2020)   -0.0526904  8.39128e-05
log_rec_devs(2021)    -0.710192  4.02328e-05
log_rec_devs(2022)    -0.599242  -9.7031e-06
log_rec_devs(2023)    -0.412248 -1.50043e-05
log_rec_devs(2024)     0.860671 -5.18352e-06
log_F_devs(1964)    -0.538436   0.00029249
log_F_devs(1965)    -0.593883   0.00017257
log_F_devs(1966)    -0.691209  0.000245036
log_F_devs(1967)    -0.122503  0.000259665
log_F_devs(1968)    -0.148349 -0.000147179
log_F_devs(1969)    -0.113283  -0.00029755
log_F_devs(1970)     0.243169 -0.000419844
log_F_devs(1971)     0.583333 -0.000160664
log_F_devs(1972)     0.686817  0.000249485
log_F_devs(1973)     0.822735  0.000591464
log_F_devs(1974)     0.897603  0.000448902
log_F_devs(1975)     0.694563  6.76601e-05
log_F_devs(1976)     0.581223 -0.000233091
log_F_devs(1977)     0.468267 -0.000706979
log_F_devs(1978)      0.57222 -0.000346865
log_F_devs(1979)     0.639629  4.10299e-05
log_F_devs(1980)     0.589601  0.000208208
log_F_devs(1981)     0.270797  -0.00011252
log_F_devs(1982)    -0.206213   0.00010877
log_F_devs(1983)    -0.421193  0.000150293
log_F_devs(1984)    -0.455663  0.000297135
log_F_devs(1985)    -0.458099  7.67066e-05
log_F_devs(1986)    -0.553139 -0.000166552
log_F_devs(1987)    -0.883728 -6.78871e-05
log_F_devs(1988)    -0.589863 -7.63407e-05
log_F_devs(1989)    -0.562866 -6.25452e-05
log_F_devs(1990)    -0.163605 -4.62655e-05
log_F_devs(1991)    0.0488907 -1.72377e-05
log_F_devs(1992)     0.360071  5.15803e-05
log_F_devs(1993)   -0.0424692  0.000118954
log_F_devs(1994)    -0.227761  0.000112616
log_F_devs(1995)     -0.18537 -0.000106482
log_F_devs(1996)    0.0262281 -6.00782e-05
log_F_devs(1997)     0.080845 -1.51304e-06
log_F_devs(1998)   -0.0892849 -1.32838e-05
log_F_devs(1999)    -0.355536 -5.72632e-05
log_F_devs(2000)     -0.29194 -5.60315e-05
log_F_devs(2001)    -0.203381  5.90718e-06
log_F_devs(2002)   -0.0650086 -3.00059e-05
log_F_devs(2003)   -0.0115077 -3.08826e-05
log_F_devs(2004)    -0.127898 -1.74602e-06
log_F_devs(2005)    -0.185042 -9.00717e-05
log_F_devs(2006)    0.0139276 -5.42576e-05
log_F_devs(2007)     0.074439 -6.00319e-06
log_F_devs(2008)     0.185565 -6.34044e-05
log_F_devs(2009)     0.156069  1.24195e-05
log_F_devs(2010)   -0.0490434 -2.09726e-06
log_F_devs(2011)     0.240413 -7.90659e-05
log_F_devs(2012)     0.219865 -0.000113494
log_F_devs(2013)     0.128014 -8.07911e-05
log_F_devs(2014)    0.0671624 -8.04468e-05
log_F_devs(2015)     0.154835  7.70894e-06
log_F_devs(2016)   -0.0938973 -1.70157e-05
log_F_devs(2017)   -0.0624463 -8.29286e-05
log_F_devs(2018)     -0.24706  1.08773e-05
log_F_devs(2019)    -0.116814  0.000103619
log_F_devs(2020)     0.176926  3.97337e-05
log_F_devs(2021)     0.162715 -0.000166147
log_F_devs(2022)    -0.139668 -3.86134e-05
log_F_devs(2023)     -0.10962 -0.000105332
log_F_devs(2024)   -0.0401424  0.000408479
sel_devs_fsh(1,1)     0.041647  6.84025e-06
sel_devs_fsh(1,2)    0.0819708  5.69429e-06
sel_devs_fsh(1,3)     0.184999 -7.35077e-05
sel_devs_fsh(1,4)   -0.0346872  6.31285e-05
sel_devs_fsh(1,5)   -0.0369775  1.95872e-05
sel_devs_fsh(1,6)   -0.0515706  8.85649e-05
sel_devs_fsh(1,7)   -0.0466072   8.0349e-05
sel_devs_fsh(1,8)   -0.0416249 -8.83113e-05
sel_devs_fsh(1,9)   -0.0338344  0.000110375
sel_devs_fsh(1,10)   -0.0261772  3.78613e-05
sel_devs_fsh(1,11)   -0.0203749 -0.000439555
sel_devs_fsh(1,12)   -0.0167616  0.000214439
sel_devs_fsh(2,1)    0.0489944 -2.16245e-05
sel_devs_fsh(2,2)    0.0978048  2.59286e-06
sel_devs_fsh(2,3)     0.230849 -5.22018e-05
sel_devs_fsh(2,4)   -0.0952748  2.40814e-05
sel_devs_fsh(2,5)   -0.0814796 -4.11827e-06
sel_devs_fsh(2,6)   -0.0664681  7.55114e-05
sel_devs_fsh(2,7)   -0.0502802  9.36108e-05
sel_devs_fsh(2,8)   -0.0344079 -9.71506e-05
sel_devs_fsh(2,9)   -0.0246704  0.000121257
sel_devs_fsh(2,10)   -0.0156965  5.99189e-05
sel_devs_fsh(2,11)  -0.00771018 -0.000412194
sel_devs_fsh(2,12)  -0.00165922  0.000236529
sel_devs_fsh(3,1)     0.120601 -8.80423e-06
sel_devs_fsh(3,2)     0.091976 -1.07095e-06
sel_devs_fsh(3,3)   0.00352194 -9.83575e-05
sel_devs_fsh(3,4)    -0.017708  2.65559e-05
sel_devs_fsh(3,5)   -0.0382708 -2.34311e-05
sel_devs_fsh(3,6)   -0.0448564  6.39167e-05
sel_devs_fsh(3,7)   -0.0434586  0.000101769
sel_devs_fsh(3,8)   -0.0341307 -9.58721e-05
sel_devs_fsh(3,9)   -0.0247702  0.000124418
sel_devs_fsh(3,10)   -0.0118007  5.56597e-05
sel_devs_fsh(3,11)  -0.00180638 -0.000391088
sel_devs_fsh(3,12)  0.000704236  0.000265334
sel_devs_fsh(4,1)     0.130622 -6.00429e-06
sel_devs_fsh(4,2)    0.0654377  8.88616e-06
sel_devs_fsh(4,3)     0.143026 -9.01444e-05
sel_devs_fsh(4,4)    -0.110611  4.37467e-05
sel_devs_fsh(4,5)    -0.104792 -3.85085e-05
sel_devs_fsh(4,6)   -0.0912891  5.70204e-05
sel_devs_fsh(4,7)   -0.0765826  0.000105501
sel_devs_fsh(4,8)   -0.0190983 -0.000106048
sel_devs_fsh(4,9)  -0.00244602  0.000155325
sel_devs_fsh(4,10)    0.0143697  5.18331e-05
sel_devs_fsh(4,11)    0.0220154 -0.000382831
sel_devs_fsh(4,12)    0.0293495  0.000226028
sel_devs_fsh(5,1)     0.190274  -6.7465e-06
sel_devs_fsh(5,2)     0.136876  1.73933e-06
sel_devs_fsh(5,3)   -0.0406785 -6.91061e-05
sel_devs_fsh(5,4)    -0.268352  5.70618e-05
sel_devs_fsh(5,5)    -0.128046 -7.65492e-07
sel_devs_fsh(5,6)    -0.112683  7.82405e-05
sel_devs_fsh(5,7)   -0.0468535  0.000103711
sel_devs_fsh(5,8)    0.0148631 -0.000134401
sel_devs_fsh(5,9)    0.0405562   0.00020598
sel_devs_fsh(5,10)    0.0586355  1.07846e-05
sel_devs_fsh(5,11)    0.0661365 -0.000413947
sel_devs_fsh(5,12)    0.0892723   0.00016356
sel_devs_fsh(6,1)    0.0143993  9.71393e-06
sel_devs_fsh(6,2)    0.0335543  1.17801e-05
sel_devs_fsh(6,3)   -0.0879532 -4.45506e-05
sel_devs_fsh(6,4)   -0.0593364  9.89066e-05
sel_devs_fsh(6,5)   -0.0117301  6.01132e-06
sel_devs_fsh(6,6)    -0.022517  0.000100439
sel_devs_fsh(6,7)    -0.054165  9.23729e-05
sel_devs_fsh(6,8)    0.0129389 -0.000181998
sel_devs_fsh(6,9)    0.0323241  0.000266205
sel_devs_fsh(6,10)    0.0394123 -2.02273e-05
sel_devs_fsh(6,11)    0.0440941 -0.000426081
sel_devs_fsh(6,12)    0.0589771  6.18729e-05
sel_devs_fsh(7,1)    -0.232591 -1.48148e-05
sel_devs_fsh(7,2)     0.205757   8.3736e-07
sel_devs_fsh(7,3)     0.116399  -1.7069e-05
sel_devs_fsh(7,4)    0.0731278  0.000101562
sel_devs_fsh(7,5)   -0.0260642   2.2909e-05
sel_devs_fsh(7,6)   -0.0136536  0.000136596
sel_devs_fsh(7,7)   -0.0209964  6.46337e-05
sel_devs_fsh(7,8)   -0.0334799 -0.000228122
sel_devs_fsh(7,9)  -0.00990411  0.000335754
sel_devs_fsh(7,10)   -0.0109665 -4.15642e-05
sel_devs_fsh(7,11)   -0.0189277  -0.00043814
sel_devs_fsh(7,12)   -0.0287037  2.90783e-05
sel_devs_fsh(8,1)    -0.257167 -1.62651e-05
sel_devs_fsh(8,2)     0.111419   2.0566e-05
sel_devs_fsh(8,3)    0.0776539 -5.28507e-05
sel_devs_fsh(8,4)    0.0518088  1.48493e-05
sel_devs_fsh(8,5)    0.0379188  6.76629e-05
sel_devs_fsh(8,6)    0.0523482  0.000167415
sel_devs_fsh(8,7)    0.0232449     3.37e-05
sel_devs_fsh(8,8)  -0.00203394 -0.000257636
sel_devs_fsh(8,9)   -0.0122822  0.000385218
sel_devs_fsh(8,10)   -0.0160206 -7.27184e-05
sel_devs_fsh(8,11)   -0.0263867 -0.000420592
sel_devs_fsh(8,12)   -0.0405055  8.96699e-05
sel_devs_fsh(9,1)    -0.212852 -1.43857e-05
sel_devs_fsh(9,2)     0.143552 -5.91614e-06
sel_devs_fsh(9,3)     0.182129 -5.89465e-05
sel_devs_fsh(9,4)    0.0468016 -4.28332e-05
sel_devs_fsh(9,5)    0.0163655  7.48112e-05
sel_devs_fsh(9,6)  0.000117128    0.0001562
sel_devs_fsh(9,7)  -0.00207384  -2.1406e-05
sel_devs_fsh(9,8)   -0.0314126 -0.000291136
sel_devs_fsh(9,9)   -0.0246691  0.000397485
sel_devs_fsh(9,10)   -0.0269086 -3.09078e-05
sel_devs_fsh(9,11)   -0.0359522 -0.000378709
sel_devs_fsh(9,12)   -0.0550984  0.000204229
sel_devs_fsh(10,1)    -0.194651 -1.29044e-05
sel_devs_fsh(10,2)    -0.172922 -2.90613e-05
sel_devs_fsh(10,3)     0.134867 -5.67781e-05
sel_devs_fsh(10,4)    0.0887228 -0.000128314
sel_devs_fsh(10,5)    0.0439362  9.83866e-05
sel_devs_fsh(10,6)    0.0364233  0.000130837
sel_devs_fsh(10,7)    0.0345488 -3.31293e-05
sel_devs_fsh(10,8)  -0.00711162 -0.000303407
sel_devs_fsh(10,9)   0.00342193  0.000380474
sel_devs_fsh(10,10)    0.0113878 -9.76931e-06
sel_devs_fsh(10,11)    0.0112075 -0.000340435
sel_devs_fsh(10,12)    0.0101672  0.000277596
sel_devs_fsh(11,1)    -0.194221  2.04285e-06
sel_devs_fsh(11,2)   -0.0674745 -2.88731e-05
sel_devs_fsh(11,3)   -0.0755757  -5.6291e-05
sel_devs_fsh(11,4)    0.0948185 -0.000152252
sel_devs_fsh(11,5)    0.0778085  0.000108537
sel_devs_fsh(11,6)    0.0647739   0.00014503
sel_devs_fsh(11,7)    0.0577865 -4.70362e-05
sel_devs_fsh(11,8)    0.0121547 -0.000276089
sel_devs_fsh(11,9)   0.00842784  0.000338422
sel_devs_fsh(11,10)   0.00836207  -5.1684e-05
sel_devs_fsh(11,11)   0.00789625 -0.000294969
sel_devs_fsh(11,12)   0.00524085  0.000282136
sel_devs_fsh(12,1)    -0.185849 -1.06536e-05
sel_devs_fsh(12,2)    0.0249799 -1.14603e-05
sel_devs_fsh(12,3)    -0.116284 -2.89039e-05
sel_devs_fsh(12,4)   -0.0390202 -0.000110884
sel_devs_fsh(12,5)    0.0607647  9.60826e-05
sel_devs_fsh(12,6)    0.0631503  0.000160954
sel_devs_fsh(12,7)    0.0612869 -3.47383e-05
sel_devs_fsh(12,8)    0.0306385 -0.000225945
sel_devs_fsh(12,9)     0.022271  0.000287655
sel_devs_fsh(12,10)    0.0243502 -4.32464e-05
sel_devs_fsh(12,11)    0.0267418 -0.000270061
sel_devs_fsh(12,12)    0.0269719   0.00022508
sel_devs_fsh(13,1)    -0.227874  -1.2087e-05
sel_devs_fsh(13,2)    -0.133588 -8.54782e-06
sel_devs_fsh(13,3)   -0.0286818  2.14741e-05
sel_devs_fsh(13,4)   -0.0177323 -6.60805e-05
sel_devs_fsh(13,5)    0.0472988  0.000129406
sel_devs_fsh(13,6)    0.0558568    0.0001475
sel_devs_fsh(13,7)     0.066481 -3.30543e-05
sel_devs_fsh(13,8)    0.0653172 -0.000169528
sel_devs_fsh(13,9)    0.0487441  0.000205206
sel_devs_fsh(13,10)    0.0406933 -1.50925e-05
sel_devs_fsh(13,11)    0.0420284 -0.000309151
sel_devs_fsh(13,12)    0.0414574  0.000121045
sel_devs_fsh(14,1)    -0.187236 -4.76107e-06
sel_devs_fsh(14,2)    -0.392688 -9.50771e-06
sel_devs_fsh(14,3)    -0.163982  4.04601e-05
sel_devs_fsh(14,4)   -0.0206435 -2.37781e-05
sel_devs_fsh(14,5)     0.105258  0.000151734
sel_devs_fsh(14,6)     0.136001  0.000169789
sel_devs_fsh(14,7)     0.121408 -4.59583e-05
sel_devs_fsh(14,8)      0.12101 -0.000129343
sel_devs_fsh(14,9)    0.0963942  0.000138742
sel_devs_fsh(14,10)    0.0653357  1.95426e-05
sel_devs_fsh(14,11)    0.0606183 -0.000333294
sel_devs_fsh(14,12)    0.0585272  7.44087e-05
sel_devs_fsh(15,1)    -0.199251  2.50438e-05
sel_devs_fsh(15,2)    -0.516821  3.83808e-06
sel_devs_fsh(15,3)    -0.284128  4.16034e-05
sel_devs_fsh(15,4)     0.087765  -4.2517e-05
sel_devs_fsh(15,5)     0.141436  0.000147216
sel_devs_fsh(15,6)      0.15622  0.000162312
sel_devs_fsh(15,7)     0.150528 -3.88808e-05
sel_devs_fsh(15,8)     0.137963 -0.000104781
sel_devs_fsh(15,9)    0.0955543  7.20593e-05
sel_devs_fsh(15,10)    0.0794534    4.498e-05
sel_devs_fsh(15,11)    0.0772818 -0.000346086
sel_devs_fsh(15,12)    0.0740034  0.000112704
sel_devs_fsh(16,1)    -0.160073 -3.23556e-05
sel_devs_fsh(16,2)    -0.278649 -1.36978e-05
sel_devs_fsh(16,3)    -0.311352  1.47375e-05
sel_devs_fsh(16,4)   -0.0210091 -6.32644e-05
sel_devs_fsh(16,5)     0.135273  0.000119988
sel_devs_fsh(16,6)    0.0947705  0.000154332
sel_devs_fsh(16,7)    0.0998784 -6.91083e-05
sel_devs_fsh(16,8)     0.100759 -9.40208e-05
sel_devs_fsh(16,9)    0.0925429   3.7103e-05
sel_devs_fsh(16,10)    0.0844849  4.73771e-05
sel_devs_fsh(16,11)    0.0811256 -0.000352675
sel_devs_fsh(16,12)    0.0822445  0.000170277
sel_devs_fsh(17,1)    -0.123096  9.27631e-06
sel_devs_fsh(17,2)   -0.0937616  -2.3839e-05
sel_devs_fsh(17,3)    -0.284482  2.73598e-05
sel_devs_fsh(17,4)   -0.0370651 -5.27322e-05
sel_devs_fsh(17,5)    0.0241851  0.000133072
sel_devs_fsh(17,6)    0.0585584  0.000161658
sel_devs_fsh(17,7)    0.0618439 -3.96987e-05
sel_devs_fsh(17,8)    0.0713082 -7.89588e-05
sel_devs_fsh(17,9)    0.0770494  2.72625e-05
sel_devs_fsh(17,10)    0.0790859  6.17184e-05
sel_devs_fsh(17,11)    0.0813306 -0.000364403
sel_devs_fsh(17,12)    0.0850446  0.000154774
sel_devs_fsh(18,1)    -0.141022  8.31475e-07
sel_devs_fsh(18,2)      0.10656 -2.32558e-05
sel_devs_fsh(18,3)   -0.0786342  1.50579e-05
sel_devs_fsh(18,4)    -0.150922 -6.00727e-05
sel_devs_fsh(18,5)   -0.0877439  0.000134382
sel_devs_fsh(18,6)    0.0346482   0.00013604
sel_devs_fsh(18,7)    0.0315259 -4.26056e-05
sel_devs_fsh(18,8)    0.0341194 -6.95973e-05
sel_devs_fsh(18,9)    0.0504235 -1.05832e-05
sel_devs_fsh(18,10)    0.0579386  7.69805e-05
sel_devs_fsh(18,11)    0.0659026 -0.000341992
sel_devs_fsh(18,12)    0.0772018  0.000151765
sel_devs_fsh(19,1)    -0.126956 -8.71073e-06
sel_devs_fsh(19,2)     -0.15395 -3.68083e-06
sel_devs_fsh(19,3)    0.0333871  2.39903e-05
sel_devs_fsh(19,4)   -0.0984354  -7.7182e-05
sel_devs_fsh(19,5)    0.0673854   0.00010212
sel_devs_fsh(19,6)    0.0315146  0.000126188
sel_devs_fsh(19,7)    0.0425956 -4.58942e-05
sel_devs_fsh(19,8)    0.0347518 -3.12881e-05
sel_devs_fsh(19,9)    0.0347487  -5.4564e-05
sel_devs_fsh(19,10)    0.0349244  8.08562e-05
sel_devs_fsh(19,11)    0.0461098 -0.000305903
sel_devs_fsh(19,12)     0.053923  0.000171165
sel_devs_fsh(20,1)    -0.142264 -1.89363e-05
sel_devs_fsh(20,2)     0.044618 -2.31475e-05
sel_devs_fsh(20,3)     0.106304  3.00078e-05
sel_devs_fsh(20,4)    -0.117327 -8.32413e-05
sel_devs_fsh(20,5)    -0.244779  9.98605e-05
sel_devs_fsh(20,6)    0.0966794  0.000112682
sel_devs_fsh(20,7)    0.0681638 -4.54552e-05
sel_devs_fsh(20,8)    0.0549024  3.39121e-05
sel_devs_fsh(20,9)    0.0304756 -0.000110456
sel_devs_fsh(20,10)    0.0293032  0.000108402
sel_devs_fsh(20,11)    0.0345322 -0.000294388
sel_devs_fsh(20,12)    0.0393932  0.000220859
sel_devs_fsh(21,1)    -0.150926 -6.75865e-06
sel_devs_fsh(21,2)   -0.0271813 -1.28722e-05
sel_devs_fsh(21,3)    0.0777186  1.23718e-05
sel_devs_fsh(21,4)        0.152 -9.87802e-05
sel_devs_fsh(21,5)   -0.0355904  8.63008e-05
sel_devs_fsh(21,6)   -0.0522017   9.2219e-05
sel_devs_fsh(21,7)     0.022843 -3.69198e-05
sel_devs_fsh(21,8)   -0.0258071  5.34781e-05
sel_devs_fsh(21,9)   0.00943895  -0.00013119
sel_devs_fsh(21,10)   0.00526778  0.000116201
sel_devs_fsh(21,11)   0.00601991 -0.000293952
sel_devs_fsh(21,12)    0.0184187  0.000223578
sel_devs_fsh(22,1)     -0.15456  7.64874e-06
sel_devs_fsh(22,2)   -0.0620223 -3.24582e-05
sel_devs_fsh(22,3)      0.12887  2.12864e-05
sel_devs_fsh(22,4)   -0.0711599 -7.41683e-05
sel_devs_fsh(22,5)    0.0212592  9.42035e-05
sel_devs_fsh(22,6)   -0.0537838  8.71292e-05
sel_devs_fsh(22,7)   -0.0995829  -5.1541e-06
sel_devs_fsh(22,8)     0.112352  4.52595e-05
sel_devs_fsh(22,9)    0.0840208 -0.000142619
sel_devs_fsh(22,10)    0.0586475  0.000103536
sel_devs_fsh(22,11)    0.0289554 -0.000284332
sel_devs_fsh(22,12)   0.00700705  0.000210777
sel_devs_fsh(23,1)     -0.18713  7.73879e-06
sel_devs_fsh(23,2)   -0.0951119 -1.87932e-05
sel_devs_fsh(23,3)     0.468824  5.85963e-06
sel_devs_fsh(23,4)    0.0555401 -9.10694e-05
sel_devs_fsh(23,5)     0.128381  9.29888e-05
sel_devs_fsh(23,6)   -0.0506673   8.3095e-05
sel_devs_fsh(23,7)     0.103547  3.98488e-06
sel_devs_fsh(23,8)   -0.0968151  3.10429e-05
sel_devs_fsh(23,9)   -0.0965353 -0.000108279
sel_devs_fsh(23,10)    -0.117946  0.000106756
sel_devs_fsh(23,11)   -0.0725819 -0.000289694
sel_devs_fsh(23,12)   -0.0395043  0.000186921
sel_devs_fsh(24,1)    -0.156857  1.77575e-06
sel_devs_fsh(24,2)   -0.0529031 -2.55371e-05
sel_devs_fsh(24,3)     -0.36637  2.87609e-05
sel_devs_fsh(24,4)     0.159653 -7.43897e-05
sel_devs_fsh(24,5)    0.0280942  8.96601e-05
sel_devs_fsh(24,6)      0.09354  9.73682e-05
sel_devs_fsh(24,7)      0.12036  2.10897e-06
sel_devs_fsh(24,8)     0.094202  2.28289e-05
sel_devs_fsh(24,9)    0.0219121 -0.000112208
sel_devs_fsh(24,10)    0.0631383  0.000105774
sel_devs_fsh(24,11)    0.0171542 -0.000284848
sel_devs_fsh(24,12)   -0.0219235  0.000165927
sel_devs_fsh(25,1)    -0.148831 -2.04554e-07
sel_devs_fsh(25,2)   -0.0182518  2.33771e-06
sel_devs_fsh(25,3)    -0.331956  6.05735e-06
sel_devs_fsh(25,4)    0.0499939 -8.97615e-05
sel_devs_fsh(25,5)     0.142775  0.000101773
sel_devs_fsh(25,6)    0.0688767  0.000104224
sel_devs_fsh(25,7)   -0.0283808  1.03576e-05
sel_devs_fsh(25,8)    0.0416627  3.15857e-05
sel_devs_fsh(25,9)    0.0532386 -0.000101193
sel_devs_fsh(25,10)    -0.011297  9.96256e-05
sel_devs_fsh(25,11)     0.119804 -0.000278795
sel_devs_fsh(25,12)    0.0623694  0.000157339
sel_devs_fsh(26,1)   -0.0813014 -2.38292e-05
sel_devs_fsh(26,2)    0.0274519  -3.4556e-05
sel_devs_fsh(26,3)    -0.336132  2.93365e-05
sel_devs_fsh(26,4)    -0.300519 -7.99518e-05
sel_devs_fsh(26,5)    -0.221966  8.49649e-05
sel_devs_fsh(26,6)     -0.13462  8.61825e-05
sel_devs_fsh(26,7)     0.116737  4.62041e-06
sel_devs_fsh(26,8)   -0.0265247  3.22097e-05
sel_devs_fsh(26,9)     0.174679 -0.000100812
sel_devs_fsh(26,10)     0.107946  9.08501e-05
sel_devs_fsh(26,11)     0.348501  -0.00026025
sel_devs_fsh(26,12)     0.325746  0.000132375
sel_devs_fsh(27,1)    -0.160685  1.58446e-06
sel_devs_fsh(27,2)   -0.0363576 -2.13858e-05
sel_devs_fsh(27,3)     0.521776  1.52958e-05
sel_devs_fsh(27,4)    -0.272584 -8.54692e-05
sel_devs_fsh(27,5)    -0.336854  8.53637e-05
sel_devs_fsh(27,6)   -0.0498668   9.3149e-05
sel_devs_fsh(27,7)   -0.0229922 -2.26982e-06
sel_devs_fsh(27,8)     0.214764  3.83069e-05
sel_devs_fsh(27,9)     0.095198 -9.88376e-05
sel_devs_fsh(27,10)     0.213946  9.75548e-05
sel_devs_fsh(27,11)     -0.11384 -0.000253553
sel_devs_fsh(27,12)   -0.0525041  0.000112897
sel_devs_fsh(28,1)     -0.15307 -8.86956e-06
sel_devs_fsh(28,2)    -0.497473 -3.32972e-05
sel_devs_fsh(28,3)    0.0242437  3.09605e-06
sel_devs_fsh(28,4)     0.807608 -7.22463e-05
sel_devs_fsh(28,5)    0.0114318  8.70786e-05
sel_devs_fsh(28,6)     0.019013  8.93913e-05
sel_devs_fsh(28,7)    0.0708771  5.71371e-06
sel_devs_fsh(28,8)   0.00493116  5.15677e-05
sel_devs_fsh(28,9)   -0.0299607 -9.53551e-05
sel_devs_fsh(28,10)   -0.0620925  0.000105132
sel_devs_fsh(28,11)    -0.130682 -0.000244771
sel_devs_fsh(28,12)   -0.0648254  0.000117627
sel_devs_fsh(29,1)   -0.0602185  3.53379e-05
sel_devs_fsh(29,2)   -0.0349178   -2.854e-05
sel_devs_fsh(29,3)    -0.788745 -7.21377e-06
sel_devs_fsh(29,4)    -0.257833 -0.000107983
sel_devs_fsh(29,5)     0.894085  7.87546e-05
sel_devs_fsh(29,6)     0.245151  8.36181e-05
sel_devs_fsh(29,7)    0.0249003 -5.44842e-06
sel_devs_fsh(29,8)   -0.0184817  3.91089e-05
sel_devs_fsh(29,9)   -0.0233996 -8.47967e-05
sel_devs_fsh(29,10)   0.00344921  0.000103541
sel_devs_fsh(29,11)    0.0377956 -0.000237118
sel_devs_fsh(29,12)   -0.0217847  0.000126697
sel_devs_fsh(30,1)   -0.0277621 -6.52027e-06
sel_devs_fsh(30,2)     0.129091 -2.40303e-05
sel_devs_fsh(30,3)    -0.350568  5.31628e-06
sel_devs_fsh(30,4)    -0.691951 -0.000102288
sel_devs_fsh(30,5)    -0.316773  5.94575e-05
sel_devs_fsh(30,6)     0.470514  7.05764e-05
sel_devs_fsh(30,7)     0.151977  1.33998e-05
sel_devs_fsh(30,8)     0.172525   4.7743e-05
sel_devs_fsh(30,9)     0.147009 -8.90959e-05
sel_devs_fsh(30,10)     0.133901  0.000114334
sel_devs_fsh(30,11)      0.10568 -0.000234513
sel_devs_fsh(30,12)     0.076357  0.000134942
sel_devs_fsh(31,1)   -0.0372337 -3.09296e-06
sel_devs_fsh(31,2)     0.459095 -1.35821e-05
sel_devs_fsh(31,3)     0.227247  1.72014e-05
sel_devs_fsh(31,4)    -0.852694  -9.6079e-05
sel_devs_fsh(31,5)    -0.754222  5.71418e-05
sel_devs_fsh(31,6)    -0.316729  8.24956e-05
sel_devs_fsh(31,7)     0.315635  2.27092e-05
sel_devs_fsh(31,8)     0.321969  4.05535e-05
sel_devs_fsh(31,9)     0.245148 -0.000104374
sel_devs_fsh(31,10)     0.175379  0.000102968
sel_devs_fsh(31,11)     0.121976 -0.000231303
sel_devs_fsh(31,12)    0.0944304   0.00014097
sel_devs_fsh(32,1)     -0.13614 -1.63699e-05
sel_devs_fsh(32,2)     0.293208 -2.18424e-05
sel_devs_fsh(32,3)     0.108098  1.81193e-05
sel_devs_fsh(32,4)     0.630633 -9.91077e-05
sel_devs_fsh(32,5)   -0.0503286  6.41704e-05
sel_devs_fsh(32,6)    -0.390685  8.14589e-05
sel_devs_fsh(32,7)    -0.369369  6.34263e-06
sel_devs_fsh(32,8)    -0.261139  5.32724e-05
sel_devs_fsh(32,9)    0.0154746 -8.55141e-05
sel_devs_fsh(32,10)    0.0492209  8.97192e-05
sel_devs_fsh(32,11)    0.0536482 -0.000211754
sel_devs_fsh(32,12)    0.0573805  0.000125241
sel_devs_fsh(33,1)    -0.105243 -2.14894e-06
sel_devs_fsh(33,2)    -0.407326 -2.75065e-05
sel_devs_fsh(33,3)     0.243507   6.5491e-06
sel_devs_fsh(33,4)     0.215843 -0.000100157
sel_devs_fsh(33,5)     0.186715  7.29037e-05
sel_devs_fsh(33,6)     0.230347  6.42622e-05
sel_devs_fsh(33,7)    -0.251865 -7.31773e-06
sel_devs_fsh(33,8)   -0.0182879  4.71362e-05
sel_devs_fsh(33,9)    -0.030187 -9.99564e-05
sel_devs_fsh(33,10)   -0.0178077  8.55307e-05
sel_devs_fsh(33,11)   -0.0242151 -0.000204339
sel_devs_fsh(33,12)   -0.0214826  0.000126605
sel_devs_fsh(34,1)    -0.157757    4.482e-06
sel_devs_fsh(34,2)    -0.368244 -1.94494e-05
sel_devs_fsh(34,3)     0.817924  1.08424e-05
sel_devs_fsh(34,4)     0.437716 -0.000107459
sel_devs_fsh(34,5)     0.143631  6.72411e-05
sel_devs_fsh(34,6)    -0.227187  7.35723e-05
sel_devs_fsh(34,7)     0.236664 -7.84036e-06
sel_devs_fsh(34,8)    -0.129461   6.1577e-05
sel_devs_fsh(34,9)     -0.26316 -9.17659e-05
sel_devs_fsh(34,10)    -0.225418  7.50667e-05
sel_devs_fsh(34,11)    -0.159878 -0.000188057
sel_devs_fsh(34,12)    -0.104832  0.000126189
sel_devs_fsh(35,1)   -0.0830691 -8.73885e-06
sel_devs_fsh(35,2)    -0.124966 -2.06084e-05
sel_devs_fsh(35,3)    -0.530246  2.58005e-05
sel_devs_fsh(35,4)     0.308184 -0.000102198
sel_devs_fsh(35,5)     0.415646  7.53875e-05
sel_devs_fsh(35,6)    0.0122719  6.44146e-05
sel_devs_fsh(35,7)   -0.0254287 -2.03737e-05
sel_devs_fsh(35,8)     0.220033   7.3452e-05
sel_devs_fsh(35,9)   0.00257715 -9.74257e-05
sel_devs_fsh(35,10)   -0.0619701  7.30127e-05
sel_devs_fsh(35,11)   -0.0608042 -0.000189075
sel_devs_fsh(35,12)   -0.0722283  0.000113088
sel_devs_fsh(36,1)   -0.0401703  3.51877e-05
sel_devs_fsh(36,2)    -0.172258 -2.33907e-05
sel_devs_fsh(36,3)    -0.410251  2.28929e-05
sel_devs_fsh(36,4)    -0.263935 -0.000102535
sel_devs_fsh(36,5)      0.28475  7.53402e-05
sel_devs_fsh(36,6)      0.62556  6.88909e-05
sel_devs_fsh(36,7)     0.129749 -2.38424e-05
sel_devs_fsh(36,8)    -0.120361  9.79286e-05
sel_devs_fsh(36,9)  -0.00595749 -0.000118572
sel_devs_fsh(36,10)   0.00226336  6.02086e-05
sel_devs_fsh(36,11)  0.000510328 -0.000182574
sel_devs_fsh(36,12)    -0.029898  0.000116966
sel_devs_fsh(37,1)   -0.0794862  9.40075e-06
sel_devs_fsh(37,2)     0.198247 -2.70011e-05
sel_devs_fsh(37,3)     0.104582  1.73691e-05
sel_devs_fsh(37,4)  -0.00284133   -0.0001043
sel_devs_fsh(37,5)    -0.238008  5.89362e-05
sel_devs_fsh(37,6)    0.0354927  6.65481e-05
sel_devs_fsh(37,7)    0.0596334 -1.80652e-05
sel_devs_fsh(37,8)    0.0569622  0.000106668
sel_devs_fsh(37,9)    0.0468748 -0.000113004
sel_devs_fsh(37,10)   -0.0203414  6.91563e-05
sel_devs_fsh(37,11)   -0.0835197 -0.000173665
sel_devs_fsh(37,12)   -0.0775954  0.000110032
sel_devs_fsh(38,1)   -0.0854691 -2.12751e-05
sel_devs_fsh(38,2)    -0.328171 -1.50357e-05
sel_devs_fsh(38,3)     0.715569  1.40392e-05
sel_devs_fsh(38,4)   -0.0312393 -9.54863e-05
sel_devs_fsh(38,5)    0.0574662  5.95576e-05
sel_devs_fsh(38,6)    -0.164939  6.72841e-05
sel_devs_fsh(38,7)     0.032486 -1.72458e-06
sel_devs_fsh(38,8)    0.0301562  9.19983e-05
sel_devs_fsh(38,9)  -0.00709571 -0.000114878
sel_devs_fsh(38,10)   -0.0307381  7.51986e-05
sel_devs_fsh(38,11)    -0.100739 -0.000170686
sel_devs_fsh(38,12)   -0.0872859   0.00010806
sel_devs_fsh(39,1)   -0.0353838 -3.65848e-06
sel_devs_fsh(39,2)    -0.149835 -1.18217e-05
sel_devs_fsh(39,3)    -0.676129 -1.18695e-06
sel_devs_fsh(39,4)     0.747608 -8.60715e-05
sel_devs_fsh(39,5)    0.0489548  4.76892e-05
sel_devs_fsh(39,6)    -0.101701  6.65776e-05
sel_devs_fsh(39,7)    0.0069443  8.96931e-06
sel_devs_fsh(39,8)    0.0290644  9.05223e-05
sel_devs_fsh(39,9)    0.0426103 -0.000121941
sel_devs_fsh(39,10)    0.0417386  7.60181e-05
sel_devs_fsh(39,11)    0.0551757 -0.000159341
sel_devs_fsh(39,12)  -0.00904778  9.59818e-05
sel_devs_fsh(40,1)   -0.0579228 -5.32318e-06
sel_devs_fsh(40,2)    0.0774016 -1.11532e-05
sel_devs_fsh(40,3)   -0.0300115  8.17592e-06
sel_devs_fsh(40,4)    -0.346974 -8.21571e-05
sel_devs_fsh(40,5)     0.439577  5.34635e-05
sel_devs_fsh(40,6)     0.260492  6.69071e-05
sel_devs_fsh(40,7)    -0.105084 -8.75995e-06
sel_devs_fsh(40,8)    -0.151095  8.59412e-05
sel_devs_fsh(40,9)   -0.0541167  -9.8363e-05
sel_devs_fsh(40,10)   0.00777241  7.42375e-05
sel_devs_fsh(40,11)   0.00396584 -0.000150626
sel_devs_fsh(40,12)   -0.0440032  8.90236e-05
sel_devs_fsh(41,1)   -0.0860279  1.08283e-05
sel_devs_fsh(41,2)    0.0974148 -4.31589e-06
sel_devs_fsh(41,3)     0.545369 -5.14644e-06
sel_devs_fsh(41,4)    -0.116032 -8.66765e-05
sel_devs_fsh(41,5)    -0.334328  5.31235e-05
sel_devs_fsh(41,6)    -0.052179   6.1264e-05
sel_devs_fsh(41,7)    -0.047525 -3.35197e-05
sel_devs_fsh(41,8)   -0.0156946  9.88682e-05
sel_devs_fsh(41,9)   -0.0618334 -0.000114965
sel_devs_fsh(41,10)   -0.0193672  7.44153e-05
sel_devs_fsh(41,11)     0.030506  -0.00015521
sel_devs_fsh(41,12)    0.0596959  7.67993e-05
sel_devs_fsh(42,1)   -0.0462867 -3.18924e-06
sel_devs_fsh(42,2)    0.0373503  -3.4286e-05
sel_devs_fsh(42,3)   -0.0386013  9.36479e-06
sel_devs_fsh(42,4)    0.0114598 -7.06093e-05
sel_devs_fsh(42,5)   -0.0727501  5.67061e-05
sel_devs_fsh(42,6)   -0.0175866   5.4909e-05
sel_devs_fsh(42,7)    0.0104171 -7.71677e-06
sel_devs_fsh(42,8)    -0.060102  9.73507e-05
sel_devs_fsh(42,9)   -0.0208851 -0.000102332
sel_devs_fsh(42,10)    0.0140486  6.78161e-05
sel_devs_fsh(42,11)    0.0667932 -0.000130658
sel_devs_fsh(42,12)     0.116143  7.37736e-05
sel_devs_fsh(43,1)   0.00336028 -1.55301e-05
sel_devs_fsh(43,2)   -0.0524614 -9.91001e-06
sel_devs_fsh(43,3)    -0.535698  6.70136e-06
sel_devs_fsh(43,4)    -0.114524 -6.48845e-05
sel_devs_fsh(43,5)   -0.0745132  3.80271e-05
sel_devs_fsh(43,6)    0.0216286  5.65323e-05
sel_devs_fsh(43,7)    0.0477861 -9.53235e-06
sel_devs_fsh(43,8)     0.118592  9.59642e-05
sel_devs_fsh(43,9)     0.138796 -0.000103764
sel_devs_fsh(43,10)    0.0760821  6.66549e-05
sel_devs_fsh(43,11)     0.169003 -0.000127783
sel_devs_fsh(43,12)     0.201948  7.35327e-05
sel_devs_fsh(44,1)   -0.0274364  2.30578e-05
sel_devs_fsh(44,2)    -0.321762 -1.29895e-05
sel_devs_fsh(44,3)     0.211372  1.48313e-06
sel_devs_fsh(44,4)    0.0290235 -6.77619e-05
sel_devs_fsh(44,5)    -0.134277  2.51175e-05
sel_devs_fsh(44,6)   -0.0881437   5.8387e-05
sel_devs_fsh(44,7)   -0.0599351 -1.56868e-05
sel_devs_fsh(44,8)   -0.0201433  8.08203e-05
sel_devs_fsh(44,9)  -0.00231316 -9.81707e-05
sel_devs_fsh(44,10)     0.147699  6.10276e-05
sel_devs_fsh(44,11)     0.146231 -0.000114268
sel_devs_fsh(44,12)     0.119685  5.46389e-05
sel_devs_fsh(45,1)    0.0103105 -2.11061e-05
sel_devs_fsh(45,2)    0.0968308 -7.14759e-06
sel_devs_fsh(45,3)    -0.576165 -5.86094e-06
sel_devs_fsh(45,4)     0.467684 -7.19064e-05
sel_devs_fsh(45,5)     0.160369   3.4133e-05
sel_devs_fsh(45,6)    -0.238699  6.68297e-05
sel_devs_fsh(45,7)   -0.0825488  1.48953e-05
sel_devs_fsh(45,8)    0.0637844  8.41848e-05
sel_devs_fsh(45,9)    0.0814585 -7.91593e-05
sel_devs_fsh(45,10)    0.0163028  6.10068e-05
sel_devs_fsh(45,11)   -0.0447294 -0.000102048
sel_devs_fsh(45,12)    0.0454038  5.28306e-05
sel_devs_fsh(46,1)    0.0138827 -6.89806e-06
sel_devs_fsh(46,2)   -0.0455757 -3.26077e-06
sel_devs_fsh(46,3)    0.0641133 -1.27563e-05
sel_devs_fsh(46,4)      -1.0349  -6.0165e-05
sel_devs_fsh(46,5)     0.449508  2.98887e-05
sel_devs_fsh(46,6)     0.356312  5.87248e-05
sel_devs_fsh(46,7)     0.147207  2.23777e-06
sel_devs_fsh(46,8)  -0.00260262  7.41387e-05
sel_devs_fsh(46,9)   -0.0165606 -7.45885e-05
sel_devs_fsh(46,10)    0.0759055  6.11102e-05
sel_devs_fsh(46,11)     0.041049 -0.000100886
sel_devs_fsh(46,12)   -0.0483395  4.10543e-05
sel_devs_fsh(47,1)   -0.0204986  2.42418e-05
sel_devs_fsh(47,2)     0.215723 -1.71614e-05
sel_devs_fsh(47,3)     0.184838  -3.7942e-07
sel_devs_fsh(47,4)     0.626875 -6.09976e-05
sel_devs_fsh(47,5)      -1.0459  3.30596e-05
sel_devs_fsh(47,6)  -0.00802155   5.0995e-05
sel_devs_fsh(47,7)    0.0150334 -6.84007e-06
sel_devs_fsh(47,8)    0.0405013  7.03807e-05
sel_devs_fsh(47,9)    0.0166822  -8.5183e-05
sel_devs_fsh(47,10)   -0.0791145  6.92817e-05
sel_devs_fsh(47,11)  0.000371992 -0.000114767
sel_devs_fsh(47,12)    0.0535137  3.94555e-05
sel_devs_fsh(48,1)    0.0108183 -4.92607e-06
sel_devs_fsh(48,2)    -0.183409 -8.19586e-06
sel_devs_fsh(48,3)    0.0413496  2.43132e-07
sel_devs_fsh(48,4)    -0.123459 -6.84566e-05
sel_devs_fsh(48,5)     0.529579  3.35654e-05
sel_devs_fsh(48,6)    -0.556365  7.07513e-05
sel_devs_fsh(48,7)    -0.151174 -2.23887e-05
sel_devs_fsh(48,8)     0.066657  6.41515e-05
sel_devs_fsh(48,9)      0.10698 -8.49024e-05
sel_devs_fsh(48,10)     0.117893  4.93391e-05
sel_devs_fsh(48,11)    0.0762508 -0.000108424
sel_devs_fsh(48,12)    0.0648751  9.93619e-06
sel_devs_fsh(49,1)   -0.0157443 -8.13154e-06
sel_devs_fsh(49,2)     0.172689  1.19614e-06
sel_devs_fsh(49,3)   -0.0183576  1.10331e-05
sel_devs_fsh(49,4)    -0.138747 -4.13679e-05
sel_devs_fsh(49,5)    -0.110912  3.15375e-05
sel_devs_fsh(49,6)     0.287439  6.65287e-05
sel_devs_fsh(49,7)     0.174589  -2.5494e-05
sel_devs_fsh(49,8)    -0.129295  7.01445e-05
sel_devs_fsh(49,9)    -0.133742 -6.71094e-05
sel_devs_fsh(49,10)    -0.027732  6.81097e-05
sel_devs_fsh(49,11)    -0.032084 -0.000106185
sel_devs_fsh(49,12)   -0.0281022  5.12254e-06
sel_devs_fsh(50,1)   -0.0118804  -1.9468e-05
sel_devs_fsh(50,2)    -0.497276  2.87123e-06
sel_devs_fsh(50,3)      1.10119  1.37351e-05
sel_devs_fsh(50,4)     0.201495 -3.47986e-05
sel_devs_fsh(50,5)    -0.181431  4.10857e-05
sel_devs_fsh(50,6)    -0.108531  6.24603e-05
sel_devs_fsh(50,7)    -0.153686 -1.24772e-05
sel_devs_fsh(50,8)    -0.104363  6.43581e-05
sel_devs_fsh(50,9)    -0.124857 -7.16289e-05
sel_devs_fsh(50,10)   -0.0513501  6.17382e-05
sel_devs_fsh(50,11)   -0.0366385  -0.00010659
sel_devs_fsh(50,12)   -0.0326743 -8.71303e-06
sel_devs_fsh(51,1)    0.0816968  1.49304e-06
sel_devs_fsh(51,2)   -0.0988761  2.48145e-06
sel_devs_fsh(51,3)     -1.46477 -8.02561e-06
sel_devs_fsh(51,4)      1.05328 -3.62134e-05
sel_devs_fsh(51,5)     0.291067  3.60609e-05
sel_devs_fsh(51,6)   0.00163055   6.2595e-05
sel_devs_fsh(51,7)    -0.100531 -4.03576e-06
sel_devs_fsh(51,8)      0.21371  5.35869e-05
sel_devs_fsh(51,9)     0.134547 -6.35597e-05
sel_devs_fsh(51,10)    -0.056913  6.58816e-05
sel_devs_fsh(51,11)   -0.0226701 -9.95784e-05
sel_devs_fsh(51,12)   -0.0321727 -5.84851e-06
sel_devs_fsh(52,1)    0.0648245 -2.37416e-06
sel_devs_fsh(52,2)     0.151348  4.02243e-06
sel_devs_fsh(52,3)    -0.283095 -9.20979e-06
sel_devs_fsh(52,4)     -1.11475 -2.60745e-05
sel_devs_fsh(52,5)     0.596218  3.25002e-05
sel_devs_fsh(52,6)     0.344298  5.60392e-05
sel_devs_fsh(52,7)     0.200809  -1.3768e-05
sel_devs_fsh(52,8)   -0.0800981  5.05089e-05
sel_devs_fsh(52,9)    0.0891209 -4.67255e-05
sel_devs_fsh(52,10)    0.0634213  5.85167e-05
sel_devs_fsh(52,11)   -0.0133906 -9.96622e-05
sel_devs_fsh(52,12)   -0.0187085 -5.37814e-06
sel_devs_fsh(53,1)    0.0375472 -1.58648e-05
sel_devs_fsh(53,2)     0.196679 -9.09261e-06
sel_devs_fsh(53,3)    0.0858843 -3.09456e-06
sel_devs_fsh(53,4)    -0.538561 -1.07595e-05
sel_devs_fsh(53,5)     0.047333  4.37292e-05
sel_devs_fsh(53,6)     0.205615  6.74969e-05
sel_devs_fsh(53,7)     0.117943 -1.86986e-05
sel_devs_fsh(53,8)    0.0896442  5.36091e-05
sel_devs_fsh(53,9)   -0.0476254 -4.49704e-05
sel_devs_fsh(53,10)   -0.0745994  5.96652e-05
sel_devs_fsh(53,11)   -0.0635873 -9.19558e-05
sel_devs_fsh(53,12)   -0.0562703 -1.10453e-05
sel_devs_fsh(54,1)    0.0957261 -4.27049e-06
sel_devs_fsh(54,2)     0.768042  1.83872e-06
sel_devs_fsh(54,3)     0.170416 -8.82577e-06
sel_devs_fsh(54,4)    -0.597138 -1.34835e-06
sel_devs_fsh(54,5)     -1.35956  1.22845e-05
sel_devs_fsh(54,6)    0.0680759  6.20315e-05
sel_devs_fsh(54,7)     0.475932 -4.41175e-06
sel_devs_fsh(54,8)     0.275481  4.61755e-05
sel_devs_fsh(54,9)     0.163462 -3.99718e-05
sel_devs_fsh(54,10)     0.139358  4.64292e-05
sel_devs_fsh(54,11)   -0.0726311 -7.89319e-05
sel_devs_fsh(54,12)    -0.127163 -2.45165e-05
sel_devs_fsh(55,1)     0.139018 -2.53194e-06
sel_devs_fsh(55,2)     0.939517   6.8125e-06
sel_devs_fsh(55,3)     0.627196 -8.72566e-06
sel_devs_fsh(55,4)     0.762191 -6.49829e-06
sel_devs_fsh(55,5)     0.254618  8.92208e-06
sel_devs_fsh(55,6)    -0.535462  5.34859e-05
sel_devs_fsh(55,7)    -0.653408  1.43144e-05
sel_devs_fsh(55,8)    -0.579066  2.72484e-05
sel_devs_fsh(55,9)    -0.349277 -4.67959e-05
sel_devs_fsh(55,10)    -0.290709  3.91383e-05
sel_devs_fsh(55,11)    -0.133167 -6.24694e-05
sel_devs_fsh(55,12)    -0.181451 -2.47012e-05
sel_devs_fsh(56,1)   -0.0285381  6.19612e-06
sel_devs_fsh(56,2)     0.388446 -1.41983e-06
sel_devs_fsh(56,3)     0.859965 -3.71328e-06
sel_devs_fsh(56,4)    -0.204028 -1.08439e-05
sel_devs_fsh(56,5)   -0.0828963  1.48717e-05
sel_devs_fsh(56,6)    -0.519623  6.00763e-05
sel_devs_fsh(56,7)    -0.162171 -2.58032e-06
sel_devs_fsh(56,8)     0.101836   2.5963e-05
sel_devs_fsh(56,9)   -0.0774054 -4.68616e-05
sel_devs_fsh(56,10)    -0.101481  4.23602e-05
sel_devs_fsh(56,11)   -0.0988509 -5.56914e-05
sel_devs_fsh(56,12)   -0.0752542 -2.36947e-05
sel_devs_fsh(57,1)  0.000947752 -3.14506e-05
sel_devs_fsh(57,2)     0.168218 -1.05041e-05
sel_devs_fsh(57,3)    -0.343631  2.15116e-05
sel_devs_fsh(57,4)     0.567297 -1.18208e-05
sel_devs_fsh(57,5)    0.0733855  9.85011e-06
sel_devs_fsh(57,6)    0.0121289  5.73043e-05
sel_devs_fsh(57,7)     -0.14515 -9.67894e-06
sel_devs_fsh(57,8)   -0.0501488  3.17919e-05
sel_devs_fsh(57,9)   -0.0863224 -3.24287e-05
sel_devs_fsh(57,10)    -0.130523  2.53699e-05
sel_devs_fsh(57,11)   -0.0538969 -3.99498e-05
sel_devs_fsh(57,12)   -0.0123062 -4.57116e-05
sel_devs_fsh(58,1)    0.0297107  5.63264e-06
sel_devs_fsh(58,2)    -0.412545 -5.63796e-06
sel_devs_fsh(58,3)    -0.050021  9.27968e-06
sel_devs_fsh(58,4)   -0.0409097  1.18736e-05
sel_devs_fsh(58,5)     0.553398  1.01528e-05
sel_devs_fsh(58,6)     0.256727  6.26552e-05
sel_devs_fsh(58,7)    -0.253738 -1.07135e-05
sel_devs_fsh(58,8)    -0.156239  3.26736e-05
sel_devs_fsh(58,9)   -0.0133932 -2.82128e-05
sel_devs_fsh(58,10)    0.0381478   3.5812e-05
sel_devs_fsh(58,11)    0.0168938 -4.63137e-05
sel_devs_fsh(58,12)    0.0319697 -5.06243e-05
sel_devs_fsh(59,1)  5.41174e-05 -1.09122e-06
sel_devs_fsh(59,2)    0.0155083 -1.02649e-06
sel_devs_fsh(59,3)    0.0785302   3.0155e-06
sel_devs_fsh(59,4)     0.313019   7.4286e-06
sel_devs_fsh(59,5)   -0.0979284  1.36306e-05
sel_devs_fsh(59,6)    -0.115163  6.67088e-05
sel_devs_fsh(59,7)   -0.0168681 -2.06994e-06
sel_devs_fsh(59,8)    -0.092183  1.11832e-05
sel_devs_fsh(59,9)    -0.082636 -2.10062e-05
sel_devs_fsh(59,10)   -0.0308065   1.8664e-05
sel_devs_fsh(59,11)  -0.00338043 -3.70107e-05
sel_devs_fsh(59,12)    0.0318528 -6.79969e-05
sel_coffs_fsh(1)     -4.08318 -1.43058e-06
sel_coffs_fsh(2)     -2.15528  2.50051e-06
sel_coffs_fsh(3)    -0.902475 -5.80045e-06
sel_coffs_fsh(4)     0.336741  1.05316e-05
sel_coffs_fsh(5)     0.320463  2.51078e-06
sel_coffs_fsh(6)     0.296073  1.91613e-05
sel_coffs_fsh(7)     0.263239  1.32944e-05
sel_coffs_fsh(8)      0.23153 -1.42694e-05
sel_coffs_fsh(9)     0.204373  3.43739e-06
sel_coffs_fsh(10)     0.183349  1.35498e-05
sel_coffs_fsh(11)     0.167087 -6.17385e-05
sel_coffs_fsh(12)     0.154854  1.87968e-05
sel_coffs_ats(2)     -0.37149 -3.32345e-06
sel_coffs_ats(3)    -0.249842  -6.7003e-06
sel_coffs_ats(4)   -0.0405724  9.95825e-06
sel_coffs_ats(5)    0.0349896 -1.96119e-06
sel_coffs_ats(6)     0.132914  5.48178e-06
sel_coffs_ats(7)      0.22947  6.90962e-07
sel_coffs_ats(8)     0.275746 -4.31017e-06
sel_slp_bts       1.0075 -1.65099e-06
sel_a50_bts      6.24887   4.3101e-06
sel_age_one_bts     -3.11061 -1.08715e-06
sel_age_one_bts_dev(1982)     0.218082 -2.03654e-05
sel_age_one_bts_dev(1983)     0.195856  1.19771e-05
sel_age_one_bts_dev(1984)     0.258786  2.79408e-07
sel_age_one_bts_dev(1985)    -0.151785 -6.32778e-06
sel_age_one_bts_dev(1986)    -0.453556 -4.06741e-06
sel_age_one_bts_dev(1987)    0.0114794 -8.25784e-06
sel_age_one_bts_dev(1988)    -0.413204 -5.84162e-06
sel_age_one_bts_dev(1989)    0.0833568  -6.7793e-06
sel_age_one_bts_dev(1990)     0.269884 -2.08376e-06
sel_age_one_bts_dev(1991)    -0.221023 -1.84558e-06
sel_age_one_bts_dev(1992)    0.0161115  3.68164e-06
sel_age_one_bts_dev(1993)     0.140959  2.96354e-06
sel_age_one_bts_dev(1994)   -0.0621007 -8.20685e-06
sel_age_one_bts_dev(1995)    -0.148781 -3.80804e-06
sel_age_one_bts_dev(1996)    -0.259683 -3.17964e-05
sel_age_one_bts_dev(1997)    -0.111089 -8.38375e-06
sel_age_one_bts_dev(1998)   -0.0544243 -7.55741e-06
sel_age_one_bts_dev(1999)    0.0579735 -4.74637e-06
sel_age_one_bts_dev(2000)     0.225636  1.04646e-06
sel_age_one_bts_dev(2001)    0.0570781  2.92336e-05
sel_age_one_bts_dev(2002)    0.0653718  1.07554e-05
sel_age_one_bts_dev(2003)     0.294598 -5.84531e-06
sel_age_one_bts_dev(2004)    0.0173034 -1.99306e-05
sel_age_one_bts_dev(2005)   -0.0155639 -5.44976e-07
sel_age_one_bts_dev(2006)   -0.0645289  5.45601e-05
sel_age_one_bts_dev(2007)   0.00844629 -1.16514e-06
sel_age_one_bts_dev(2008)     0.208704 -8.22154e-06
sel_age_one_bts_dev(2009)     0.345076  6.64167e-06
sel_age_one_bts_dev(2010)     0.427983 -1.70235e-06
sel_age_one_bts_dev(2011)    -0.149902 -7.23467e-06
sel_age_one_bts_dev(2012)    -0.102114 -2.80666e-06
sel_age_one_bts_dev(2013)     0.274931 -5.67168e-06
sel_age_one_bts_dev(2014)     0.230685 -5.02725e-06
sel_age_one_bts_dev(2015)     0.119688  1.70966e-05
sel_age_one_bts_dev(2016)   -0.0722856 -7.11773e-06
sel_age_one_bts_dev(2017)    -0.108644  6.05142e-06
sel_age_one_bts_dev(2018)    -0.225287 -4.27526e-06
sel_age_one_bts_dev(2019)     0.262395 -5.73382e-07
sel_age_one_bts_dev(2020)     -1.23625 -1.18513e-06
sel_age_one_bts_dev(2021)    -0.136505 -6.19039e-07
sel_age_one_bts_dev(2022)    0.0511428  9.45525e-06
sel_age_one_bts_dev(2023)     -0.16421  9.30488e-06
sel_age_one_bts_dev(2024)     0.309417  6.59923e-06
L1      28.2771 -2.30533e-05
L2      46.1029  4.22488e-05
log_K    -0.127657  -4.4779e-05
d_scale(1,3)       0.5236  1.62958e-06
d_scale(1,4)     0.704441  2.32535e-06
d_scale(1,5)     0.765531  -2.6166e-06
d_scale(1,6)     0.829738  6.87383e-07
d_scale(1,7)     0.870009  3.03275e-06
d_scale(1,8)      0.93339  3.51858e-06
d_scale(1,9)     0.978959 -4.24981e-09
d_scale(1,10)     0.974786  1.29917e-06
d_scale(1,11)     0.995057  3.00786e-06
d_scale(1,12)     0.934379  1.55899e-10
d_scale(1,13)     0.954279 -3.62756e-06
d_scale(1,14)     0.863685 -2.64604e-06
d_scale(1,15)      1.00357 -1.53589e-06
coh_eff(1955)            0            0
coh_eff(1956)            0            0
coh_eff(1957)            0            0
coh_eff(1958)            0            0
coh_eff(1959)            0            0
coh_eff(1960)            0            0
coh_eff(1961)            0            0
coh_eff(1962)            0            0
coh_eff(1963)            0            0
coh_eff(1964)            0            0
coh_eff(1965)            0            0
coh_eff(1966)            0            0
coh_eff(1967)            0            0
coh_eff(1968)            0            0
coh_eff(1969)            0            0
coh_eff(1970)            0            0
coh_eff(1971)    -0.174323  3.13253e-06
coh_eff(1972)      0.30642 -8.72206e-06
coh_eff(1973)    0.0390724 -4.40928e-07
coh_eff(1974)     0.531742 -3.99343e-06
coh_eff(1975)    -0.412214 -1.82217e-06
coh_eff(1976)     0.532175 -7.95104e-08
coh_eff(1977)    -0.453931 -1.38604e-08
coh_eff(1978)     0.450573  3.10026e-06
coh_eff(1979)    0.0472291  2.98234e-06
coh_eff(1980)   -0.0884759  4.74497e-07
coh_eff(1981)    -0.393548  1.12548e-05
coh_eff(1982)    -0.577961 -1.08414e-06
coh_eff(1983)     0.581888  2.95943e-06
coh_eff(1984)     0.662105 -5.40311e-07
coh_eff(1985)      1.15135  2.08334e-06
coh_eff(1986)   -0.0378492 -4.95241e-06
coh_eff(1987)     0.619849  4.01296e-06
coh_eff(1988)   -0.0222035  6.53944e-06
coh_eff(1989)     -1.01852 -6.74661e-06
coh_eff(1990)    -0.872082 -5.62525e-06
coh_eff(1991)    -0.963217 -1.91829e-06
coh_eff(1992)     0.852762  9.64058e-06
coh_eff(1993)      1.78828 -2.79459e-06
coh_eff(1994)      0.50675 -8.67225e-06
coh_eff(1995)    -0.980142  1.40787e-05
coh_eff(1996)   -0.0701878 -2.47338e-06
coh_eff(1997)     0.969765  8.96615e-06
coh_eff(1998)     0.468247  1.56395e-06
coh_eff(1999)     0.395471 -5.39511e-06
coh_eff(2000)   -0.0684585 -8.01392e-06
coh_eff(2001)      0.38565  2.51392e-05
coh_eff(2002)     0.878651 -1.38793e-05
coh_eff(2003)      1.45759  3.83919e-06
coh_eff(2004)     0.414359  9.53641e-06
coh_eff(2005)    -0.801252   -9.703e-06
coh_eff(2006)     -1.12025 -1.54947e-05
coh_eff(2007)    -0.451529  7.38916e-06
coh_eff(2008)     -1.66794 -3.74446e-06
coh_eff(2009)    -0.772619 -1.74386e-05
coh_eff(2010)     -1.53472  7.90028e-06
coh_eff(2011)     -2.03099 -1.13724e-05
coh_eff(2012)     -1.88351 -6.54497e-06
coh_eff(2013)     -1.15567 -9.36177e-06
coh_eff(2014)     0.725716   2.9518e-06
coh_eff(2015)     0.775548  1.18341e-06
coh_eff(2016)    0.0220587 -5.17139e-06
coh_eff(2017)     0.326546  -2.0224e-06
coh_eff(2018)     0.567605  5.60195e-06
coh_eff(2019)      1.41456 -3.76519e-06
coh_eff(2020)     0.374874   6.3699e-06
coh_eff(2021)     0.189904   -2.639e-05
coh_eff(2022)      1.11949  7.37785e-06
coh_eff(2023)      1.66812  5.05983e-06
coh_eff(2024)     0.354273 -5.06232e-06
coh_eff(2025)            0            0
coh_eff(2026)            0            0
yr_eff(1970)            0            0
yr_eff(1971)      0.17355 -2.93384e-05
yr_eff(1972)  -0.00300646  1.37066e-05
yr_eff(1973)      0.30849  -1.1529e-05
yr_eff(1974)     0.365071  3.19575e-06
yr_eff(1975)       1.5963 -1.24559e-06
yr_eff(1976)     0.449983  1.43008e-06
yr_eff(1977)      2.08953  1.08335e-06
yr_eff(1978)     0.408935 -1.46434e-06
yr_eff(1979)      1.21191 -1.82539e-06
yr_eff(1980)      1.29396 -7.28873e-06
yr_eff(1981)     0.913715  3.64489e-06
yr_eff(1982)     0.186395   1.0922e-05
yr_eff(1983)     0.946769   6.9305e-06
yr_eff(1984)    -0.522567  8.49458e-06
yr_eff(1985)      0.19448  5.88622e-06
yr_eff(1986)     -1.38398  1.92552e-06
yr_eff(1987)    -0.523554 -1.33507e-08
yr_eff(1988)    -0.965512  1.07321e-06
yr_eff(1989)    -0.691759  4.89325e-06
yr_eff(1990)     0.532205  3.77169e-06
yr_eff(1991)     0.254749  1.64795e-06
yr_eff(1992)     0.266519  3.68783e-06
yr_eff(1993)      1.04645  2.47962e-05
yr_eff(1994)     0.161365  1.08955e-05
yr_eff(1995)    -0.266973 -1.30036e-06
yr_eff(1996)    -0.495524  1.29701e-05
yr_eff(1997)    -0.103362 -1.74828e-06
yr_eff(1998)    -0.399312  1.57043e-05
yr_eff(1999)    -0.222823  9.72135e-06
yr_eff(2000)    -0.121403  2.55316e-06
yr_eff(2001)     0.660468 -2.84156e-06
yr_eff(2002)     0.129535  1.62187e-05
yr_eff(2003)    0.0186953   6.5459e-06
yr_eff(2004)    -0.211623 -6.11146e-06
yr_eff(2005)    -0.655893  2.42969e-06
yr_eff(2006)   -0.0297589  1.90439e-05
yr_eff(2007)      1.07527  6.55702e-06
yr_eff(2008)     0.487862  3.38932e-06
yr_eff(2009)      1.55114 -9.96973e-06
yr_eff(2010)     0.723351 -2.31593e-05
yr_eff(2011)     0.870444 -6.38574e-06
yr_eff(2012)     0.236104 -2.55514e-05
yr_eff(2013)     0.655274 -3.57742e-06
yr_eff(2014)     0.787419 -2.29143e-05
yr_eff(2015)     -2.04374  -6.9422e-06
yr_eff(2016)    -0.258236 -1.04106e-05
yr_eff(2017)    0.0174494  1.08457e-05
yr_eff(2018)    -0.798285  4.86845e-06
yr_eff(2019)     0.881217   2.2419e-05
yr_eff(2020)     -1.54825  8.27132e-06
yr_eff(2021)     -1.33076  4.65381e-06
yr_eff(2022)   -0.0141347 -1.62677e-05
yr_eff(2023)     -3.22027  4.09705e-07
yr_eff(2024)     0.945711 -1.20757e-07
yr_eff(2025)            0            0
yr_eff(2026)            0            0
yr_eff(2027)            0            0
yr_eff(2028)            0            0
yr_eff(2029)            0            0
