ParName   Value   Gradient
log_avgrec      9.82763 -3.29829e-05
log_avginit       3.9548 -8.90948e-06
log_avg_F     -1.39843 -4.96866e-05
log_q_ats    -0.591587  2.06068e-05
log_Rzero      10.5966  3.66091e-08
steepness       0.5133 -2.15326e-07
log_q_cpue     0.136182  5.89681e-06
log_q_avo      -8.1873 -1.86738e-06
log_initdevs(2)        4.261 -5.49032e-05
log_initdevs(3)      3.78016 -1.77679e-05
log_initdevs(4)      2.26147 -2.97226e-05
log_initdevs(5)      1.41999 -4.35542e-05
log_initdevs(6)      2.11331 -3.15399e-05
log_initdevs(7)      1.28929  1.07927e-05
log_initdevs(8)    -0.381599  -6.3962e-06
log_initdevs(9)     -2.11631 -5.35942e-06
log_initdevs(10)     -2.10924  4.59945e-06
log_initdevs(11)     -2.10434 -5.14438e-06
log_initdevs(12)     -2.10118  -2.9408e-06
log_initdevs(13)     -2.10248  4.82948e-06
log_initdevs(14)     -2.10391 -3.02373e-06
log_initdevs(15)     -2.10609  4.18211e-06
log_rec_devs(1964)      -1.5132  5.72779e-06
log_rec_devs(1965)     0.135174 -9.65413e-07
log_rec_devs(1966)    -0.270526  1.19057e-06
log_rec_devs(1967)     0.350603   5.2644e-06
log_rec_devs(1968)     0.192269  6.31206e-05
log_rec_devs(1969)     0.383532  9.66218e-05
log_rec_devs(1970)     0.265667  5.41444e-05
log_rec_devs(1971)    -0.334871  5.35775e-05
log_rec_devs(1972)    -0.602469  6.81888e-06
log_rec_devs(1973)     0.392268  8.97889e-05
log_rec_devs(1974)    0.0410909  0.000133358
log_rec_devs(1975)    -0.149063  6.85152e-05
log_rec_devs(1976)     -0.45058 -5.30136e-05
log_rec_devs(1977)    -0.422485  0.000103317
log_rec_devs(1978)     0.180702  -9.2567e-05
log_rec_devs(1979)      1.02302 -4.81654e-05
log_rec_devs(1980)      0.32983 -4.32528e-05
log_rec_devs(1981)     0.532984   5.5146e-05
log_rec_devs(1982)    -0.105639  1.38816e-05
log_rec_devs(1983)      1.00264  6.29121e-05
log_rec_devs(1984)    -0.250257  -3.7988e-05
log_rec_devs(1985)     0.643556 -7.99723e-05
log_rec_devs(1986)    -0.322526 -4.98431e-05
log_rec_devs(1987)    -0.935056  1.39321e-05
log_rec_devs(1988)     -1.24714 -7.71616e-05
log_rec_devs(1989)    -0.499875 -0.000108054
log_rec_devs(1990)     0.958987  8.14501e-05
log_rec_devs(1991)     0.285878 -6.11883e-05
log_rec_devs(1992)     0.105973 -8.72609e-05
log_rec_devs(1993)     0.812518 -8.63931e-05
log_rec_devs(1994)    -0.258387 -4.39538e-05
log_rec_devs(1995)    -0.607881  -2.7767e-05
log_rec_devs(1996)     0.151637 -2.02738e-05
log_rec_devs(1997)     0.476307 -5.36552e-05
log_rec_devs(1998)    -0.223193 -7.08208e-05
log_rec_devs(1999)    -0.133071 -2.28184e-05
log_rec_devs(2000)     0.297973  4.90902e-06
log_rec_devs(2001)      0.62839   5.3125e-05
log_rec_devs(2002)     0.235841 -8.90482e-05
log_rec_devs(2003)    -0.203588 -2.77736e-05
log_rec_devs(2004)    -0.988736 -2.67668e-05
log_rec_devs(2005)     -1.35779  6.40452e-06
log_rec_devs(2006)    -0.417758 -3.74179e-05
log_rec_devs(2007)     0.334755 -2.91734e-05
log_rec_devs(2008)    -0.333608 -0.000142112
log_rec_devs(2009)     0.968466  -1.0365e-06
log_rec_devs(2010)     0.203528 -8.68284e-05
log_rec_devs(2011)    -0.294946 -3.42242e-05
log_rec_devs(2012)    -0.455905   0.00012147
log_rec_devs(2013)     0.815964 -4.16906e-05
log_rec_devs(2014)     0.932899  7.22459e-05
log_rec_devs(2015)    0.0787451 -4.66906e-05
log_rec_devs(2016)     -0.93259 -1.16693e-05
log_rec_devs(2017)    -0.933216  -0.00012619
log_rec_devs(2018)    -0.172252  5.59325e-05
log_rec_devs(2019)      1.48903  1.61494e-05
log_rec_devs(2020)     0.219874 -5.79007e-05
log_rec_devs(2021)    -0.328828  3.40064e-05
log_rec_devs(2022)    -0.214415   1.3575e-05
log_rec_devs(2023)     0.204266  1.84836e-05
log_rec_devs(2024)     0.285481 -1.33387e-06
log_F_devs(1964)     -0.53979 -0.000111048
log_F_devs(1965)    -0.595219  1.52153e-05
log_F_devs(1966)    -0.692567  4.60426e-05
log_F_devs(1967)    -0.123105 -1.25749e-05
log_F_devs(1968)    -0.149883  1.59545e-05
log_F_devs(1969)    -0.114648 -8.73846e-05
log_F_devs(1970)     0.242097 -2.00552e-05
log_F_devs(1971)     0.582246 -1.59025e-05
log_F_devs(1972)      0.68562  0.000164258
log_F_devs(1973)     0.822818  8.05168e-05
log_F_devs(1974)     0.900584 -0.000106656
log_F_devs(1975)     0.697398 -5.54444e-05
log_F_devs(1976)     0.586793  0.000224485
log_F_devs(1977)     0.479208  0.000354587
log_F_devs(1978)     0.589796  0.000220975
log_F_devs(1979)     0.668044  6.73539e-05
log_F_devs(1980)     0.636648 -7.79137e-06
log_F_devs(1981)     0.340752  0.000251425
log_F_devs(1982)    -0.120623 -0.000338447
log_F_devs(1983)    -0.332902 -0.000144751
log_F_devs(1984)    -0.369063  5.86087e-05
log_F_devs(1985)    -0.377242 -0.000236812
log_F_devs(1986)    -0.486143  5.08578e-05
log_F_devs(1987)    -0.820613  4.52388e-05
log_F_devs(1988)    -0.543094 -0.000118911
log_F_devs(1989)    -0.523761 -4.68263e-05
log_F_devs(1990)    -0.130151 -0.000111463
log_F_devs(1991)     0.107955 -1.13459e-05
log_F_devs(1992)     0.411675   0.00010406
log_F_devs(1993)  -0.00935575  3.02423e-05
log_F_devs(1994)    -0.237301 -2.04521e-05
log_F_devs(1995)    -0.232198 -4.46171e-05
log_F_devs(1996)   -0.0384915  3.56173e-05
log_F_devs(1997)    0.0171193  1.16399e-05
log_F_devs(1998)    -0.151257  0.000120824
log_F_devs(1999)    -0.400756 -6.07206e-05
log_F_devs(2000)    -0.324079  0.000129881
log_F_devs(2001)    -0.217188 -2.35896e-05
log_F_devs(2002)   -0.0727159   3.1605e-05
log_F_devs(2003)   -0.0157959  2.37013e-05
log_F_devs(2004)    -0.135003 -2.09617e-05
log_F_devs(2005)    -0.196642  1.51289e-05
log_F_devs(2006)   0.00313173 -0.000164253
log_F_devs(2007)    0.0685213 -7.51087e-05
log_F_devs(2008)     0.170239 -0.000123956
log_F_devs(2009)     0.130146 -0.000120342
log_F_devs(2010)   -0.0741429  -2.8517e-05
log_F_devs(2011)     0.230253  2.51751e-05
log_F_devs(2012)     0.227021 -4.54069e-05
log_F_devs(2013)     0.150334  0.000136317
log_F_devs(2014)     0.104746 -2.60169e-05
log_F_devs(2015)     0.191136  0.000121491
log_F_devs(2016)   -0.0767904 -2.20797e-05
log_F_devs(2017)   -0.0606163   4.7836e-05
log_F_devs(2018)    -0.254393  9.62431e-05
log_F_devs(2019)    -0.128089 -1.22843e-05
log_F_devs(2020)     0.146228  -6.4023e-05
log_F_devs(2021)     0.106658   7.3334e-05
log_F_devs(2022)     -0.23525 -1.14132e-05
log_F_devs(2023)    -0.268065  8.97447e-05
log_F_devs(2024)    -0.250233 -7.48159e-06
sel_devs_fsh(1,1)    0.0417417 -1.80174e-05
sel_devs_fsh(1,2)    0.0815324  3.16589e-06
sel_devs_fsh(1,3)     0.184245 -3.13646e-05
sel_devs_fsh(1,4)    -0.034751  4.62071e-05
sel_devs_fsh(1,5)    -0.036982  0.000161405
sel_devs_fsh(1,6)   -0.0515009 -0.000170512
sel_devs_fsh(1,7)   -0.0465082  0.000252988
sel_devs_fsh(1,8)   -0.0414792  0.000107905
sel_devs_fsh(1,9)    -0.033653 -0.000257728
sel_devs_fsh(1,10)   -0.0259702  0.000384735
sel_devs_fsh(1,11)   -0.0201499 -0.000571386
sel_devs_fsh(1,12)   -0.0165247   8.6322e-05
sel_devs_fsh(2,1)    0.0491775 -5.99166e-06
sel_devs_fsh(2,2)    0.0972973   2.4892e-06
sel_devs_fsh(2,3)     0.230104 -9.66235e-06
sel_devs_fsh(2,4)     -0.09543  6.11098e-06
sel_devs_fsh(2,5)   -0.0815993  0.000117318
sel_devs_fsh(2,6)   -0.0665134 -0.000169214
sel_devs_fsh(2,7)   -0.0502425  0.000241246
sel_devs_fsh(2,8)   -0.0342886  9.77972e-05
sel_devs_fsh(2,9)   -0.0244379 -0.000227568
sel_devs_fsh(2,10)   -0.0153861  0.000371266
sel_devs_fsh(2,11)  -0.00736914 -0.000573817
sel_devs_fsh(2,12)  -0.00131406  0.000109147
sel_devs_fsh(3,1)     0.121088 -2.83514e-05
sel_devs_fsh(3,2)    0.0916261  1.41143e-05
sel_devs_fsh(3,3)   0.00279425  2.04047e-05
sel_devs_fsh(3,4)   -0.0184866  4.45688e-06
sel_devs_fsh(3,5)    -0.038872  0.000105385
sel_devs_fsh(3,6)   -0.0452582 -0.000176768
sel_devs_fsh(3,7)   -0.0434937  0.000168871
sel_devs_fsh(3,8)   -0.0339905  7.54403e-05
sel_devs_fsh(3,9)   -0.0243665  -0.00016511
sel_devs_fsh(3,10)   -0.0111685  0.000419679
sel_devs_fsh(3,11)  -0.00115846 -0.000592459
sel_devs_fsh(3,12)   0.00128206  9.67958e-05
sel_devs_fsh(4,1)     0.131263 -1.26045e-05
sel_devs_fsh(4,2)    0.0652731  6.24116e-05
sel_devs_fsh(4,3)     0.142468  2.93576e-05
sel_devs_fsh(4,4)     -0.11165  8.08409e-05
sel_devs_fsh(4,5)    -0.105863  8.36989e-05
sel_devs_fsh(4,6)    -0.092737 -0.000180452
sel_devs_fsh(4,7)   -0.0761126  0.000183045
sel_devs_fsh(4,8)   -0.0178995  -0.00017601
sel_devs_fsh(4,9)   -0.0012187   5.5501e-05
sel_devs_fsh(4,10)    0.0146963   0.00039323
sel_devs_fsh(4,11)    0.0221308 -0.000810868
sel_devs_fsh(4,12)    0.0296507  0.000306785
sel_devs_fsh(5,1)     0.191392  4.45397e-06
sel_devs_fsh(5,2)     0.136967  3.63524e-05
sel_devs_fsh(5,3)   -0.0409668  9.25999e-06
sel_devs_fsh(5,4)     -0.27082  1.40426e-05
sel_devs_fsh(5,5)    -0.128497  0.000147602
sel_devs_fsh(5,6)    -0.113269 -0.000141683
sel_devs_fsh(5,7)   -0.0466502  0.000239423
sel_devs_fsh(5,8)     0.015836 -0.000270699
sel_devs_fsh(5,9)    0.0416653  0.000105818
sel_devs_fsh(5,10)    0.0588226  0.000465022
sel_devs_fsh(5,11)    0.0661101 -0.000884995
sel_devs_fsh(5,12)    0.0894109  0.000292646
sel_devs_fsh(6,1)    0.0157028  2.74649e-05
sel_devs_fsh(6,2)    0.0341448  3.56635e-05
sel_devs_fsh(6,3)   -0.0878084 -3.41998e-06
sel_devs_fsh(6,4)   -0.0603659  4.74193e-05
sel_devs_fsh(6,5)   -0.0125308  0.000146498
sel_devs_fsh(6,6)   -0.0232243 -0.000168769
sel_devs_fsh(6,7)   -0.0541898  0.000116448
sel_devs_fsh(6,8)    0.0133898 -0.000253252
sel_devs_fsh(6,9)    0.0329742  0.000222497
sel_devs_fsh(6,10)    0.0393063  0.000560368
sel_devs_fsh(6,11)     0.043825 -0.000916856
sel_devs_fsh(6,12)    0.0587839  0.000307458
sel_devs_fsh(7,1)     -0.23152 -2.42302e-05
sel_devs_fsh(7,2)     0.206309  3.75105e-06
sel_devs_fsh(7,3)     0.118036  1.55006e-05
sel_devs_fsh(7,4)    0.0730762  9.92265e-05
sel_devs_fsh(7,5)   -0.0264081   0.00014137
sel_devs_fsh(7,6)   -0.0134233 -0.000233881
sel_devs_fsh(7,7)   -0.0214495  0.000221127
sel_devs_fsh(7,8)   -0.0335734 -0.000275676
sel_devs_fsh(7,9)  -0.00999698  0.000207109
sel_devs_fsh(7,10)   -0.0117981  0.000533242
sel_devs_fsh(7,11)   -0.0196948 -0.000957626
sel_devs_fsh(7,12)   -0.0295551  0.000310615
sel_devs_fsh(8,1)    -0.256216 -2.68624e-05
sel_devs_fsh(8,2)     0.111219 -4.85902e-06
sel_devs_fsh(8,3)    0.0802037  1.09544e-05
sel_devs_fsh(8,4)    0.0534993  6.54086e-05
sel_devs_fsh(8,5)    0.0381046  0.000193206
sel_devs_fsh(8,6)    0.0529814 -0.000189678
sel_devs_fsh(8,7)    0.0230354  0.000193325
sel_devs_fsh(8,8)  -0.00237504 -0.000332911
sel_devs_fsh(8,9)   -0.0129464  0.000211894
sel_devs_fsh(8,10)     -0.01754  0.000535855
sel_devs_fsh(8,11)   -0.0277843 -0.000929033
sel_devs_fsh(8,12)   -0.0421806  0.000289842
sel_devs_fsh(9,1)    -0.211164 -2.45452e-05
sel_devs_fsh(9,2)     0.142041 -4.34406e-06
sel_devs_fsh(9,3)     0.183897  1.19857e-05
sel_devs_fsh(9,4)    0.0495181  8.69573e-05
sel_devs_fsh(9,5)    0.0184365  0.000136191
sel_devs_fsh(9,6)  0.000961964 -0.000138626
sel_devs_fsh(9,7)  -0.00212963  0.000175934
sel_devs_fsh(9,8)   -0.0315582 -0.000365606
sel_devs_fsh(9,9)   -0.0256746  0.000277893
sel_devs_fsh(9,10)   -0.0289805  0.000473402
sel_devs_fsh(9,11)   -0.0378918 -0.000911647
sel_devs_fsh(9,12)    -0.057455  0.000301594
sel_devs_fsh(10,1)    -0.192216   2.1744e-07
sel_devs_fsh(10,2)    -0.173143 -8.24511e-06
sel_devs_fsh(10,3)     0.134221  3.03544e-05
sel_devs_fsh(10,4)    0.0893498  5.93519e-05
sel_devs_fsh(10,5)      0.04517  0.000193696
sel_devs_fsh(10,6)    0.0380541 -0.000155066
sel_devs_fsh(10,7)    0.0346591  0.000207416
sel_devs_fsh(10,8)  -0.00690257  -0.00038163
sel_devs_fsh(10,9)   0.00312799  0.000332245
sel_devs_fsh(10,10)   0.00979804  0.000241734
sel_devs_fsh(10,11)   0.00959606 -0.000650927
sel_devs_fsh(10,12)   0.00828454  0.000120723
sel_devs_fsh(11,1)    -0.191187  1.76662e-05
sel_devs_fsh(11,2)    -0.067228  2.92568e-05
sel_devs_fsh(11,3)   -0.0811279  5.30539e-05
sel_devs_fsh(11,4)    0.0961278  5.91643e-06
sel_devs_fsh(11,5)    0.0794455  9.52635e-05
sel_devs_fsh(11,6)    0.0664713 -0.000187335
sel_devs_fsh(11,7)    0.0594349  0.000179157
sel_devs_fsh(11,8)    0.0123031 -0.000365858
sel_devs_fsh(11,9)   0.00815447  0.000377541
sel_devs_fsh(11,10)   0.00718317  0.000288752
sel_devs_fsh(11,11)   0.00643694 -0.000516592
sel_devs_fsh(11,12)   0.00398589  3.06876e-05
sel_devs_fsh(12,1)    -0.182181  7.99536e-06
sel_devs_fsh(12,2)    0.0263854 -2.69677e-05
sel_devs_fsh(12,3)    -0.122117 -2.60505e-05
sel_devs_fsh(12,4)   -0.0482787  9.39459e-05
sel_devs_fsh(12,5)     0.063038  9.81779e-05
sel_devs_fsh(12,6)    0.0653157 -0.000264416
sel_devs_fsh(12,7)    0.0637557  0.000165777
sel_devs_fsh(12,8)    0.0320507 -0.000285943
sel_devs_fsh(12,9)    0.0228769  0.000430301
sel_devs_fsh(12,10)    0.0253549  0.000370566
sel_devs_fsh(12,11)    0.0266826 -0.000578714
sel_devs_fsh(12,12)    0.0271184  4.66375e-05
sel_devs_fsh(13,1)    -0.223972  1.82502e-05
sel_devs_fsh(13,2)    -0.130486  2.69899e-05
sel_devs_fsh(13,3)   -0.0307239  2.51453e-05
sel_devs_fsh(13,4)   -0.0253786  7.11452e-05
sel_devs_fsh(13,5)    0.0432987  0.000121993
sel_devs_fsh(13,6)    0.0549509 -0.000186807
sel_devs_fsh(13,7)    0.0691434  4.07546e-05
sel_devs_fsh(13,8)    0.0675667 -0.000213412
sel_devs_fsh(13,9)    0.0499278  0.000291143
sel_devs_fsh(13,10)    0.0413501  0.000391902
sel_devs_fsh(13,11)    0.0424965 -0.000674568
sel_devs_fsh(13,12)    0.0418291  0.000132097
sel_devs_fsh(14,1)    -0.183368  -5.9282e-05
sel_devs_fsh(14,2)    -0.381606  6.07182e-06
sel_devs_fsh(14,3)    -0.163829  1.41396e-06
sel_devs_fsh(14,4)   -0.0248045  5.54347e-05
sel_devs_fsh(14,5)     0.092724  0.000127831
sel_devs_fsh(14,6)     0.137325 -0.000214348
sel_devs_fsh(14,7)     0.120685 -2.72097e-05
sel_devs_fsh(14,8)     0.120738 -4.90642e-05
sel_devs_fsh(14,9)    0.0960567  0.000257542
sel_devs_fsh(14,10)    0.0655203  0.000371617
sel_devs_fsh(14,11)    0.0615747 -0.000630932
sel_devs_fsh(14,12)    0.0589847  0.000181167
sel_devs_fsh(15,1)    -0.206279 -1.20867e-05
sel_devs_fsh(15,2)    -0.498183 -2.99207e-05
sel_devs_fsh(15,3)     -0.27535  2.39503e-05
sel_devs_fsh(15,4)     0.085188  5.37002e-05
sel_devs_fsh(15,5)     0.138087  3.81527e-05
sel_devs_fsh(15,6)     0.150765 -0.000243983
sel_devs_fsh(15,7)     0.145408  1.97087e-05
sel_devs_fsh(15,8)     0.133954  2.42012e-05
sel_devs_fsh(15,9)    0.0932931  0.000136096
sel_devs_fsh(15,10)    0.0813331  0.000478967
sel_devs_fsh(15,11)    0.0779943 -0.000664461
sel_devs_fsh(15,12)    0.0737873   0.00016374
sel_devs_fsh(16,1)     -0.16997  8.21938e-07
sel_devs_fsh(16,2)    -0.286369  2.48457e-05
sel_devs_fsh(16,3)     -0.28435  1.30913e-05
sel_devs_fsh(16,4)   -0.0136763   4.6402e-05
sel_devs_fsh(16,5)     0.140566  6.84215e-05
sel_devs_fsh(16,6)    0.0891276 -0.000251679
sel_devs_fsh(16,7)    0.0951143 -1.18253e-05
sel_devs_fsh(16,8)    0.0967527  4.60328e-05
sel_devs_fsh(16,9)    0.0902283  3.39182e-05
sel_devs_fsh(16,10)    0.0829342  0.000477188
sel_devs_fsh(16,11)    0.0794402 -0.000658432
sel_devs_fsh(16,12)    0.0801995  0.000181469
sel_devs_fsh(17,1)    -0.133258  3.15899e-05
sel_devs_fsh(17,2)    -0.104057  2.77218e-05
sel_devs_fsh(17,3)    -0.281414 -2.95487e-05
sel_devs_fsh(17,4)   -0.0119853  2.52901e-05
sel_devs_fsh(17,5)    0.0246944  0.000114521
sel_devs_fsh(17,6)    0.0621646 -0.000216954
sel_devs_fsh(17,7)    0.0629038  9.73109e-05
sel_devs_fsh(17,8)    0.0704633  0.000180166
sel_devs_fsh(17,9)    0.0749845  -6.8195e-06
sel_devs_fsh(17,10)    0.0768213  0.000399818
sel_devs_fsh(17,11)    0.0781401  -0.00076276
sel_devs_fsh(17,12)    0.0805479  0.000222029
sel_devs_fsh(18,1)    -0.151485 -5.82695e-05
sel_devs_fsh(18,2)    0.0966545 -2.10792e-05
sel_devs_fsh(18,3)   -0.0738936  6.41677e-05
sel_devs_fsh(18,4)    -0.122884  2.96894e-05
sel_devs_fsh(18,5)   -0.0775102  0.000169494
sel_devs_fsh(18,6)    0.0318041  -0.00028621
sel_devs_fsh(18,7)    0.0287367 -8.73229e-06
sel_devs_fsh(18,8)    0.0314135  0.000168595
sel_devs_fsh(18,9)    0.0474287  -7.4709e-05
sel_devs_fsh(18,10)     0.056221  0.000409021
sel_devs_fsh(18,11)    0.0639268 -0.000625509
sel_devs_fsh(18,12)    0.0695857  0.000205766
sel_devs_fsh(19,1)    -0.134095   7.7271e-07
sel_devs_fsh(19,2)    -0.162244   2.2088e-05
sel_devs_fsh(19,3)    0.0339779 -1.82061e-05
sel_devs_fsh(19,4)   -0.0849924  8.78539e-05
sel_devs_fsh(19,5)     0.103489  0.000153208
sel_devs_fsh(19,6)    0.0259605 -0.000309223
sel_devs_fsh(19,7)    0.0374856 -4.73261e-05
sel_devs_fsh(19,8)    0.0290275  0.000218566
sel_devs_fsh(19,9)    0.0291593 -5.35046e-05
sel_devs_fsh(19,10)    0.0298267  0.000378506
sel_devs_fsh(19,11)     0.042545 -0.000708123
sel_devs_fsh(19,12)    0.0498593  0.000269835
sel_devs_fsh(20,1)    -0.149361 -4.56251e-06
sel_devs_fsh(20,2)    0.0401259  6.29707e-05
sel_devs_fsh(20,3)     0.108269 -3.56095e-05
sel_devs_fsh(20,4)     -0.10764   2.2245e-07
sel_devs_fsh(20,5)    -0.220757  0.000147856
sel_devs_fsh(20,6)     0.101869 -0.000230295
sel_devs_fsh(20,7)    0.0598532 -5.28172e-07
sel_devs_fsh(20,8)    0.0470752    0.0002747
sel_devs_fsh(20,9)    0.0249286 -0.000134188
sel_devs_fsh(20,10)    0.0244652  0.000369599
sel_devs_fsh(20,11)    0.0322604 -0.000698252
sel_devs_fsh(20,12)    0.0389124  0.000255446
sel_devs_fsh(21,1)    -0.154942 -3.44883e-05
sel_devs_fsh(21,2)   -0.0316177  5.29611e-05
sel_devs_fsh(21,3)    0.0739526  2.28374e-05
sel_devs_fsh(21,4)     0.152511  4.58597e-05
sel_devs_fsh(21,5)   -0.0385011  0.000167046
sel_devs_fsh(21,6)    -0.029125 -0.000341962
sel_devs_fsh(21,7)    0.0211808   4.3436e-06
sel_devs_fsh(21,8)   -0.0346274  0.000267331
sel_devs_fsh(21,9)   0.00944564 -0.000159947
sel_devs_fsh(21,10)     0.004856  0.000387233
sel_devs_fsh(21,11)   0.00618535 -0.000692285
sel_devs_fsh(21,12)    0.0206821  0.000282263
sel_devs_fsh(22,1)     -0.15752  1.70535e-05
sel_devs_fsh(22,2)   -0.0696083  2.57216e-05
sel_devs_fsh(22,3)     0.121127  2.03304e-05
sel_devs_fsh(22,4)   -0.0828782  1.33418e-05
sel_devs_fsh(22,5)   0.00784575  0.000177496
sel_devs_fsh(22,6)   -0.0598081  -0.00029058
sel_devs_fsh(22,7)   -0.0749898  2.78285e-05
sel_devs_fsh(22,8)     0.127334  0.000318669
sel_devs_fsh(22,9)     0.087042 -0.000191971
sel_devs_fsh(22,10)    0.0610564  0.000381067
sel_devs_fsh(22,11)    0.0295274 -0.000657372
sel_devs_fsh(22,12)    0.0108721  0.000160259
sel_devs_fsh(23,1)    -0.189142 -1.96287e-05
sel_devs_fsh(23,2)    -0.102476 -3.02882e-05
sel_devs_fsh(23,3)     0.470997  4.70385e-05
sel_devs_fsh(23,4)    0.0522325  5.93621e-05
sel_devs_fsh(23,5)     0.129152  0.000131591
sel_devs_fsh(23,6)   -0.0390991 -0.000299174
sel_devs_fsh(23,7)    0.0915933  4.01141e-05
sel_devs_fsh(23,8)    -0.097124  0.000337266
sel_devs_fsh(23,9)   -0.0965793 -0.000172638
sel_devs_fsh(23,10)    -0.119498  0.000327887
sel_devs_fsh(23,11)   -0.0693141 -0.000692172
sel_devs_fsh(23,12)   -0.0307412  0.000268351
sel_devs_fsh(24,1)     -0.15888 -2.12189e-05
sel_devs_fsh(24,2)   -0.0619933 -4.20745e-05
sel_devs_fsh(24,3)     -0.37614  2.61924e-05
sel_devs_fsh(24,4)     0.165337  0.000103325
sel_devs_fsh(24,5)    0.0331679  0.000209114
sel_devs_fsh(24,6)    0.0840622  -0.00035237
sel_devs_fsh(24,7)     0.124561   6.3323e-05
sel_devs_fsh(24,8)    0.0980572  0.000299498
sel_devs_fsh(24,9)    0.0224256 -0.000217423
sel_devs_fsh(24,10)    0.0654791  0.000304975
sel_devs_fsh(24,11)    0.0167074  -0.00074314
sel_devs_fsh(24,12)   -0.0127892  0.000287815
sel_devs_fsh(25,1)    -0.149858  4.16618e-05
sel_devs_fsh(25,2)   -0.0296665 -1.35689e-05
sel_devs_fsh(25,3)    -0.343113 -1.12865e-05
sel_devs_fsh(25,4)    0.0267247  0.000116679
sel_devs_fsh(25,5)     0.183707  0.000235154
sel_devs_fsh(25,6)     0.066642  -0.00034318
sel_devs_fsh(25,7)   -0.0381551  3.15641e-05
sel_devs_fsh(25,8)    0.0372784  0.000347609
sel_devs_fsh(25,9)    0.0535745 -0.000177547
sel_devs_fsh(25,10)   -0.0159413  0.000388395
sel_devs_fsh(25,11)     0.138551 -0.000702942
sel_devs_fsh(25,12)    0.0702608  0.000161746
sel_devs_fsh(26,1)   -0.0741029  -1.7405e-05
sel_devs_fsh(26,2)    0.0169941  5.12307e-06
sel_devs_fsh(26,3)    -0.362322  -4.6004e-05
sel_devs_fsh(26,4)    -0.343995  1.18876e-05
sel_devs_fsh(26,5)    -0.300537  0.000185313
sel_devs_fsh(26,6)    -0.151981  -0.00029921
sel_devs_fsh(26,7)     0.132388   8.3784e-05
sel_devs_fsh(26,8)  -0.00835053  0.000318346
sel_devs_fsh(26,9)     0.207484 -0.000229186
sel_devs_fsh(26,10)     0.145127  0.000357098
sel_devs_fsh(26,11)     0.383212 -0.000662471
sel_devs_fsh(26,12)      0.35608  0.000221498
sel_devs_fsh(27,1)    -0.157998 -2.57175e-05
sel_devs_fsh(27,2)   -0.0465235  3.88666e-05
sel_devs_fsh(27,3)     0.513992 -1.46853e-05
sel_devs_fsh(27,4)    -0.271099  9.45762e-05
sel_devs_fsh(27,5)    -0.349411  0.000189562
sel_devs_fsh(27,6)   -0.0449633 -0.000462687
sel_devs_fsh(27,7)   -0.0220733  5.97704e-05
sel_devs_fsh(27,8)     0.220447  0.000242612
sel_devs_fsh(27,9)    0.0976714 -0.000188062
sel_devs_fsh(27,10)     0.222241  0.000379373
sel_devs_fsh(27,11)    -0.115128 -0.000636809
sel_devs_fsh(27,12)   -0.0471625  0.000202428
sel_devs_fsh(28,1)    -0.148477 -1.38765e-05
sel_devs_fsh(28,2)    -0.490603  2.80444e-05
sel_devs_fsh(28,3)  -0.00535294  1.03635e-05
sel_devs_fsh(28,4)     0.799427  0.000107933
sel_devs_fsh(28,5)   0.00165211  0.000210986
sel_devs_fsh(28,6)    0.0184717 -0.000248372
sel_devs_fsh(28,7)     0.083704  0.000126466
sel_devs_fsh(28,8)    0.0182726  0.000271492
sel_devs_fsh(28,9)   -0.0224456 -0.000212436
sel_devs_fsh(28,10)    -0.056238  0.000366536
sel_devs_fsh(28,11)    -0.132738  -0.00074163
sel_devs_fsh(28,12)   -0.0656664  0.000192561
sel_devs_fsh(29,1)    -0.057454  1.30324e-05
sel_devs_fsh(29,2)   -0.0120186  3.44435e-05
sel_devs_fsh(29,3)    -0.783213  0.000101855
sel_devs_fsh(29,4)    -0.273951   9.0894e-05
sel_devs_fsh(29,5)     0.905798  0.000214181
sel_devs_fsh(29,6)     0.258015  -0.00026632
sel_devs_fsh(29,7)    0.0311473 -3.50588e-06
sel_devs_fsh(29,8)   -0.0176311  0.000232896
sel_devs_fsh(29,9)   -0.0273558 -0.000203844
sel_devs_fsh(29,10)  -0.00477606  0.000412541
sel_devs_fsh(29,11)    0.0234301  -0.00067941
sel_devs_fsh(29,12)   -0.0419838  0.000162938
sel_devs_fsh(30,1)   -0.0248539 -1.32983e-05
sel_devs_fsh(30,2)      0.16067 -3.10897e-05
sel_devs_fsh(30,3)    -0.317629 -0.000124225
sel_devs_fsh(30,4)      -0.6907  0.000147836
sel_devs_fsh(30,5)    -0.336126  0.000186688
sel_devs_fsh(30,6)     0.476808 -0.000353801
sel_devs_fsh(30,7)     0.154582  8.30303e-05
sel_devs_fsh(30,8)     0.170192  0.000192799
sel_devs_fsh(30,9)     0.139883  -0.00012971
sel_devs_fsh(30,10)     0.121814   0.00041578
sel_devs_fsh(30,11)    0.0892463 -0.000618949
sel_devs_fsh(30,12)    0.0561068  0.000163821
sel_devs_fsh(31,1)   -0.0364963  1.06863e-05
sel_devs_fsh(31,2)     0.489479 -1.00394e-05
sel_devs_fsh(31,3)     0.257025  3.16656e-05
sel_devs_fsh(31,4)    -0.821406  1.30034e-05
sel_devs_fsh(31,5)    -0.750179  0.000205299
sel_devs_fsh(31,6)    -0.336182 -0.000236637
sel_devs_fsh(31,7)     0.302433  5.32109e-06
sel_devs_fsh(31,8)     0.313289  0.000171029
sel_devs_fsh(31,9)     0.233985 -4.42301e-05
sel_devs_fsh(31,10)      0.16253  0.000351282
sel_devs_fsh(31,11)     0.107683 -0.000603872
sel_devs_fsh(31,12)    0.0778401  0.000115921
sel_devs_fsh(32,1)    -0.134351  1.05066e-05
sel_devs_fsh(32,2)     0.319321 -8.48042e-06
sel_devs_fsh(32,3)     0.133229  2.17665e-05
sel_devs_fsh(32,4)     0.643584  6.17048e-05
sel_devs_fsh(32,5)   -0.0397864  0.000136367
sel_devs_fsh(32,6)    -0.410372 -0.000210793
sel_devs_fsh(32,7)     -0.39622 -5.40565e-07
sel_devs_fsh(32,8)    -0.273803  0.000100742
sel_devs_fsh(32,9)   0.00675334 -6.17456e-05
sel_devs_fsh(32,10)    0.0431357  0.000335548
sel_devs_fsh(32,11)    0.0508723  -0.00057297
sel_devs_fsh(32,12)    0.0576354  0.000151512
sel_devs_fsh(33,1)    -0.105187 -8.14471e-06
sel_devs_fsh(33,2)    -0.401666  5.45082e-06
sel_devs_fsh(33,3)     0.256921 -2.32648e-05
sel_devs_fsh(33,4)     0.231488  0.000121781
sel_devs_fsh(33,5)     0.196409  0.000136778
sel_devs_fsh(33,6)      0.25349 -0.000225977
sel_devs_fsh(33,7)     -0.25578  5.80597e-07
sel_devs_fsh(33,8)   -0.0463276  0.000122844
sel_devs_fsh(33,9)   -0.0474092 -1.23354e-05
sel_devs_fsh(33,10)   -0.0286231  0.000314543
sel_devs_fsh(33,11)   -0.0303341 -0.000565819
sel_devs_fsh(33,12)   -0.0229812  0.000128607
sel_devs_fsh(34,1)    -0.154133  -6.8248e-06
sel_devs_fsh(34,2)    -0.380751  1.26396e-05
sel_devs_fsh(34,3)     0.813889  4.25174e-05
sel_devs_fsh(34,4)     0.445088  2.01626e-05
sel_devs_fsh(34,5)     0.153846  0.000199393
sel_devs_fsh(34,6)    -0.229129 -0.000200929
sel_devs_fsh(34,7)     0.243604  -3.8298e-07
sel_devs_fsh(34,8)    -0.126778  0.000188455
sel_devs_fsh(34,9)    -0.272621 -6.56287e-05
sel_devs_fsh(34,10)    -0.231402  0.000239166
sel_devs_fsh(34,11)    -0.162756 -0.000528971
sel_devs_fsh(34,12)    -0.098856  9.42608e-05
sel_devs_fsh(35,1)   -0.0805862 -3.18853e-05
sel_devs_fsh(35,2)    -0.143396  -1.2415e-05
sel_devs_fsh(35,3)    -0.546626 -1.83655e-05
sel_devs_fsh(35,4)     0.300633  4.14126e-05
sel_devs_fsh(35,5)     0.417544   0.00017174
sel_devs_fsh(35,6)    0.0226277 -0.000196944
sel_devs_fsh(35,7)    -0.017482 -7.02945e-05
sel_devs_fsh(35,8)     0.229734  0.000137015
sel_devs_fsh(35,9)   0.00903854 -8.57834e-06
sel_devs_fsh(35,10)    -0.060064  0.000284717
sel_devs_fsh(35,11)    -0.057998 -0.000438685
sel_devs_fsh(35,12)   -0.0734212  0.000197518
sel_devs_fsh(36,1)   -0.0364002 -4.47832e-05
sel_devs_fsh(36,2)    -0.188707 -5.84026e-06
sel_devs_fsh(36,3)    -0.433869 -3.07821e-05
sel_devs_fsh(36,4)    -0.286797  5.49663e-05
sel_devs_fsh(36,5)      0.26755  0.000141484
sel_devs_fsh(36,6)     0.621973 -0.000223512
sel_devs_fsh(36,7)     0.138664 -1.11909e-06
sel_devs_fsh(36,8)    -0.102121  0.000190092
sel_devs_fsh(36,9)    0.0178015 -3.42022e-05
sel_devs_fsh(36,10)    0.0191292  0.000192357
sel_devs_fsh(36,11)   0.00960238  -0.00053418
sel_devs_fsh(36,12)   -0.0268368  0.000132673
sel_devs_fsh(37,1)   -0.0779043 -2.63956e-05
sel_devs_fsh(37,2)     0.185424  3.56269e-06
sel_devs_fsh(37,3)    0.0909351  6.91854e-06
sel_devs_fsh(37,4)   -0.0118247  4.87287e-05
sel_devs_fsh(37,5)    -0.238394   0.00010133
sel_devs_fsh(37,6)    0.0412351 -0.000254314
sel_devs_fsh(37,7)    0.0693817 -5.16301e-05
sel_devs_fsh(37,8)    0.0643759  0.000238198
sel_devs_fsh(37,9)    0.0501522 -1.18139e-06
sel_devs_fsh(37,10)   -0.0160147    0.0002597
sel_devs_fsh(37,11)   -0.0816638 -0.000454907
sel_devs_fsh(37,12)   -0.0757022  0.000133755
sel_devs_fsh(38,1)   -0.0838703  1.04659e-06
sel_devs_fsh(38,2)     -0.33223 -2.57393e-05
sel_devs_fsh(38,3)     0.703324  9.05789e-06
sel_devs_fsh(38,4)   -0.0425769  6.32561e-05
sel_devs_fsh(38,5)    0.0467084  0.000115018
sel_devs_fsh(38,6)    -0.172848 -0.000266474
sel_devs_fsh(38,7)    0.0337997  1.36255e-05
sel_devs_fsh(38,8)    0.0360795  0.000206403
sel_devs_fsh(38,9)   0.00132025 -5.42738e-05
sel_devs_fsh(38,10)   -0.0209825  0.000238375
sel_devs_fsh(38,11)    -0.088974 -0.000423117
sel_devs_fsh(38,12)   -0.0797469  0.000170885
sel_devs_fsh(39,1)   -0.0359502 -1.12938e-05
sel_devs_fsh(39,2)    -0.146543 -4.98516e-05
sel_devs_fsh(39,3)    -0.675636 -9.18512e-05
sel_devs_fsh(39,4)     0.745937  9.66897e-05
sel_devs_fsh(39,5)    0.0475571  0.000127045
sel_devs_fsh(39,6)    -0.102181 -0.000263232
sel_devs_fsh(39,7)   0.00224695  2.73827e-08
sel_devs_fsh(39,8)    0.0241341  0.000237331
sel_devs_fsh(39,9)    0.0411751 -1.23421e-05
sel_devs_fsh(39,10)    0.0432334  0.000198702
sel_devs_fsh(39,11)    0.0586489 -0.000409435
sel_devs_fsh(39,12)  -0.00262655  9.94879e-05
sel_devs_fsh(40,1)   -0.0599595 -6.03168e-06
sel_devs_fsh(40,2)    0.0824464 -1.06258e-05
sel_devs_fsh(40,3)   -0.0222159  2.25464e-05
sel_devs_fsh(40,4)    -0.345028  8.01249e-05
sel_devs_fsh(40,5)     0.436867  0.000136811
sel_devs_fsh(40,6)     0.259296 -0.000281392
sel_devs_fsh(40,7)    -0.106344  9.66605e-06
sel_devs_fsh(40,8)    -0.151666  0.000156109
sel_devs_fsh(40,9)   -0.0554584 -1.90152e-05
sel_devs_fsh(40,10)   0.00618348  0.000188474
sel_devs_fsh(40,11)   0.00200288 -0.000396319
sel_devs_fsh(40,12)   -0.0461202  0.000176234
sel_devs_fsh(41,1)   -0.0882632 -1.41025e-05
sel_devs_fsh(41,2)     0.103733  5.09792e-06
sel_devs_fsh(41,3)     0.552777  1.11736e-05
sel_devs_fsh(41,4)    -0.105287   0.00012991
sel_devs_fsh(41,5)    -0.328028  0.000113846
sel_devs_fsh(41,6)   -0.0551531 -0.000254055
sel_devs_fsh(41,7)   -0.0524545 -2.74643e-06
sel_devs_fsh(41,8)   -0.0190192  0.000161509
sel_devs_fsh(41,9)   -0.0659166  -5.3703e-05
sel_devs_fsh(41,10)   -0.0240698   0.00018639
sel_devs_fsh(41,11)    0.0261148 -0.000416162
sel_devs_fsh(41,12)    0.0555664  0.000140452
sel_devs_fsh(42,1)   -0.0485289 -4.27586e-05
sel_devs_fsh(42,2)    0.0448919  8.40856e-06
sel_devs_fsh(42,3)   -0.0345036 -1.98005e-05
sel_devs_fsh(42,4)   0.00923495  6.37286e-05
sel_devs_fsh(42,5)   -0.0706588  0.000129899
sel_devs_fsh(42,6)   -0.0131182 -0.000178553
sel_devs_fsh(42,7)     0.012896  2.25994e-06
sel_devs_fsh(42,8)   -0.0626017  0.000131488
sel_devs_fsh(42,9)   -0.0233977 -4.51158e-05
sel_devs_fsh(42,10)     0.011351  0.000206252
sel_devs_fsh(42,11)     0.063048 -0.000488958
sel_devs_fsh(42,12)     0.111384  0.000180902
sel_devs_fsh(43,1)  0.000578643 -4.98941e-05
sel_devs_fsh(43,2)   -0.0443229    4.875e-05
sel_devs_fsh(43,3)    -0.526743  -3.0537e-05
sel_devs_fsh(43,4)    -0.112443  4.83197e-05
sel_devs_fsh(43,5)   -0.0803989  0.000121365
sel_devs_fsh(43,6)    0.0129266 -0.000193259
sel_devs_fsh(43,7)     0.042373  2.10412e-05
sel_devs_fsh(43,8)     0.118896  5.60072e-05
sel_devs_fsh(43,9)     0.141141 -1.10021e-05
sel_devs_fsh(43,10)    0.0794473  0.000258049
sel_devs_fsh(43,11)     0.167576 -0.000450865
sel_devs_fsh(43,12)     0.200966  0.000139666
sel_devs_fsh(44,1)   -0.0322178 -4.79606e-05
sel_devs_fsh(44,2)    -0.314134 -2.78645e-05
sel_devs_fsh(44,3)     0.222586  1.57869e-05
sel_devs_fsh(44,4)     0.041058  7.36396e-05
sel_devs_fsh(44,5)    -0.127828  0.000124523
sel_devs_fsh(44,6)   -0.0909438   -0.0002058
sel_devs_fsh(44,7)   -0.0666876  5.46072e-05
sel_devs_fsh(44,8)   -0.0270133  2.86648e-05
sel_devs_fsh(44,9)  -0.00968871   1.0289e-05
sel_devs_fsh(44,10)     0.142221  0.000249431
sel_devs_fsh(44,11)     0.144254 -0.000488455
sel_devs_fsh(44,12)     0.118394  0.000201902
sel_devs_fsh(45,1)   0.00227264 -8.35211e-06
sel_devs_fsh(45,2)     0.101234 -3.56876e-05
sel_devs_fsh(45,3)    -0.568015  7.37224e-05
sel_devs_fsh(45,4)     0.475605  9.31709e-05
sel_devs_fsh(45,5)     0.168002  0.000150549
sel_devs_fsh(45,6)    -0.234772 -0.000188361
sel_devs_fsh(45,7)    -0.085799  7.64208e-05
sel_devs_fsh(45,8)    0.0563609 -8.30627e-06
sel_devs_fsh(45,9)    0.0761077   2.3921e-05
sel_devs_fsh(45,10)    0.0105514  0.000243646
sel_devs_fsh(45,11)   -0.0462174 -0.000536453
sel_devs_fsh(45,12)    0.0446742   0.00018312
sel_devs_fsh(46,1)   0.00625402  2.73591e-05
sel_devs_fsh(46,2)   -0.0504671  3.27973e-05
sel_devs_fsh(46,3)     0.064863  7.99006e-05
sel_devs_fsh(46,4)     -1.03102  5.22616e-05
sel_devs_fsh(46,5)     0.453741  0.000118236
sel_devs_fsh(46,6)     0.359004 -0.000153948
sel_devs_fsh(46,7)     0.151234  4.29156e-05
sel_devs_fsh(46,8)  -0.00366846  3.21454e-05
sel_devs_fsh(46,9)   -0.0194739 -2.84142e-05
sel_devs_fsh(46,10)     0.074739  0.000266954
sel_devs_fsh(46,11)    0.0408773 -0.000559383
sel_devs_fsh(46,12)   -0.0460803  0.000163005
sel_devs_fsh(47,1)   -0.0264791  2.44492e-05
sel_devs_fsh(47,2)     0.203465 -3.13455e-05
sel_devs_fsh(47,3)     0.176631  3.07189e-06
sel_devs_fsh(47,4)     0.618485    3.108e-05
sel_devs_fsh(47,5)     -1.05148   8.5021e-05
sel_devs_fsh(47,6)  -0.00273092 -0.000181634
sel_devs_fsh(47,7)    0.0184237   3.0601e-05
sel_devs_fsh(47,8)    0.0459355  4.73415e-05
sel_devs_fsh(47,9)    0.0228467  3.89395e-05
sel_devs_fsh(47,10)   -0.0744857  0.000298513
sel_devs_fsh(47,11)   0.00630742 -0.000602558
sel_devs_fsh(47,12)    0.0630809  0.000243803
sel_devs_fsh(48,1)   0.00444206   1.5087e-05
sel_devs_fsh(48,2)    -0.197191 -8.58219e-06
sel_devs_fsh(48,3)     0.028596  2.96399e-05
sel_devs_fsh(48,4)    -0.127437 -9.20296e-06
sel_devs_fsh(48,5)     0.526818  0.000147809
sel_devs_fsh(48,6)    -0.565135 -0.000142817
sel_devs_fsh(48,7)    -0.146112  0.000119374
sel_devs_fsh(48,8)    0.0680409 -2.86133e-05
sel_devs_fsh(48,9)     0.116863  3.63891e-05
sel_devs_fsh(48,10)     0.129591  0.000305423
sel_devs_fsh(48,11)    0.0876526 -0.000572711
sel_devs_fsh(48,12)    0.0738793  0.000221416
sel_devs_fsh(49,1)   -0.0226804 -2.50411e-05
sel_devs_fsh(49,2)     0.159146 -4.28801e-06
sel_devs_fsh(49,3)   -0.0314421 -2.07217e-05
sel_devs_fsh(49,4)    -0.149214 -4.25115e-06
sel_devs_fsh(49,5)    -0.115324  0.000121283
sel_devs_fsh(49,6)     0.286998 -0.000140518
sel_devs_fsh(49,7)     0.168728  8.79559e-05
sel_devs_fsh(49,8)    -0.118142 -1.83967e-05
sel_devs_fsh(49,9)    -0.129623  8.79236e-05
sel_devs_fsh(49,10)   -0.0134461  0.000366168
sel_devs_fsh(49,11)   -0.0186786 -0.000616956
sel_devs_fsh(49,12)   -0.0163173  0.000234099
sel_devs_fsh(50,1)   -0.0211116 -3.63764e-05
sel_devs_fsh(50,2)    -0.514047  5.95731e-05
sel_devs_fsh(50,3)      1.09515  7.05694e-05
sel_devs_fsh(50,4)     0.196047 -9.30681e-06
sel_devs_fsh(50,5)    -0.182414  6.44144e-05
sel_devs_fsh(50,6)    -0.104482  -0.00012913
sel_devs_fsh(50,7)    -0.148975  0.000132936
sel_devs_fsh(50,8)    -0.102506 -9.81198e-05
sel_devs_fsh(50,9)    -0.117322  1.77261e-05
sel_devs_fsh(50,10)   -0.0504256  0.000351983
sel_devs_fsh(50,11)   -0.0262463 -0.000639203
sel_devs_fsh(50,12)   -0.0236748  0.000162704
sel_devs_fsh(51,1)    0.0695585  2.41637e-05
sel_devs_fsh(51,2)     -0.11859  3.97564e-05
sel_devs_fsh(51,3)     -1.47035 -9.37524e-06
sel_devs_fsh(51,4)      1.06123 -7.31136e-05
sel_devs_fsh(51,5)     0.294511  9.36485e-05
sel_devs_fsh(51,6)   0.00660039 -7.57953e-05
sel_devs_fsh(51,7)   -0.0958305  7.01351e-05
sel_devs_fsh(51,8)     0.219245 -6.55609e-05
sel_devs_fsh(51,9)     0.137319  0.000120477
sel_devs_fsh(51,10)   -0.0553959  0.000369982
sel_devs_fsh(51,11)   -0.0194709 -0.000620582
sel_devs_fsh(51,12)   -0.0288198  0.000151761
sel_devs_fsh(52,1)    0.0542986 -2.72714e-05
sel_devs_fsh(52,2)     0.132978  9.39317e-06
sel_devs_fsh(52,3)    -0.296852  -9.4546e-06
sel_devs_fsh(52,4)     -1.11728  4.05423e-05
sel_devs_fsh(52,5)     0.604149  0.000107495
sel_devs_fsh(52,6)     0.349108 -6.74621e-05
sel_devs_fsh(52,7)     0.205522  3.08105e-05
sel_devs_fsh(52,8)   -0.0755002 -7.16682e-05
sel_devs_fsh(52,9)    0.0996319  6.31666e-05
sel_devs_fsh(52,10)    0.0727182  0.000348187
sel_devs_fsh(52,11)   -0.0124606 -0.000563981
sel_devs_fsh(52,12)   -0.0163158   0.00015274
sel_devs_fsh(53,1)    0.0280605   3.6597e-05
sel_devs_fsh(53,2)     0.179332  4.30001e-06
sel_devs_fsh(53,3)    0.0700737  4.14475e-05
sel_devs_fsh(53,4)    -0.547603 -7.40452e-06
sel_devs_fsh(53,5)     0.048499  5.00703e-05
sel_devs_fsh(53,6)     0.212129 -4.83075e-05
sel_devs_fsh(53,7)      0.12358  8.58598e-05
sel_devs_fsh(53,8)     0.101665  -0.00012575
sel_devs_fsh(53,9)   -0.0418113  0.000112948
sel_devs_fsh(53,10)   -0.0659443   0.00034173
sel_devs_fsh(53,11)   -0.0571618 -0.000504842
sel_devs_fsh(53,12)   -0.0508136  0.000112012
sel_devs_fsh(54,1)    0.0663718 -1.31652e-05
sel_devs_fsh(54,2)     0.722669 -1.26927e-05
sel_devs_fsh(54,3)     0.132237  1.91324e-05
sel_devs_fsh(54,4)     -0.61802  2.80799e-05
sel_devs_fsh(54,5)     -1.35857  5.07885e-06
sel_devs_fsh(54,6)    0.0800081 -1.56871e-05
sel_devs_fsh(54,7)     0.496363  2.56529e-05
sel_devs_fsh(54,8)      0.28921 -9.30129e-05
sel_devs_fsh(54,9)      0.18133   0.00017423
sel_devs_fsh(54,10)     0.159009    0.0002132
sel_devs_fsh(54,11)   -0.0487379 -0.000457867
sel_devs_fsh(54,12)    -0.101872  0.000124278
sel_devs_fsh(55,1)     0.118056 -4.49245e-08
sel_devs_fsh(55,2)     0.925901 -4.59541e-05
sel_devs_fsh(55,3)     0.600374  2.03724e-05
sel_devs_fsh(55,4)     0.730538  2.56444e-05
sel_devs_fsh(55,5)     0.237899 -4.40347e-05
sel_devs_fsh(55,6)    -0.526344 -1.80019e-05
sel_devs_fsh(55,7)    -0.643419  3.96791e-05
sel_devs_fsh(55,8)    -0.573684 -9.21807e-05
sel_devs_fsh(55,9)    -0.326988  0.000202542
sel_devs_fsh(55,10)    -0.271144  0.000295543
sel_devs_fsh(55,11)    -0.113636 -0.000395369
sel_devs_fsh(55,12)    -0.157551  3.37425e-05
sel_devs_fsh(56,1)    -0.029918 -2.46527e-05
sel_devs_fsh(56,2)     0.355612  5.54428e-06
sel_devs_fsh(56,3)     0.867792  1.16647e-05
sel_devs_fsh(56,4)    -0.225113 -4.35368e-05
sel_devs_fsh(56,5)    -0.113255  5.38391e-05
sel_devs_fsh(56,6)    -0.535994  1.77848e-05
sel_devs_fsh(56,7)    -0.151134  1.53425e-05
sel_devs_fsh(56,8)     0.125077 -0.000209515
sel_devs_fsh(56,9)   -0.0698775  0.000113043
sel_devs_fsh(56,10)   -0.0867871  0.000368118
sel_devs_fsh(56,11)   -0.0803861  -0.00043703
sel_devs_fsh(56,12)   -0.0560214  5.05319e-05
sel_devs_fsh(57,1)   0.00293535 -2.39652e-05
sel_devs_fsh(57,2)     0.135538  9.30064e-06
sel_devs_fsh(57,3)    -0.373396  2.37991e-05
sel_devs_fsh(57,4)     0.576544 -1.05759e-05
sel_devs_fsh(57,5)    0.0604456 -2.19433e-05
sel_devs_fsh(57,6)    -0.022617 -4.18962e-05
sel_devs_fsh(57,7)    -0.159601  3.32578e-05
sel_devs_fsh(57,8)   -0.0266689 -7.91163e-05
sel_devs_fsh(57,9)   -0.0642643  7.40075e-05
sel_devs_fsh(57,10)    -0.112655  0.000414709
sel_devs_fsh(57,11)   -0.0273923 -0.000422103
sel_devs_fsh(57,12)    0.0111308  2.75813e-05
sel_devs_fsh(58,1)    0.0283627 -2.65104e-05
sel_devs_fsh(58,2)    -0.391242 -2.62947e-05
sel_devs_fsh(58,3)   -0.0872696 -3.46569e-05
sel_devs_fsh(58,4)   -0.0554331  4.79439e-05
sel_devs_fsh(58,5)     0.554648  2.10585e-05
sel_devs_fsh(58,6)     0.255713  7.50415e-06
sel_devs_fsh(58,7)    -0.300283  2.30429e-06
sel_devs_fsh(58,8)    -0.138545 -3.57523e-05
sel_devs_fsh(58,9)   0.00512453  2.66356e-05
sel_devs_fsh(58,10)    0.0581966  0.000342149
sel_devs_fsh(58,11)    0.0268159 -0.000370956
sel_devs_fsh(58,12)     0.043913  5.70414e-05
sel_devs_fsh(59,1)  6.58548e-06  4.38411e-05
sel_devs_fsh(59,2)   0.00209909  5.53507e-06
sel_devs_fsh(59,3)   0.00295403  6.83056e-06
sel_devs_fsh(59,4)    0.0951601  1.88072e-06
sel_devs_fsh(59,5)   -0.0497423  8.47616e-06
sel_devs_fsh(59,6)   -0.0890375  3.12854e-05
sel_devs_fsh(59,7)   -0.0006396 -2.74816e-05
sel_devs_fsh(59,8)   -0.0462656 -9.17596e-05
sel_devs_fsh(59,9)   -0.0461776  3.62217e-05
sel_devs_fsh(59,10)  -0.00416291  0.000275297
sel_devs_fsh(59,11)    0.0167229 -0.000209714
sel_devs_fsh(59,12)     0.119089   1.4605e-05
sel_devs_ats(1,2)     0.321795   8.6785e-05
sel_devs_ats(1,3)     0.333738  1.37007e-05
sel_devs_ats(1,4)     0.311404  6.68246e-05
sel_devs_ats(1,5)     0.309137 -3.05031e-05
sel_devs_ats(1,6)     0.324039 -8.02602e-05
sel_devs_ats(1,7)       0.3283  9.09646e-05
sel_devs_ats(1,8)      0.32276 -6.73571e-05
sel_devs_ats(2,2)     0.365501  6.39245e-06
sel_devs_ats(2,3)     0.367218  3.03046e-06
sel_devs_ats(2,4)     0.366975  3.21572e-05
sel_devs_ats(2,5)     0.363713 -9.16137e-05
sel_devs_ats(2,6)     0.366044 -6.94924e-05
sel_devs_ats(2,7)     0.371267  2.88459e-05
sel_devs_ats(2,8)     0.371317 -5.75915e-05
sel_devs_ats(3,2)     0.439737  3.30815e-05
sel_devs_ats(3,3)     0.432888  2.99704e-05
sel_devs_ats(3,4)     0.403601  4.14748e-05
sel_devs_ats(3,5)     0.422123 -4.05828e-05
sel_devs_ats(3,6)     0.410685 -7.24892e-05
sel_devs_ats(3,7)      0.41684  8.46003e-05
sel_devs_ats(3,8)     0.407342   2.0691e-06
sel_devs_ats(4,2)     0.417146  2.09041e-05
sel_devs_ats(4,3)     0.497836  5.85891e-05
sel_devs_ats(4,4)     0.488779  1.98801e-05
sel_devs_ats(4,5)     0.451134  2.09127e-05
sel_devs_ats(4,6)     0.460761 -7.84174e-05
sel_devs_ats(4,7)     0.469925  4.10162e-05
sel_devs_ats(4,8)      0.44809  6.42954e-06
sel_devs_ats(5,2)     0.449571 -2.99739e-05
sel_devs_ats(5,3)     0.535153  2.24443e-05
sel_devs_ats(5,4)     0.531114  7.94217e-05
sel_devs_ats(5,5)     0.496557 -6.78995e-05
sel_devs_ats(5,6)     0.491456 -5.49923e-05
sel_devs_ats(5,7)     0.512826  3.52727e-05
sel_devs_ats(5,8)     0.488165  -3.8255e-05
sel_devs_ats(6,2)     0.494127 -3.09225e-05
sel_devs_ats(6,3)     0.515536   3.4274e-05
sel_devs_ats(6,4)     0.569255  4.24053e-05
sel_devs_ats(6,5)     0.533671 -1.75617e-05
sel_devs_ats(6,6)     0.540342 -5.06664e-05
sel_devs_ats(6,7)     0.513462  6.32275e-05
sel_devs_ats(6,8)     0.525985 -5.66419e-05
sel_devs_ats(7,2)     0.571109  1.70206e-06
sel_devs_ats(7,3)     0.562111  6.18277e-06
sel_devs_ats(7,4)     0.540949  2.54449e-05
sel_devs_ats(7,5)     0.566251  2.07304e-05
sel_devs_ats(7,6)     0.572405 -4.82115e-05
sel_devs_ats(7,7)     0.556664  6.02709e-05
sel_devs_ats(7,8)     0.548958 -7.67102e-05
sel_devs_ats(8,2)     0.575195 -3.07005e-05
sel_devs_ats(8,3)     0.588687  5.71262e-05
sel_devs_ats(8,4)     0.573121  7.28972e-05
sel_devs_ats(8,5)     0.583898  1.21483e-05
sel_devs_ats(8,6)     0.590603 -2.73062e-05
sel_devs_ats(8,7)     0.581222 -1.83395e-05
sel_devs_ats(8,8)      0.57104 -5.31279e-05
sel_devs_ats(9,2)     0.540196 -8.69065e-05
sel_devs_ats(9,3)     0.538492 -4.82041e-06
sel_devs_ats(9,4)     0.607158  7.62706e-05
sel_devs_ats(9,5)      0.61997 -2.99321e-05
sel_devs_ats(9,6)     0.603993 -2.66884e-05
sel_devs_ats(9,7)     0.595331   4.0319e-05
sel_devs_ats(9,8)     0.599366  8.44334e-06
sel_devs_ats(10,2)     0.536766 -7.56293e-05
sel_devs_ats(10,3)     0.553165  2.89168e-05
sel_devs_ats(10,4)     0.636017  5.90112e-05
sel_devs_ats(10,5)     0.632874  1.33633e-05
sel_devs_ats(10,6)     0.615335  2.42343e-05
sel_devs_ats(10,7)     0.611348  3.37845e-05
sel_devs_ats(10,8)     0.614346 -5.81026e-05
sel_devs_ats(11,2)     0.645203 -6.42669e-06
sel_devs_ats(11,3)     0.608124  7.38409e-06
sel_devs_ats(11,4)     0.542139  1.07368e-05
sel_devs_ats(11,5)     0.571885  2.67494e-05
sel_devs_ats(11,6)     0.602341  3.34936e-05
sel_devs_ats(11,7)     0.614162  5.38773e-05
sel_devs_ats(11,8)      0.62418 -7.02699e-05
sel_devs_ats(12,2)     0.626387 -5.45642e-05
sel_devs_ats(12,3)     0.601558  4.30263e-06
sel_devs_ats(12,4)     0.553368  7.18046e-06
sel_devs_ats(12,5)     0.569084  -3.9887e-05
sel_devs_ats(12,6)     0.596481 -2.91328e-06
sel_devs_ats(12,7)     0.611428  2.59226e-05
sel_devs_ats(12,8)     0.621825 -1.11835e-05
sel_devs_ats(13,2)     0.639254 -3.18066e-05
sel_devs_ats(13,3)     0.626332 -5.28423e-07
sel_devs_ats(13,4)      0.59217  4.23731e-05
sel_devs_ats(13,5)     0.597703 -1.92298e-05
sel_devs_ats(13,6)     0.605955  1.83947e-05
sel_devs_ats(13,7)     0.598379  3.21169e-05
sel_devs_ats(13,8)     0.607039 -5.44596e-05
sel_devs_ats(14,2)     0.659351 -4.10423e-05
sel_devs_ats(14,3)     0.628396  8.84023e-06
sel_devs_ats(14,4)     0.577499   2.6596e-05
sel_devs_ats(14,5)     0.566084   5.8155e-05
sel_devs_ats(14,6)     0.574447  1.90181e-05
sel_devs_ats(14,7)     0.589894  1.74966e-05
sel_devs_ats(14,8)     0.603793 -8.35012e-05
sel_devs_ats(15,2)     0.616503 -3.28634e-05
sel_devs_ats(15,3)     0.616634 -1.07011e-05
sel_devs_ats(15,4)     0.583099   1.5524e-05
sel_devs_ats(15,5)     0.578016  -3.0335e-06
sel_devs_ats(15,6)     0.585131 -8.48049e-07
sel_devs_ats(15,7)      0.59472  2.70496e-05
sel_devs_ats(15,8)     0.596284  2.98593e-05
sel_devs_ats(16,2)     0.622552 -2.65429e-05
sel_devs_ats(16,3)     0.583128 -1.15077e-05
sel_devs_ats(16,4)     0.604313  2.15692e-05
sel_devs_ats(16,5)     0.577267  3.55148e-05
sel_devs_ats(16,6)      0.57959 -2.42636e-06
sel_devs_ats(16,7)     0.586519  5.65575e-05
sel_devs_ats(16,8)     0.581901 -1.40315e-05
sel_devs_ats(17,2)     0.608636  -5.1131e-05
sel_devs_ats(17,3)     0.588175 -1.26809e-05
sel_devs_ats(17,4)      0.56922  5.05415e-05
sel_devs_ats(17,5)     0.575614  8.20599e-06
sel_devs_ats(17,6)     0.577922 -2.84598e-05
sel_devs_ats(17,7)     0.583315  1.03029e-05
sel_devs_ats(17,8)     0.575904 -1.29175e-05
sel_devs_ats(18,2)     0.616443 -3.79553e-05
sel_devs_ats(18,3)     0.582216 -6.80026e-06
sel_devs_ats(18,4)      0.56625  9.91132e-06
sel_devs_ats(18,5)     0.571589 -8.83145e-06
sel_devs_ats(18,6)     0.576622 -2.42391e-05
sel_devs_ats(18,7)     0.583107  1.10931e-05
sel_devs_ats(18,8)     0.574898 -1.02895e-05
sel_devs_ats(19,2)     0.590657 -1.39355e-05
sel_devs_ats(19,3)     0.602042 -2.91995e-05
sel_devs_ats(19,4)     0.631905  5.39702e-05
sel_devs_ats(19,5)     0.622686 -3.13776e-05
sel_devs_ats(19,6)     0.613951 -2.64237e-05
sel_devs_ats(19,7)     0.599729  2.40928e-05
sel_devs_ats(19,8)     0.573633 -3.92377e-05
sel_devs_ats(20,2)     0.624457 -1.57024e-06
sel_devs_ats(20,3)     0.606016 -5.94867e-06
sel_devs_ats(20,4)     0.650475  8.48894e-05
sel_devs_ats(20,5)     0.635748  -6.6752e-06
sel_devs_ats(20,6)     0.630192   8.7598e-06
sel_devs_ats(20,7)     0.621936  4.56923e-05
sel_devs_ats(20,8)     0.590392  1.31386e-05
sel_devs_ats(21,2)     0.534732 -5.28756e-06
sel_devs_ats(21,3)     0.659619 -9.21493e-06
sel_devs_ats(21,4)     0.703879  2.40783e-05
sel_devs_ats(21,5)     0.682713 -6.81317e-06
sel_devs_ats(21,6)      0.65212 -1.60149e-05
sel_devs_ats(21,7)     0.632519  2.37892e-05
sel_devs_ats(21,8)     0.633632  3.75454e-05
sel_devs_ats(22,2)     0.570538 -3.32553e-05
sel_devs_ats(22,3)     0.680356  9.58714e-06
sel_devs_ats(22,4)     0.754177 -1.80356e-05
sel_devs_ats(22,5)     0.708765  1.84774e-06
sel_devs_ats(22,6)     0.684217 -6.01293e-05
sel_devs_ats(22,7)     0.670739 -1.19695e-05
sel_devs_ats(22,8)     0.671566  3.04388e-06
sel_devs_ats(23,2)     0.686553  -2.1585e-05
sel_devs_ats(23,3)     0.645585   1.2941e-05
sel_devs_ats(23,4)     0.609867  2.01179e-05
sel_devs_ats(23,5)     0.711044 -1.03269e-05
sel_devs_ats(23,6)     0.724346 -4.07041e-05
sel_devs_ats(23,7)     0.712204  6.59295e-05
sel_devs_ats(23,8)     0.715083  -7.2378e-06
sel_devs_ats(24,2)     0.701354 -2.34967e-05
sel_devs_ats(24,3)     0.670572  4.06681e-05
sel_devs_ats(24,4)     0.647176    2.161e-07
sel_devs_ats(24,5)     0.737662 -4.07701e-06
sel_devs_ats(24,6)     0.748927 -4.11982e-05
sel_devs_ats(24,7)     0.741267  1.50362e-05
sel_devs_ats(24,8)     0.740649 -1.01583e-05
sel_devs_ats(25,2)      0.72217 -1.69325e-05
sel_devs_ats(25,3)     0.733966  2.35676e-05
sel_devs_ats(25,4)     0.766517 -4.64784e-05
sel_devs_ats(25,5)     0.750272  1.95477e-05
sel_devs_ats(25,6)     0.763146 -2.94662e-05
sel_devs_ats(25,7)     0.762935  2.78513e-05
sel_devs_ats(25,8)     0.760213  6.30821e-06
sel_devs_ats(26,2)     0.739319  4.30525e-06
sel_devs_ats(26,3)     0.757546  8.15801e-05
sel_devs_ats(26,4)      0.79378  -4.1147e-06
sel_devs_ats(26,5)     0.782022  4.16285e-05
sel_devs_ats(26,6)     0.788219 -2.32915e-05
sel_devs_ats(26,7)     0.790161  3.11977e-05
sel_devs_ats(26,8)     0.786604 -4.38181e-05
sel_devs_ats(27,2)     0.757955 -2.89716e-05
sel_devs_ats(27,3)     0.770684   5.6082e-05
sel_devs_ats(27,4)     0.819797 -1.08074e-05
sel_devs_ats(27,5)     0.806853  1.40271e-05
sel_devs_ats(27,6)     0.812504  3.64755e-06
sel_devs_ats(27,7)      0.81481  1.05674e-05
sel_devs_ats(27,8)     0.810834 -1.55986e-06
sel_devs_ats(28,2)     0.763732 -6.57541e-05
sel_devs_ats(28,3)     0.778188   6.0652e-05
sel_devs_ats(28,4)     0.856069 -2.96409e-05
sel_devs_ats(28,5)     0.823982 -1.17718e-05
sel_devs_ats(28,6)     0.834183 -5.24075e-05
sel_devs_ats(28,7)     0.836813  1.49459e-05
sel_devs_ats(28,8)     0.830199 -3.15998e-05
sel_devs_ats(29,2)     0.833007 -3.19301e-05
sel_devs_ats(29,3)     0.826796  3.33374e-05
sel_devs_ats(29,4)     0.761249  6.12438e-06
sel_devs_ats(29,5)     0.825986  4.00959e-05
sel_devs_ats(29,6)     0.859667 -3.84799e-05
sel_devs_ats(29,7)      0.85982  2.24175e-05
sel_devs_ats(29,8)     0.845327 -9.57215e-05
sel_devs_ats(30,2)     0.822616  2.23855e-05
sel_devs_ats(30,3)     0.825498  3.97765e-05
sel_devs_ats(30,4)     0.783522  3.43747e-05
sel_devs_ats(30,5)     0.828844  4.89896e-06
sel_devs_ats(30,6)     0.872659 -1.87662e-05
sel_devs_ats(30,7)     0.870755  1.77065e-05
sel_devs_ats(30,8)     0.851173 -1.93285e-05
sel_coffs_fsh(1)     -4.09087 -2.49073e-06
sel_coffs_fsh(2)     -2.16291  7.80206e-07
sel_coffs_fsh(3)     -0.90815 -2.21736e-06
sel_coffs_fsh(4)     0.335925  3.08192e-06
sel_coffs_fsh(5)     0.319954  2.47407e-05
sel_coffs_fsh(6)     0.295881 -3.06112e-05
sel_coffs_fsh(7)     0.263378  3.84705e-05
sel_coffs_fsh(8)     0.231967  6.95166e-06
sel_coffs_fsh(9)     0.205068 -2.89867e-05
sel_coffs_fsh(10)     0.184262  4.83909e-05
sel_coffs_fsh(11)     0.168179 -7.04012e-05
sel_coffs_fsh(12)     0.156084  1.77736e-05
sel_coffs_ats(2)    -0.156306 -3.99031e-07
sel_coffs_ats(3)    -0.151588  4.37236e-06
sel_coffs_ats(4)     0.037249  1.02773e-05
sel_coffs_ats(5)      0.16482 -7.15296e-06
sel_coffs_ats(6)     0.210805 -9.00535e-06
sel_coffs_ats(7)     0.299337  1.03572e-05
sel_coffs_ats(8)     0.412277 -1.25511e-05
sel_slp_bts      1.03141  6.15774e-05
sel_a50_bts      6.11074  2.55069e-05
sel_age_one_bts     -3.21431 -9.00969e-06
sel_a50_bts_dev(1982)    -0.235075 -2.71283e-05
sel_a50_bts_dev(1983)    -0.177814 -7.85431e-05
sel_a50_bts_dev(1984)    -0.053006 -8.55394e-05
sel_a50_bts_dev(1985)   -0.0448984 -7.75585e-05
sel_a50_bts_dev(1986)   -0.0124699 -4.30219e-05
sel_a50_bts_dev(1987)   -0.0625157 -4.89773e-05
sel_a50_bts_dev(1988)    -0.166619  3.85762e-06
sel_a50_bts_dev(1989)     -0.16056  0.000142122
sel_a50_bts_dev(1990)    -0.125887 -0.000162467
sel_a50_bts_dev(1991)   -0.0549107 -2.27039e-05
sel_a50_bts_dev(1992)   -0.0806738 -0.000135307
sel_a50_bts_dev(1993)    -0.103429  5.49109e-05
sel_a50_bts_dev(1994)   -0.0208863 -7.55524e-05
sel_a50_bts_dev(1995)    0.0769823 -7.16015e-06
sel_a50_bts_dev(1996)     0.145315 -7.28533e-05
sel_a50_bts_dev(1997)     0.133723  6.12131e-05
sel_a50_bts_dev(1998)     0.153557 -0.000106253
sel_a50_bts_dev(1999)    0.0626347  0.000175615
sel_a50_bts_dev(2000)    0.0301714  4.10132e-05
sel_a50_bts_dev(2001)    0.0295997 -0.000121353
sel_a50_bts_dev(2002)    0.0450771   1.1742e-05
sel_a50_bts_dev(2003)    0.0821192  8.32618e-05
sel_a50_bts_dev(2004)    0.0811041  4.85066e-05
sel_a50_bts_dev(2005)    0.0544128  3.03917e-05
sel_a50_bts_dev(2006)    0.0898295  7.08983e-05
sel_a50_bts_dev(2007)    0.0276579  4.69915e-05
sel_a50_bts_dev(2008)     0.056065  1.67209e-05
sel_a50_bts_dev(2009)    0.0783328  2.00715e-06
sel_a50_bts_dev(2010)    0.0132469  7.35728e-06
sel_a50_bts_dev(2011)    0.0667391 -6.53762e-05
sel_a50_bts_dev(2012)     0.019966 -0.000116216
sel_a50_bts_dev(2013)    -0.010161  3.00428e-05
sel_a50_bts_dev(2014)   -0.0705354 -3.51345e-05
sel_a50_bts_dev(2015)     -0.12727 -5.45053e-05
sel_a50_bts_dev(2016)   -0.0445742 -5.20801e-05
sel_a50_bts_dev(2017)   -0.0188667    9.015e-05
sel_a50_bts_dev(2018)    0.0637854  8.38748e-05
sel_a50_bts_dev(2019)   -0.0185284  3.69369e-05
sel_a50_bts_dev(2020)    0.0232659 -5.30927e-05
sel_a50_bts_dev(2021)    0.0614669 -7.84129e-05
sel_a50_bts_dev(2022)    0.0433072 -3.94659e-05
sel_a50_bts_dev(2023)     0.120871  8.91755e-05
sel_a50_bts_dev(2024)    0.0294504  0.000152585
sel_age_one_bts_dev(1982)   -0.0633929  2.42189e-05
sel_age_one_bts_dev(1983)  -0.00387431 -7.65238e-05
sel_age_one_bts_dev(1984)    0.0436148  2.44295e-05
sel_age_one_bts_dev(1985)    -0.205174  5.16434e-05
sel_age_one_bts_dev(1986)     -0.40266 -8.97792e-05
sel_age_one_bts_dev(1987)     -0.26091  1.94978e-05
sel_age_one_bts_dev(1988)    -0.326796  2.44163e-05
sel_age_one_bts_dev(1989)   -0.0811236  3.28164e-05
sel_age_one_bts_dev(1990)     0.091875  5.46262e-05
sel_age_one_bts_dev(1991)    -0.188955  4.52702e-05
sel_age_one_bts_dev(1992)   -0.0674527  2.06363e-05
sel_age_one_bts_dev(1993)  -0.00506981 -2.64318e-05
sel_age_one_bts_dev(1994)    -0.105431  1.76349e-05
sel_age_one_bts_dev(1995)    -0.107783 -2.84047e-06
sel_age_one_bts_dev(1996)    -0.127132  2.72169e-05
sel_age_one_bts_dev(1997)   -0.0347064  4.88226e-05
sel_age_one_bts_dev(1998)    0.0200653  2.41063e-05
sel_age_one_bts_dev(1999)    0.0578851 -2.68732e-05
sel_age_one_bts_dev(2000)     0.158311 -1.99339e-05
sel_age_one_bts_dev(2001)    0.0419535  9.25201e-05
sel_age_one_bts_dev(2002)    0.0730718 -1.57424e-05
sel_age_one_bts_dev(2003)     0.254721  1.07324e-05
sel_age_one_bts_dev(2004)    0.0748471 -5.21623e-05
sel_age_one_bts_dev(2005)   0.00230051  2.73204e-06
sel_age_one_bts_dev(2006)    -0.026934  4.53301e-06
sel_age_one_bts_dev(2007)   -0.0144158 -8.15228e-05
sel_age_one_bts_dev(2008)      0.19027  2.76333e-05
sel_age_one_bts_dev(2009)     0.340635 -2.84905e-05
sel_age_one_bts_dev(2010)     0.332133  5.71254e-05
sel_age_one_bts_dev(2011)    -0.082439  1.40559e-05
sel_age_one_bts_dev(2012)   -0.0886764  1.63507e-05
sel_age_one_bts_dev(2013)     0.170986 -1.58085e-05
sel_age_one_bts_dev(2014)     0.126966  -3.8086e-05
sel_age_one_bts_dev(2015)  -0.00989262   1.4973e-05
sel_age_one_bts_dev(2016)    -0.109763 -4.09796e-05
sel_age_one_bts_dev(2017)    -0.124155  0.000103388
sel_age_one_bts_dev(2018)   -0.0970649 -4.00507e-05
sel_age_one_bts_dev(2019)     0.230402  2.54548e-05
sel_age_one_bts_dev(2020)     0.115367  4.92827e-06
sel_age_one_bts_dev(2021)  0.000332585 -2.19179e-06
sel_age_one_bts_dev(2022)    0.0955738 -3.61847e-05
sel_age_one_bts_dev(2023)    0.0629871  1.61504e-05
sel_age_one_bts_dev(2024)    0.0495034 -1.67548e-05
L1      28.2771   4.7172e-05
L2      46.1029   1.5973e-05
log_K    -0.127657 -2.49136e-05
d_scale(1,3)       0.5236 -1.11508e-05
d_scale(1,4)     0.704441  5.59105e-06
d_scale(1,5)     0.765531 -6.15644e-05
d_scale(1,6)     0.829738  8.72575e-05
d_scale(1,7)     0.870009 -1.30693e-05
d_scale(1,8)      0.93339 -6.33769e-06
d_scale(1,9)     0.978959  1.00317e-05
d_scale(1,10)     0.974786  8.48667e-06
d_scale(1,11)     0.995057 -1.68717e-06
d_scale(1,12)     0.934379  4.03066e-05
d_scale(1,13)     0.954279 -1.18306e-05
d_scale(1,14)     0.863685 -2.54119e-05
d_scale(1,15)      1.00357 -1.17073e-05
coh_eff(1955)            0            0
coh_eff(1956)            0            0
coh_eff(1957)            0            0
coh_eff(1958)            0            0
coh_eff(1959)            0            0
coh_eff(1960)            0            0
coh_eff(1961)            0            0
coh_eff(1962)            0            0
coh_eff(1963)            0            0
coh_eff(1964)            0            0
coh_eff(1965)            0            0
coh_eff(1966)            0            0
coh_eff(1967)            0            0
coh_eff(1968)            0            0
coh_eff(1969)            0            0
coh_eff(1970)            0            0
coh_eff(1971)    -0.174323 -8.45154e-07
coh_eff(1972)      0.30642 -2.16053e-06
coh_eff(1973)    0.0390726   3.0916e-06
coh_eff(1974)     0.531743  1.84504e-05
coh_eff(1975)    -0.412215 -2.09934e-05
coh_eff(1976)     0.532175 -9.81087e-06
coh_eff(1977)    -0.453931 -1.14096e-05
coh_eff(1978)     0.450572 -3.27458e-05
coh_eff(1979)     0.047229 -1.43784e-06
coh_eff(1980)   -0.0884759  8.38515e-06
coh_eff(1981)    -0.393548 -1.50024e-05
coh_eff(1982)    -0.577962  -6.8534e-06
coh_eff(1983)     0.581888  3.38442e-05
coh_eff(1984)     0.662105  9.23354e-07
coh_eff(1985)      1.15135  1.98417e-05
coh_eff(1986)     -0.03785  -4.2415e-05
coh_eff(1987)     0.619849  4.20002e-07
coh_eff(1988)   -0.0222029  2.60105e-05
coh_eff(1989)     -1.01852 -2.37671e-05
coh_eff(1990)    -0.872082 -9.58322e-06
coh_eff(1991)    -0.963217  4.96512e-05
coh_eff(1992)     0.852762 -7.42899e-05
coh_eff(1993)      1.78828 -4.66233e-05
coh_eff(1994)      0.50675  1.37655e-05
coh_eff(1995)    -0.980142 -2.47441e-05
coh_eff(1996)   -0.0701877  0.000101732
coh_eff(1997)     0.969765 -9.12781e-05
coh_eff(1998)     0.468247 -3.25555e-05
coh_eff(1999)     0.395471  1.94689e-05
coh_eff(2000)   -0.0684585 -3.58401e-06
coh_eff(2001)     0.385649  3.11062e-05
coh_eff(2002)     0.878651 -8.48187e-05
coh_eff(2003)      1.45759 -3.41029e-05
coh_eff(2004)     0.414359  4.31553e-06
coh_eff(2005)    -0.801252  4.94778e-06
coh_eff(2006)     -1.12025  3.57175e-05
coh_eff(2007)    -0.451529 -8.22419e-05
coh_eff(2008)     -1.66794  1.20951e-05
coh_eff(2009)    -0.772619  4.91846e-05
coh_eff(2010)     -1.53472  3.48672e-05
coh_eff(2011)     -2.03099  8.87643e-06
coh_eff(2012)     -1.88351  4.04126e-05
coh_eff(2013)     -1.15567  6.05198e-05
coh_eff(2014)     0.725716 -2.65613e-06
coh_eff(2015)     0.775548  0.000103297
coh_eff(2016)    0.0220588  0.000120703
coh_eff(2017)     0.326546  0.000101604
coh_eff(2018)     0.567605  4.19853e-05
coh_eff(2019)      1.41456  6.47953e-05
coh_eff(2020)     0.374874 -8.44257e-05
coh_eff(2021)     0.189904  4.39368e-05
coh_eff(2022)      1.11949  -2.2854e-05
coh_eff(2023)      1.66812  1.51115e-07
coh_eff(2024)     0.354273  1.99804e-07
coh_eff(2025)            0            0
coh_eff(2026)            0            0
yr_eff(1970)            0            0
yr_eff(1971)     0.173551  6.93437e-07
yr_eff(1972)  -0.00300709 -1.76417e-06
yr_eff(1973)     0.308491 -7.90224e-07
yr_eff(1974)     0.365071  5.00379e-06
yr_eff(1975)       1.5963 -2.60883e-06
yr_eff(1976)     0.449983  5.90294e-06
yr_eff(1977)      2.08953  6.83475e-06
yr_eff(1978)     0.408934 -1.51086e-05
yr_eff(1979)      1.21191 -6.28441e-05
yr_eff(1980)      1.29396 -7.25804e-05
yr_eff(1981)     0.913715 -4.21782e-05
yr_eff(1982)     0.186395 -4.04143e-05
yr_eff(1983)     0.946769  1.35258e-05
yr_eff(1984)    -0.522568 -2.65302e-05
yr_eff(1985)     0.194481  7.10928e-05
yr_eff(1986)     -1.38398 -0.000146301
yr_eff(1987)    -0.523552  0.000105248
yr_eff(1988)    -0.965511  5.26393e-05
yr_eff(1989)    -0.691761 -5.07954e-05
yr_eff(1990)     0.532205 -1.64202e-05
yr_eff(1991)     0.254749 -5.67486e-06
yr_eff(1992)     0.266519  7.30063e-05
yr_eff(1993)      1.04645  -1.0823e-05
yr_eff(1994)     0.161365 -2.19115e-06
yr_eff(1995)    -0.266973  1.81813e-05
yr_eff(1996)    -0.495524 -1.79331e-05
yr_eff(1997)    -0.103362  7.04088e-05
yr_eff(1998)    -0.399312 -1.37199e-05
yr_eff(1999)    -0.222823 -4.42572e-05
yr_eff(2000)    -0.121403  1.15205e-05
yr_eff(2001)     0.660468 -0.000105635
yr_eff(2002)     0.129535   3.2169e-05
yr_eff(2003)    0.0186953  3.64219e-05
yr_eff(2004)    -0.211623  3.34639e-05
yr_eff(2005)    -0.655893  6.20079e-05
yr_eff(2006)   -0.0297589   3.6798e-05
yr_eff(2007)      1.07527  0.000120104
yr_eff(2008)     0.487862 -9.00008e-05
yr_eff(2009)      1.55114 -6.19658e-05
yr_eff(2010)     0.723351   5.3087e-05
yr_eff(2011)     0.870444  0.000106137
yr_eff(2012)     0.236104  3.61724e-05
yr_eff(2013)     0.655274 -7.28901e-06
yr_eff(2014)     0.787419  4.05607e-05
yr_eff(2015)     -2.04374  2.65968e-05
yr_eff(2016)    -0.258236  0.000150944
yr_eff(2017)    0.0174494 -8.25378e-05
yr_eff(2018)    -0.798285  1.07396e-05
yr_eff(2019)     0.881217 -6.73503e-05
yr_eff(2020)     -1.54825  7.10587e-05
yr_eff(2021)     -1.33076  7.13109e-06
yr_eff(2022)   -0.0141347   9.9226e-06
yr_eff(2023)     -3.22027 -6.36512e-06
yr_eff(2024)      0.94571 -3.60339e-05
yr_eff(2025)            0            0
yr_eff(2026)            0            0
yr_eff(2027)            0            0
yr_eff(2028)            0            0
yr_eff(2029)            0            0
