# Number of parameters = 1366 Objective function value = 7019.03638915305  Maximum gradient component = 0.00191170882158331
# log_avgrec:
9.81670340797
# log_avginit:
3.95570903401
# log_avg_F:
-1.40452306659
# natmort_phi:
0.00000000000
# log_q_bts:
0.00000000000
# log_q_std_area:
-0.600000000000
# bt_slope:
0.00000000000
# log_q_ats:
-0.615054387001
# log_Rzero:
10.4752838729
# steepness:
0.517725740366
# log_q_cpue:
0.136783144333
# log_q_avo:
-8.19578038432
# log_initdevs:
 4.26049957586 3.77948571908 2.26130713486 1.41995230345 2.11334331660 1.28939409578 -0.381424995247 -2.11620062034 -2.10913142571 -2.10421638303 -2.10104857296 -2.10233283290 -2.10373757737 -2.10590340850
# log_rec_devs:
 -1.50218409127 0.147068298026 -0.258369457833 0.362969979152 0.204426745118 0.395466253290 0.277698959910 -0.322662454179 -0.589309404003 0.406350790165 0.0588173079788 -0.118042993130 -0.396876511483 -0.335833453979 0.295369798985 1.14322923697 0.409978292154 0.568113761794 -0.00400747405325 1.03281997626 -0.282414630388 0.573119309132 -0.400564455893 -0.993684041635 -1.26805181374 -0.488614763938 0.993470902406 0.366551632016 0.213158134095 0.894417439885 -0.190009712746 -0.552463603201 0.184035884403 0.484656396577 -0.235530469271 -0.151516348585 0.282193088419 0.624900894295 0.213566134008 -0.265789208100 -1.07481145368 -1.43550252851 -0.493994934020 0.291328007189 -0.346261567592 0.972605986337 0.196589685498 -0.305205885294 -0.449411226055 0.846207128326 0.985853289402 0.146520382505 -0.847334277808 -0.848706357724 -0.103958301771 1.50287197664 0.129054343203 -0.488872845027 -0.490158480740 -0.0447859422408 0.0815090322673
# larv_rec_devs:
 0.00000000000 0.00000000000 0.00000000000 0.00000000000 0.00000000000 0.00000000000 0.00000000000 0.00000000000 0.00000000000 0.00000000000 0.00000000000
 0.00000000000 0.00000000000 0.00000000000 0.00000000000 0.00000000000 0.00000000000 0.00000000000 0.00000000000 0.00000000000 0.00000000000 0.00000000000
 0.00000000000 0.00000000000 0.00000000000 0.00000000000 0.00000000000 0.00000000000 0.00000000000 0.00000000000 0.00000000000 0.00000000000 0.00000000000
 0.00000000000 0.00000000000 0.00000000000 0.00000000000 0.00000000000 0.00000000000 0.00000000000 0.00000000000 0.00000000000 0.00000000000 0.00000000000
 0.00000000000 0.00000000000 0.00000000000 0.00000000000 0.00000000000 0.00000000000 0.00000000000 0.00000000000 0.00000000000 0.00000000000 0.00000000000
 0.00000000000 0.00000000000 0.00000000000 0.00000000000 0.00000000000 0.00000000000 0.00000000000 0.00000000000 0.00000000000 0.00000000000 0.00000000000
 0.00000000000 0.00000000000 0.00000000000 0.00000000000 0.00000000000 0.00000000000 0.00000000000 0.00000000000 0.00000000000 0.00000000000 0.00000000000
 0.00000000000 0.00000000000 0.00000000000 0.00000000000 0.00000000000 0.00000000000 0.00000000000 0.00000000000 0.00000000000 0.00000000000 0.00000000000
 0.00000000000 0.00000000000 0.00000000000 0.00000000000 0.00000000000 0.00000000000 0.00000000000 0.00000000000 0.00000000000 0.00000000000 0.00000000000
 0.00000000000 0.00000000000 0.00000000000 0.00000000000 0.00000000000 0.00000000000 0.00000000000 0.00000000000 0.00000000000 0.00000000000 0.00000000000
 0.00000000000 0.00000000000 0.00000000000 0.00000000000 0.00000000000 0.00000000000 0.00000000000 0.00000000000 0.00000000000 0.00000000000 0.00000000000
# log_F_devs:
 -0.534348744652 -0.589617773870 -0.686754714088 -0.117174682590 -0.143961410821 -0.108689781847 0.248292459639 0.588644584851 0.692086592181 0.829163720875 0.907269407622 0.703772959578 0.591767121446 0.478577415482 0.575077858161 0.626572766880 0.556709613304 0.237190000796 -0.204357537982 -0.404505267200 -0.446436148236 -0.451008491918 -0.535450910323 -0.851896750072 -0.543336456948 -0.516526833587 -0.102768204992 0.106999172036 0.416158897459 -0.00988904333079 -0.258342028451 -0.276828217893 -0.105405965880 -0.0723084090505 -0.252822948431 -0.487512638122 -0.392458401500 -0.255999366024 -0.0915834091485 -0.0157803040028 -0.117370822208 -0.180329581433 0.0270485884291 0.108882098281 0.220703451831 0.204677454328 0.0263474682375 0.336530030491 0.352004639723 0.307641834201 0.255500867958 0.331484267564 0.0125247585866 -0.0133286678470 -0.226805441789 -0.114469494178 0.120159955638 0.0611391738831 -0.289469253624 -0.309823436016 -0.215566021407
# sigr:
1.00000000000
# sel_devs_fsh:
 0.0414627462392 0.0813394941663 0.183984324267 -0.0348298490066 -0.0370524610689 -0.0515505454837 -0.0465036629156 -0.0414160035703 -0.0335195073345 -0.0257705419711 -0.0199001065341 -0.0162394482578
 0.0487820859735 0.0970967788249 0.229812519440 -0.0955358144531 -0.0817173220600 -0.0666214044384 -0.0503104850194 -0.0342756925385 -0.0242635445875 -0.0150746146010 -0.00698984634462 -0.000910460805307
 0.120480397416 0.0914571820039 0.00275477079217 -0.0186992878874 -0.0390658306510 -0.0454907203176 -0.0438074224314 -0.0344191755682 -0.0240503281678 -0.0104566888577 -0.000491277526672 0.00179927375359
 0.130447205982 0.0650449248764 0.142473796306 -0.111807634752 -0.106097511770 -0.0930222622887 -0.0765659137838 -0.0180044432654 -0.000909306068868 0.0154201379759 0.0228758141233 0.0301389046240
 0.190310177154 0.136639456359 -0.0409297003477 -0.270861819020 -0.128777481790 -0.113557341279 -0.0471207385724 0.0157084488139 0.0420206325742 0.0596291977847 0.0669359458184 0.0900025646692
 0.0142257017712 0.0334192227223 -0.0877844534873 -0.0602714166371 -0.0126253183775 -0.0233661157082 -0.0545556510136 0.0133596026167 0.0333965991239 0.0401373996540 0.0446619023123 0.0594013447591
 -0.233215922940 0.204982135832 0.117615202412 0.0730505368286 -0.0263086236899 -0.0136235191774 -0.0216556477894 -0.0333190912833 -0.00931776279004 -0.0107785167801 -0.0187162228862 -0.0287138972354
 -0.258065575845 0.109554022150 0.0792233910415 0.0529325784635 0.0379957395682 0.0528563253231 0.0229171143920 -0.00184100058421 -0.0119423678648 -0.0162041229322 -0.0265029361161 -0.0409228831564
 -0.213647464880 0.139737577184 0.182844335948 0.0484670944623 0.0178541968687 0.000765295301036 -0.00212988314181 -0.0306424147170 -0.0241388639853 -0.0272233915932 -0.0362141388940 -0.0556759059385
 -0.194748619259 -0.177727753752 0.133474200108 0.0884372728307 0.0442232261021 0.0374925162773 0.0345917685140 -0.00577035648219 0.00514900026020 0.0121165319198 0.0119097760136 0.0108519129336
 -0.193391219546 -0.0745749450203 -0.0854479717229 0.0955537655555 0.0793284209662 0.0666982619209 0.0599244469420 0.0139427151532 0.0108880003795 0.0102038310534 0.00943304060858 0.00743777392219
 -0.183695203130 0.0178566647816 -0.129296557891 -0.0511762951769 0.0642436391712 0.0666833270438 0.0656826899331 0.0335845158063 0.0259293204183 0.0288806643829 0.0303849790839 0.0309197248839
 -0.224740140429 -0.137988944204 -0.0395725190266 -0.0302515816072 0.0437672778486 0.0558713512760 0.0747357897014 0.0687287748264 0.0527659377885 0.0448732587942 0.0462012023591 0.0456075905220
 -0.178858115939 -0.378465887779 -0.170826458359 -0.0380550479807 0.0824292038929 0.144377467951 0.122957965264 0.123219400615 0.0981293408771 0.0682689082532 0.0644850500301 0.0623448364780
 -0.196485415354 -0.480973278103 -0.270134564913 0.0682226260233 0.114923945633 0.149946042167 0.146685690029 0.138099517141 0.0933964670606 0.0802381841212 0.0793310570167 0.0767472811414
 -0.162721873343 -0.268857050993 -0.275146526033 -0.0182787391726 0.115983718295 0.0816646182352 0.0906007552462 0.0955969296175 0.0905183532034 0.0843835157905 0.0821738251324 0.0840813090121
 -0.127907460261 -0.0991219644561 -0.301063595705 -0.0227275446491 0.0293070879325 0.0629494632599 0.0618409981273 0.0730850433701 0.0772565408409 0.0793879323085 0.0817327266176 0.0852442609606
 -0.144727178400 0.105345461189 -0.0849060579662 -0.164650014211 -0.0783656317663 0.0433372655235 0.0368799807366 0.0298442783877 0.0504534861068 0.0593411466121 0.0692732153840 0.0781769557252
 -0.134000072065 -0.148764886499 0.0635367838163 -0.0692997039794 0.0595532981049 0.00608011394371 0.0348597423827 0.0261266507021 0.0261718362804 0.0322635099096 0.0470754670334 0.0563985551014
 -0.150177899479 0.0464304031148 0.139981045004 -0.0787909897712 -0.230837816703 0.0732739240524 0.0423479090983 0.0427923160977 0.0169075944139 0.0236028778681 0.0330848551673 0.0413857335624
 -0.158329353428 -0.0308478844032 0.0767095394851 0.164903875071 -0.0182244086316 -0.0749451686085 0.0227682216006 -0.0302503853832 0.0252155320018 0.00269506223291 0.00212972575813 0.0181795149569
 -0.160291662482 -0.0794523961873 0.121060848789 -0.0847749261652 0.0145541627650 -0.0379286143727 -0.0947214938052 0.138778266833 0.0872780028355 0.0646077228553 0.0261779417268 0.00471661767812
 -0.193526070128 -0.116628310562 0.454892085127 0.0435508584964 0.121980676181 -0.0507208324393 0.136663340978 -0.0914635426403 -0.0877762659180 -0.110163808784 -0.0642922293073 -0.0425165483128
 -0.162276930985 -0.0749984371666 -0.388427678356 0.159353878172 0.0406222003796 0.0826694381824 0.130834158169 0.108052752308 0.0284017242404 0.0714117145728 0.0236702143847 -0.0193172048141
 -0.153111108706 -0.0418942398798 -0.346151101305 0.0338467096118 0.178215583067 0.0684063660620 -0.0291826011753 0.0490729995602 0.0603171787446 -0.0156265331304 0.126825366275 0.0692797768501
 -0.0831927594177 0.000542962145666 -0.360782877726 -0.296858737983 -0.204839100216 -0.0642749052379 0.121240150809 -0.0363473873223 0.154411225949 0.0949684456331 0.345858818274 0.329282886454
 -0.155689802633 -0.0671860511013 0.502426910201 -0.269399760435 -0.348160327418 -0.0422171089608 -0.0239577344456 0.215307998147 0.111425649684 0.234791718768 -0.111706064512 -0.0456411240783
 -0.143973533456 -0.488894177745 -0.0321518591545 0.790278817578 -0.00744975641165 0.0193823610867 0.0925160085712 0.0265891388454 -0.0118654020743 -0.0510362211911 -0.123940613829 -0.0694579991712
 -0.0500833497120 0.0106246295208 -0.774705171339 -0.294200323693 0.906906533088 0.249293793143 0.0212228076286 -0.0225039202819 -0.0309929809527 -0.00575416861629 0.0235830809552 -0.0334003420233
 -0.0203011062942 0.188339176146 -0.287341064652 -0.685914224859 -0.358055988755 0.465343946339 0.143227609463 0.161438361898 0.133080065733 0.116774338443 0.0867679974559 0.0566411692515
 -0.0350791179770 0.516556327414 0.282293237833 -0.791892180933 -0.743433088113 -0.357008248179 0.273516209117 0.304697625514 0.224688627061 0.153892930901 0.100036463576 0.0717353643207
 -0.134402853786 0.347042968689 0.156564534070 0.660242075415 -0.0173235751920 -0.411849263918 -0.415502798271 -0.304478685806 -0.00287286264685 0.0332941203143 0.0414288496450 0.0478474567290
 -0.107344274999 -0.381954747754 0.279164123441 0.241775014257 0.200427027920 0.279032167779 -0.241494607776 -0.0664082642273 -0.0755475492336 -0.0488046723868 -0.0455299811069 -0.0333130989620
 -0.152872176326 -0.378251449143 0.827360003346 0.457407391328 0.153560536553 -0.234214563948 0.250271311116 -0.113428297109 -0.282494036863 -0.247580390708 -0.178513520829 -0.101256207664
 -0.0808256911816 -0.152959576102 -0.547865477182 0.304102634301 0.418490860204 0.0136753996266 -0.0188155781826 0.234345657912 0.0191949895057 -0.0547855211750 -0.0553056844127 -0.0792519483460
 -0.0358871032333 -0.204017522208 -0.454240138457 -0.298278377426 0.259362491425 0.614763926678 0.136375745665 -0.0923909102140 0.0339704298731 0.0386766032450 0.0239901635718 -0.0223042610712
 -0.0799173300448 0.170487104065 0.0735971165047 -0.0156176548505 -0.222714634051 0.0616532914742 0.0796593645743 0.0670610414334 0.0484712357670 -0.0209500820565 -0.0847454022167 -0.0769858141546
 -0.0843993693786 -0.334892767013 0.679625080972 -0.0640150819152 0.0329262014004 -0.171565868477 0.0385041586449 0.0428498535245 0.00978925720219 -0.00816601250048 -0.0747070020852 -0.0659535537654
 -0.0399222974284 -0.146428595507 -0.665622797124 0.731832384814 0.0302614655846 -0.118735596393 -0.00483299842964 0.0243577018296 0.0481083610729 0.0536266136348 0.0725375757744 0.0148118200397
 -0.0690114833610 0.0750949731848 0.00373191026769 -0.323949360470 0.440024945197 0.254937110479 -0.111984071335 -0.157905013892 -0.0617761439695 0.00209414735883 -0.00146822252959 -0.0498033859137
 -0.0970924394065 0.0925578343077 0.564602598632 -0.0729746907886 -0.303873656679 -0.0491311201123 -0.0593183526336 -0.0302474030995 -0.0768884930405 -0.0342492858050 0.0179381218980 0.0486769826866
 -0.0566580670142 0.0327139143099 -0.0504627959456 0.0187571944865 -0.0434997405889 0.00767493795468 0.0278461869121 -0.0598234334199 -0.0281787038988 0.00255314355676 0.0512132092616 0.0978603323389
 -0.00559896793906 -0.0687078893169 -0.546663437551 -0.132851868138 -0.0708852045271 0.0433007179688 0.0606391870080 0.129447566546 0.145326274319 0.0800772512773 0.168310308474 0.197612349826
 -0.0346449318409 -0.343765280676 0.182768112210 0.0297744540141 -0.142429072160 -0.0792852846364 -0.0440253983635 -0.00956437450901 0.00827927302461 0.153014071122 0.152603279821 0.127276007559
 0.00439850684022 0.0792228689884 -0.604205821449 0.432299311894 0.154021797531 -0.248335006572 -0.0606238187635 0.0941230170680 0.0964342999798 0.0287247174889 -0.0323103804095 0.0562580567991
 0.0105020018055 -0.0541579203057 0.0408903113428 -1.06907895858 0.416723806447 0.346522336258 0.127255966239 0.0216931236728 0.0291907592175 0.0970262518988 0.0605831481101 -0.0271496334459
 -0.0236005093326 0.198574176246 0.187273899911 0.608040119679 -1.08636241070 -0.0248413589757 0.00143711178794 0.0356859137505 0.0232808704576 -0.0368624670773 0.0330475848569 0.0843309614891
 0.0116989179334 -0.203610180197 0.0256441621360 -0.129577899578 0.502612557442 -0.622034745148 -0.140157650933 0.0605143779933 0.131780616592 0.145770851826 0.115673215841 0.101687618515
 -0.0187354748916 0.148350064087 -0.0396647006666 -0.140297441202 -0.0992078357199 0.287270588862 0.125493124399 -0.146924250993 -0.123436733803 0.00235545796277 -0.00101487133142 0.00581159394185
 -0.0129168005061 -0.516170309851 1.08306576856 0.190323597353 -0.173604069139 -0.0930148516931 -0.165000790763 -0.129219210076 -0.116241812361 -0.0340408549288 -0.0194422365175 -0.0137250407430
 0.0701700483606 -0.109827336879 -1.45696774894 1.07027472310 0.299968509544 0.0304413171553 -0.0695722271588 0.233618804975 0.0826197381741 -0.0877514383375 -0.0276794087148 -0.0352945102715
 0.0587155570608 0.145286019110 -0.285893907265 -1.10677356923 0.607720829500 0.347936100505 0.212352936458 -0.0749186906817 0.107452944805 0.0490140383055 -0.0319595275712 -0.0289349815972
 0.0354336855617 0.193368517065 0.0740818605282 -0.544143366019 0.0569005603868 0.204901821926 0.114043013280 0.111899912566 -0.0509805242672 -0.0755224717078 -0.0697136071737 -0.0502795195309
 0.0953400189920 0.765076472935 0.148245557992 -0.628478380808 -1.36911553745 0.0717690023186 0.484204744386 0.270956268290 0.174033569180 0.152499655260 -0.0512692106237 -0.113260798557
 0.148977447057 0.991920924362 0.638839986214 0.747330016669 0.229553287637 -0.521340528376 -0.648714089781 -0.610607090898 -0.342700376409 -0.295355163227 -0.144895019621 -0.193007694424
 -0.0285704292245 0.449823933963 0.914849420359 -0.190288797373 -0.114792148563 -0.560900486707 -0.165408437237 0.104706872682 -0.122652434335 -0.122580149101 -0.0992689175984 -0.0649121012266
 0.00110613915662 0.193554783582 -0.280918886118 0.605284417510 0.0739250706098 -0.0403190383013 -0.188938354059 -0.0530684968885 -0.108564003981 -0.177196428857 -0.0269474673171 0.00208209708007
 0.0218401952226 -0.352762298834 -0.0567366002630 0.0158303216661 0.577608570555 0.255808861827 -0.309897427756 -0.172369653090 -0.0231420795002 0.0286282865406 -0.00633960377114 0.0215349930579
 5.64979410100e-06 0.00312529793752 -0.00220071611065 0.107963859945 -0.112472038500 -0.0931944843420 0.00956992354998 -0.0323224094306 -0.0319173729484 0.00576619490222 0.0332812505073 0.112405025647
# sel_devs_bts:
 0.00000000000 0.00000000000 0.00000000000 0.00000000000 0.00000000000 0.00000000000 0.00000000000 0.00000000000
 0.00000000000 0.00000000000 0.00000000000 0.00000000000 0.00000000000 0.00000000000 0.00000000000 0.00000000000
 0.00000000000 0.00000000000 0.00000000000 0.00000000000 0.00000000000 0.00000000000 0.00000000000 0.00000000000
 0.00000000000 0.00000000000 0.00000000000 0.00000000000 0.00000000000 0.00000000000 0.00000000000 0.00000000000
 0.00000000000 0.00000000000 0.00000000000 0.00000000000 0.00000000000 0.00000000000 0.00000000000 0.00000000000
 0.00000000000 0.00000000000 0.00000000000 0.00000000000 0.00000000000 0.00000000000 0.00000000000 0.00000000000
 0.00000000000 0.00000000000 0.00000000000 0.00000000000 0.00000000000 0.00000000000 0.00000000000 0.00000000000
 0.00000000000 0.00000000000 0.00000000000 0.00000000000 0.00000000000 0.00000000000 0.00000000000 0.00000000000
 0.00000000000 0.00000000000 0.00000000000 0.00000000000 0.00000000000 0.00000000000 0.00000000000 0.00000000000
 0.00000000000 0.00000000000 0.00000000000 0.00000000000 0.00000000000 0.00000000000 0.00000000000 0.00000000000
 0.00000000000 0.00000000000 0.00000000000 0.00000000000 0.00000000000 0.00000000000 0.00000000000 0.00000000000
 0.00000000000 0.00000000000 0.00000000000 0.00000000000 0.00000000000 0.00000000000 0.00000000000 0.00000000000
 0.00000000000 0.00000000000 0.00000000000 0.00000000000 0.00000000000 0.00000000000 0.00000000000 0.00000000000
 0.00000000000 0.00000000000 0.00000000000 0.00000000000 0.00000000000 0.00000000000 0.00000000000 0.00000000000
 0.00000000000 0.00000000000 0.00000000000 0.00000000000 0.00000000000 0.00000000000 0.00000000000 0.00000000000
 0.00000000000 0.00000000000 0.00000000000 0.00000000000 0.00000000000 0.00000000000 0.00000000000 0.00000000000
 0.00000000000 0.00000000000 0.00000000000 0.00000000000 0.00000000000 0.00000000000 0.00000000000 0.00000000000
 0.00000000000 0.00000000000 0.00000000000 0.00000000000 0.00000000000 0.00000000000 0.00000000000 0.00000000000
 0.00000000000 0.00000000000 0.00000000000 0.00000000000 0.00000000000 0.00000000000 0.00000000000 0.00000000000
 0.00000000000 0.00000000000 0.00000000000 0.00000000000 0.00000000000 0.00000000000 0.00000000000 0.00000000000
 0.00000000000 0.00000000000 0.00000000000 0.00000000000 0.00000000000 0.00000000000 0.00000000000 0.00000000000
 0.00000000000 0.00000000000 0.00000000000 0.00000000000 0.00000000000 0.00000000000 0.00000000000 0.00000000000
 0.00000000000 0.00000000000 0.00000000000 0.00000000000 0.00000000000 0.00000000000 0.00000000000 0.00000000000
 0.00000000000 0.00000000000 0.00000000000 0.00000000000 0.00000000000 0.00000000000 0.00000000000 0.00000000000
 0.00000000000 0.00000000000 0.00000000000 0.00000000000 0.00000000000 0.00000000000 0.00000000000 0.00000000000
 0.00000000000 0.00000000000 0.00000000000 0.00000000000 0.00000000000 0.00000000000 0.00000000000 0.00000000000
 0.00000000000 0.00000000000 0.00000000000 0.00000000000 0.00000000000 0.00000000000 0.00000000000 0.00000000000
 0.00000000000 0.00000000000 0.00000000000 0.00000000000 0.00000000000 0.00000000000 0.00000000000 0.00000000000
 0.00000000000 0.00000000000 0.00000000000 0.00000000000 0.00000000000 0.00000000000 0.00000000000 0.00000000000
 0.00000000000 0.00000000000 0.00000000000 0.00000000000 0.00000000000 0.00000000000 0.00000000000 0.00000000000
 0.00000000000 0.00000000000 0.00000000000 0.00000000000 0.00000000000 0.00000000000 0.00000000000 0.00000000000
 0.00000000000 0.00000000000 0.00000000000 0.00000000000 0.00000000000 0.00000000000 0.00000000000 0.00000000000
 0.00000000000 0.00000000000 0.00000000000 0.00000000000 0.00000000000 0.00000000000 0.00000000000 0.00000000000
 0.00000000000 0.00000000000 0.00000000000 0.00000000000 0.00000000000 0.00000000000 0.00000000000 0.00000000000
 0.00000000000 0.00000000000 0.00000000000 0.00000000000 0.00000000000 0.00000000000 0.00000000000 0.00000000000
 0.00000000000 0.00000000000 0.00000000000 0.00000000000 0.00000000000 0.00000000000 0.00000000000 0.00000000000
 0.00000000000 0.00000000000 0.00000000000 0.00000000000 0.00000000000 0.00000000000 0.00000000000 0.00000000000
 0.00000000000 0.00000000000 0.00000000000 0.00000000000 0.00000000000 0.00000000000 0.00000000000 0.00000000000
 0.00000000000 0.00000000000 0.00000000000 0.00000000000 0.00000000000 0.00000000000 0.00000000000 0.00000000000
 0.00000000000 0.00000000000 0.00000000000 0.00000000000 0.00000000000 0.00000000000 0.00000000000 0.00000000000
 0.00000000000 0.00000000000 0.00000000000 0.00000000000 0.00000000000 0.00000000000 0.00000000000 0.00000000000
 0.00000000000 0.00000000000 0.00000000000 0.00000000000 0.00000000000 0.00000000000 0.00000000000 0.00000000000
# sel_devs_ats:
 0.320285559488 0.330725262134 0.304526265828 0.297351945115 0.313715550641 0.318920872731 0.314888481036
 0.360578011742 0.360450255950 0.355239216609 0.347765827424 0.350534051162 0.356222490705 0.359445209934
 0.431297581892 0.424166369600 0.394145290030 0.407136113264 0.394717913282 0.399135996263 0.389787493462
 0.403952841078 0.485877002729 0.476882452911 0.439794006182 0.446168123855 0.450611587854 0.424587343523
 0.434297142565 0.520231127387 0.515532805374 0.480966054484 0.473071228881 0.487947978531 0.461404737094
 0.471032267803 0.494622671670 0.550511375277 0.514964855651 0.520821181255 0.491735771951 0.496750574853
 0.541591369925 0.536173433991 0.519603615574 0.547333784066 0.551725995530 0.533148862303 0.518080643818
 0.545190034468 0.561977198411 0.550365113439 0.563406099128 0.568496329942 0.555306855422 0.538900803987
 0.512316921713 0.510272101454 0.581256525296 0.596758525833 0.580597426380 0.568467370523 0.565837593814
 0.508270595746 0.524036670671 0.608873181758 0.608749993199 0.590823571921 0.583173997572 0.579582647430
 0.611298171793 0.578127137440 0.516042028307 0.545834294203 0.575789636698 0.584669661478 0.588800169708
 0.591931994859 0.570691892214 0.526649415819 0.542605601149 0.569459080775 0.581933906393 0.585459831396
 0.601325394706 0.590273884723 0.559664528398 0.569542497244 0.578043682833 0.566707028772 0.570806631947
 0.618551429854 0.591783797972 0.543049652754 0.533325904910 0.543470842623 0.557198898313 0.568485226121
 0.577075064723 0.577325161683 0.547301137607 0.542152829121 0.549306290578 0.559215547856 0.560563099524
 0.584155272147 0.543120600965 0.565556215617 0.539252066835 0.541143839041 0.547724494384 0.544859722975
 0.570403355696 0.546532258633 0.524712249299 0.533053649876 0.538268366442 0.543549988562 0.537392126009
 0.574336058206 0.537917507955 0.519891704400 0.526840546462 0.535930640900 0.542095708102 0.533715248671
 0.543210137662 0.553823764096 0.583172203480 0.573480689456 0.563854134192 0.552098720843 0.529958530421
 0.571352520573 0.554129621811 0.598005398412 0.582651591870 0.577813898957 0.571133308564 0.542580789706
 0.486467315311 0.604720349424 0.645895447224 0.622873213592 0.591577747689 0.576529786409 0.582295558239
 0.515421407791 0.620410016233 0.691512347632 0.644243295009 0.619919772677 0.610483139726 0.615147942518
 0.632393501828 0.588221015631 0.544261809042 0.640283081843 0.653626007642 0.644654449337 0.651703765251
 0.639799500039 0.607019805740 0.576016436611 0.660731148330 0.672174348216 0.667398878006 0.670329431753
 0.659066170468 0.668791782192 0.695460532141 0.673221935184 0.680053114450 0.679764955284 0.680573095056
 0.669409020366 0.686201683682 0.715372446676 0.697580691382 0.698329750434 0.700002088765 0.699865663265
 0.683368481552 0.694137338692 0.734140895933 0.715482021740 0.715972748101 0.718086785077 0.717123483649
 0.684846633702 0.697881253392 0.763351965519 0.726712432359 0.730965120249 0.733622792584 0.730625373850
 0.742436322244 0.738229927938 0.672293120446 0.728550859283 0.751447686801 0.751631796668 0.741156854183
 0.731872181220 0.736609190542 0.690031907341 0.730051109744 0.759308319955 0.759083421375 0.744551958598
# sel_coffs_fsh:
 -4.09407413923 -2.16371496610 -0.908243767708 0.335733320862 0.319795554408 0.295779185315 0.263323225521 0.231975015589 0.205150731439 0.184419386218 0.168400260512 0.156352480634
# sel_coffs_bts:
 -0.0100000000000 -0.0100000000000 -0.0100000000000 -0.0100000000000 -0.0100000000000 -0.0100000000000 -0.0100000000000 -0.0100000000000
# sel_coffs_ats:
 -0.156532388875 -0.158684463906 0.0199746614232 0.143826388107 0.185405231677 0.283634446987 0.415812564034
# sel_slp_bts:
0.984986317058
# sel_a50_bts:
6.25087981325
# sel_age_one_bts:
-3.19771478256
# sel_slp_bts_dev:
 -0.688306253521 0.0454755296282 0.00390858236295 -0.411086857436 -0.357528487627 -0.466937623248 -0.582042748076 -0.485291591028 0.325752318955 0.234822826917 0.187990820425 0.321435199906 0.284041987282 0.234048480840 -0.133416177012 -0.287021431560 -0.508534737711 -0.603690265551 -0.338360110135 -0.478593232228 -0.0618836098445 0.175329268239 0.0823400599345 0.206046486969 -0.0864962693046 0.334606737644 0.548570896539 0.247302611783 0.753757938660 0.552042284878 0.206333681628 0.300202646201 0.533649005818 0.439265896693 0.435399938727 0.257014534092 -0.335415485065 0.00542149040020 -0.111028928027 -0.194770795946 -0.0243683590309 -0.331141786767 -0.228844475403
# sel_a50_bts_dev:
 -0.0112218437579 -0.154746333850 -0.0311462950550 0.0833160883429 0.107793557066 0.0719979501059 -0.0429710919864 -0.0920724773635 -0.213120152989 -0.137175297127 -0.139013663683 -0.170806970179 -0.0887740425217 0.00397615622200 0.185489976280 0.222949949678 0.313404017825 0.277725336902 0.143676821824 0.178307335801 0.0547659097250 0.00566644045137 0.0392969168648 -0.0184451613994 0.0899084789072 -0.0862714616284 -0.123031465491 -0.0334613789731 -0.212139684847 -0.0950428973740 -0.0504854786870 -0.0791628668307 -0.163597423331 -0.210236694922 -0.150471436971 -0.0719862483083 0.152449465256 -0.0211495401067 0.0566713947348 0.126716473936 0.0432751922234 0.196879364201 0.0422630810360
# sel_age_one_bts_dev:
 -0.0335248989029 0.00772561491719 0.0374166721106 -0.216512889172 -0.407025720178 -0.247695545207 -0.300772471716 -0.0572987677265 0.0921079994615 -0.167965418580 -0.0291486955722 0.0271572326893 -0.0936420127240 -0.118906149958 -0.105180117028 -0.00687348570092 0.0497612035708 0.101192325213 0.182837371011 0.0665734976609 0.0662033262365 0.218559788294 0.0398573709051 -0.0366918417735 -0.0384228620149 -0.0613069433835 0.159654730195 0.337542390854 0.303938646275 -0.100174278408 -0.0858979790517 0.178862396815 0.139005247445 0.0319232243022 -0.0763933059705 -0.0882288521755 -0.0422057236376 0.236472065981 0.0913630410777 -0.0537459012210 0.0125265280918 -0.00789375704178 -0.00517305596378
# sel_dif1_fsh:
1.00000000000
# sel_a501_fsh:
3.00000000000
# sel_trm2_fsh:
0.900000000000
# sel_dif2_fsh:
5.00000000000
# sel_dif1_fsh_dev:
 0.00000000000 0.00000000000 0.00000000000 0.00000000000 0.00000000000 0.00000000000 0.00000000000 0.00000000000 0.00000000000 0.00000000000 0.00000000000 0.00000000000 0.00000000000 0.00000000000 0.00000000000 0.00000000000 0.00000000000 0.00000000000 0.00000000000 0.00000000000 0.00000000000 0.00000000000 0.00000000000 0.00000000000 0.00000000000 0.00000000000 0.00000000000 0.00000000000 0.00000000000 0.00000000000 0.00000000000 0.00000000000 0.00000000000 0.00000000000 0.00000000000 0.00000000000 0.00000000000 0.00000000000 0.00000000000 0.00000000000 0.00000000000 0.00000000000 0.00000000000 0.00000000000 0.00000000000 0.00000000000 0.00000000000 0.00000000000 0.00000000000 0.00000000000 0.00000000000 0.00000000000 0.00000000000 0.00000000000 0.00000000000 0.00000000000 0.00000000000 0.00000000000 0.00000000000 0.00000000000 0.00000000000
# sel_a501_fsh_dev:
 0.00000000000 0.00000000000 0.00000000000 0.00000000000 0.00000000000 0.00000000000 0.00000000000 0.00000000000 0.00000000000 0.00000000000 0.00000000000 0.00000000000 0.00000000000 0.00000000000 0.00000000000 0.00000000000 0.00000000000 0.00000000000 0.00000000000 0.00000000000 0.00000000000 0.00000000000 0.00000000000 0.00000000000 0.00000000000 0.00000000000 0.00000000000 0.00000000000 0.00000000000 0.00000000000 0.00000000000 0.00000000000 0.00000000000 0.00000000000 0.00000000000 0.00000000000 0.00000000000 0.00000000000 0.00000000000 0.00000000000 0.00000000000 0.00000000000 0.00000000000 0.00000000000 0.00000000000 0.00000000000 0.00000000000 0.00000000000 0.00000000000 0.00000000000 0.00000000000 0.00000000000 0.00000000000 0.00000000000 0.00000000000 0.00000000000 0.00000000000 0.00000000000 0.00000000000 0.00000000000 0.00000000000
# sel_trm2_fsh_dev:
 0.00000000000 0.00000000000 0.00000000000 0.00000000000 0.00000000000 0.00000000000 0.00000000000 0.00000000000 0.00000000000 0.00000000000 0.00000000000 0.00000000000 0.00000000000 0.00000000000 0.00000000000 0.00000000000 0.00000000000 0.00000000000 0.00000000000 0.00000000000 0.00000000000 0.00000000000 0.00000000000 0.00000000000 0.00000000000 0.00000000000 0.00000000000 0.00000000000 0.00000000000 0.00000000000 0.00000000000 0.00000000000 0.00000000000 0.00000000000 0.00000000000 0.00000000000 0.00000000000 0.00000000000 0.00000000000 0.00000000000 0.00000000000 0.00000000000 0.00000000000 0.00000000000 0.00000000000 0.00000000000 0.00000000000 0.00000000000 0.00000000000 0.00000000000 0.00000000000 0.00000000000 0.00000000000 0.00000000000 0.00000000000 0.00000000000 0.00000000000 0.00000000000 0.00000000000 0.00000000000 0.00000000000
# rec_dev_future:
 0.00000000000 0.00000000000 0.00000000000 0.00000000000 0.00000000000
# M_dev:
 0.00000000000 0.00000000000 0.00000000000 0.00000000000 0.00000000000 0.00000000000 0.00000000000 0.00000000000 0.00000000000 0.00000000000 0.00000000000 0.00000000000 0.00000000000 0.00000000000 0.00000000000 0.00000000000 0.00000000000 0.00000000000 0.00000000000 0.00000000000 0.00000000000 0.00000000000 0.00000000000 0.00000000000 0.00000000000 0.00000000000 0.00000000000 0.00000000000 0.00000000000 0.00000000000 0.00000000000 0.00000000000 0.00000000000 0.00000000000 0.00000000000 0.00000000000 0.00000000000 0.00000000000 0.00000000000 0.00000000000 0.00000000000 0.00000000000 0.00000000000 0.00000000000 0.00000000000 0.00000000000 0.00000000000 0.00000000000 0.00000000000 0.00000000000 0.00000000000 0.00000000000 0.00000000000 0.00000000000 0.00000000000 0.00000000000 0.00000000000 0.00000000000 0.00000000000 0.00000000000
# L1:
28.2780669697
# L2:
46.0963293299
# log_alpha:
-11.0000000000
# log_K:
-0.127712241586
# d_scale:
 0.524271020815 0.704796053410 0.765596328217 0.829605770525 0.869713528617 0.932864155627 0.978332037891 0.974084101300 0.994009971784 0.933090159937 0.952799191732 0.861007919389 1.00250072971
# coh_eff:
 0.00000000000 0.00000000000 0.00000000000 0.00000000000 0.00000000000 0.00000000000 0.00000000000 0.00000000000 0.00000000000 0.00000000000 0.00000000000 0.00000000000 0.00000000000 0.00000000000 0.00000000000 0.00000000000 -0.195727255254 0.270194036811 0.0178843498119 0.507849965027 -0.424940917539 0.557308253542 -0.494052389326 0.447586366248 0.0390414624881 -0.116120168663 -0.431924612643 -0.590149070212 0.549419212257 0.649129632028 1.12421065246 -0.0507823770428 0.605564063836 -0.0270272423590 -1.01445188276 -0.880882598658 -0.972450188440 0.848661335934 1.78563170891 0.499989767552 -0.989847015211 -0.0785235748262 0.964749548573 0.464439804285 0.393605518482 -0.0710533964070 0.382437654037 0.875274414714 1.45540091922 0.411144085152 -0.804028998594 -1.12250302783 -0.453700998505 -1.67131733336 -0.775240250931 -1.53854963760 -2.03471548395 -1.88593701086 -1.15802453629 0.720734748082 0.774457859032 0.0191161852483 0.321799941725 0.564117613634 1.40880579473 0.370852588340 0.189006808481 1.11705016409 1.66502133905 0.353910863362 0.00000000000 0.00000000000
# yr_eff:
 0.00000000000 0.182048460213 -0.0368458859223 0.255814722201 0.285238723840 1.41123286519 0.323890987274 1.80156498412 0.261991631048 0.994120624373 1.05416401115 0.686784544885 -0.0135151089569 0.710122062519 -0.714578677646 -0.0426532023008 -1.56818109096 -0.750078926441 -1.17331758247 -0.904122020017 0.295508697932 0.0313350356196 0.0445352708598 0.820971756147 -0.0655039324065 -0.492021753407 -0.720847346579 -0.326736204003 -0.623959477365 -0.447259970831 -0.347642138778 0.433006668077 -0.0962548303932 -0.206934438020 -0.437963814109 -0.880862670258 -0.255303415511 0.847881984706 0.262083580068 1.32470164208 0.497071415800 0.644254212957 0.0107439319382 0.428681120282 0.558671264018 -2.25875966559 -0.485372870753 -0.209311803545 -1.02216172956 0.652145147455 -1.76718713137 -1.55095929466 -0.242907006186 -3.43125729444 0.849622669871 0.00000000000 0.00000000000 0.00000000000 0.00000000000 0.00000000000
# resid_temp_x1:
0.00000000000
# resid_temp_x2:
0.00000000000
# log_a_II:
 -6.00000000000 -6.00000000000 -6.00000000000
 -6.00000000000 -6.00000000000 -6.00000000000
# log_b_II:
 6.00000000000 6.00000000000 6.00000000000
 6.00000000000 6.00000000000 6.00000000000
# log_a_II_vec:
 -4.00000000000 -4.00000000000
# log_b_II_vec:
 2.50000000000 2.50000000000
# log_rho:
 -2.50000000000 -2.50000000000 -2.50000000000
 -2.50000000000 -2.50000000000 -2.50000000000
# log_resid_M:
 -1.45000000000 -1.45000000000 -1.45000000000
