Opening control.dat
 Minimum age for EIT is: 2
Phase fsh coef: 2 4
Phase bts coef: -2 -5
Phase ats coef: 3 5
Phase fsh logist: -1 -4
Phase bts logist: 2 5
 200 1 1 1 1 1 1 1 1 1 1 1 12.5 1 1 1 1 1 1 3.125 5 1 5 1 1 2 0 0 2 1
Opening ../data/pm_24.dat
../data/pm_24.dat 1964 2024
 Index min and max for age comp data: 
1 Max 60
BottomTemp:
 0.80157 1.30878 0.887 0.963 0.660695 1.36387 0.937347 1.26377 1.03611 1.21835 0.770515 1.31696 0.565789 0.646255 1.44758 1.09525 1.476 0.149056 0.870974 1.0492 1.4319 1.62911 1.4676 1.49988 0.651584 0.644704 0.407247 0.439672 0.439672 0.439672 0.439672 0.439672 0.439672 0.439672 0.4 0.4 0.4 0.4 0.4 0.4 0.4 0.4
Opening ../data/pm_fmsy_alt.dat
Opening ../data/selvar24.dat
Last yr of estimation...2022
End year, n's 2024 60 42 19 
1964 0 1
1965 0 2
1966 0 3
1967 0 4
1968 0 5
1969 0 6
1970 0 7
1971 0 8
1972 0 9
1973 0 10
1974 0 11
1975 0 12
1976 0 13
1977 0 14
1978 0 15
1979 0 16
1980 0 17
1981 0 18
1982 0 19
1983 0 20
1984 0 21
1985 0 22
1986 0 23
1987 0 24
1988 0 25
1989 0 26
1990 0 27
1991 0 28
1992 0 29
1993 0 30
1994 0 31
1995 0 32
1996 0 33
1997 0 34
1998 0 35
1999 0 36
2000 0 37
2001 0 38
2002 0 39
2003 0 40
2004 0 41
2005 0 42
2006 0 43
2007 0 44
2008 0 45
2009 0 46
2010 0 47
2011 0 48
2012 0 49
2013 0 50
2014 0 51
2015 0 52
2016 0 53
2017 0 54
2018 0 55
2019 0 56
2020 0 57
2021 0 58
2022 0 59
2023 0 60
dim_sel_ats 30
Opening ../data/cov_2024.dat
Opening ../data/wtage2024.dat
2026
10
-6 Phase for bts temperature
Starting optimization of 'pm' in phase 6 of 6 at Fri Aug 15 10:36:39 2025
 0.112346 0.115671 0.115786 0.113402 0.10917 0.103649 0.0973005 0.0904916 0.0835071 0.0765599 0.0698042 0.0633468
1991 1 63.511 pre:  0.332243 0.462793 0.604585 0.740947 0.848536 Ob:  0.284523 0.4825 0.604389 0.729959 0.843771
1992 2 77.25 pre:  0.429576 0.458615 0.592905 0.734826 0.868506 Ob:  0.396803 0.464697 0.65119 0.713676 0.818543
1993 3 386.548 pre:  0.492591 0.612028 0.646467 0.780943 0.918993 Ob:  0.494728 0.612071 0.651817 0.774858 0.934476
1994 4 685.752 pre:  0.410614 0.613604 0.736622 0.771184 0.903093 Ob:  0.40005 0.651626 0.73239 0.745803 0.726973
1995 5 761.335 pre:  0.332508 0.510251 0.716189 0.839309 0.871757 Ob:  0.385611 0.505265 0.728522 0.843245 0.847296
1996 6 820.169 pre:  0.37767 0.421162 0.601529 0.807558 0.928797 Ob:  0.335606 0.445074 0.684364 0.796765 0.948379
1997 7 848.144 pre:  0.438975 0.485799 0.532491 0.712968 0.916703 Ob:  0.326717 0.47687 0.559045 0.747564 0.888808
1998 8 972.102 pre:  0.408042 0.531964 0.581539 0.628326 0.806831 Ob:  0.369384 0.589302 0.618376 0.621628 0.779568
1999 9 1106.1 pre:  0.403658 0.509458 0.636381 0.68606 0.730695 Ob:  0.404456 0.507016 0.643392 0.702294 0.728632
2000 10 1247.89 pre:  0.377631 0.509809 0.61875 0.745782 0.793208 Ob:  0.352967 0.525657 0.629916 0.731738 0.779708
2001 11 1322.82 pre:  0.403336 0.529891 0.666575 0.775672 0.899473 Ob:  0.328987 0.504776 0.667912 0.785504 0.963814
2002 12 1393.8 pre:  0.432632 0.522339 0.652416 0.789221 0.895793 Ob:  0.384943 0.509822 0.667343 0.798844 0.910852
2003 13 1558.94 pre:  0.469842 0.545941 0.639 0.769193 0.903594 Ob:  0.489241 0.548784 0.651561 0.768839 0.863004
2004 14 1677.9 pre:  0.405161 0.572089 0.651213 0.744377 0.872401 Ob:  0.408486 0.583891 0.641247 0.759872 0.887632
2005 15 1718.04 pre:  0.340146 0.487914 0.657291 0.7365 0.827908 Ob:  0.35107 0.508227 0.641091 0.74171 0.880134
2006 16 1744.47 pre:  0.324717 0.450891 0.601936 0.771426 0.848285 Ob:  0.305522 0.448377 0.606399 0.755331 0.857665
2007 17 1857.87 pre:  0.357633 0.508558 0.640173 0.791406 0.956996 Ob:  0.349006 0.507433 0.642345 0.782934 0.960534
2008 18 1968.94 pre:  0.30014 0.49786 0.652935 0.784693 0.932951 Ob:  0.328222 0.518714 0.652689 0.773937 0.899905
2009 19 2168.45 pre:  0.341558 0.528667 0.73315 0.888458 1.01537 Ob:  0.339606 0.52513 0.704768 0.878626 0.999417
2010 20 2416.59 pre:  0.306053 0.497849 0.689583 0.894225 1.04622 Ob:  0.380773 0.489989 0.66753 0.909047 1.11427
2011 21 2594.28 pre:  0.285505 0.473553 0.670306 0.862211 1.0633 Ob:  0.290306 0.508277 0.665552 0.809441 0.971459
2012 22 2982.56 pre:  0.291691 0.410563 0.602312 0.799193 0.988444 Ob:  0.270608 0.409476 0.643213 0.824138 0.97392
2013 23 3248.47 pre:  0.323711 0.443092 0.566444 0.758348 0.952017 Ob:  0.289565 0.442138 0.564462 0.780572 1.13011
2014 24 3343.5 pre:  0.425596 0.486324 0.610518 0.734036 0.92249 Ob:  0.318821 0.454132 0.616879 0.751256 0.893856
2015 25 3431.6 pre:  0.425453 0.466718 0.528663 0.652899 0.775545 Ob:  0.403995 0.462211 0.57058 0.690256 0.786074
2016 26 3739.51 pre:  0.383071 0.526132 0.570376 0.632425 0.754524 Ob:  0.408559 0.531117 0.557025 0.645972 0.731821
2017 27 3881.25 pre:  0.401086 0.49655 0.64297 0.687329 0.74697 Ob:  0.408307 0.498516 0.650287 0.693721 0.751852
2018 28 3944.01 pre:  0.414417 0.478236 0.575983 0.722481 0.765204 Ob:  0.377245 0.466753 0.573182 0.7337 0.808813
2019 29 4001.52 pre:  0.469386 0.584113 0.652954 0.750873 0.893771 Ob:  0.421912 0.565247 0.643225 0.759398 0.878483
2020 30 4036.89 pre:  0.403496 0.522783 0.63909 0.707985 0.804772 Ob:  0.387279 0.521579 0.631983 0.715572 0.799211
2021 31 4161.18 pre:  0.391965 0.463477 0.584539 0.700907 0.76853 Ob:  0.393063 0.479856 0.573715 0.689782 0.756873
2022 32 4238.53 pre:  0.449446 0.505443 0.580314 0.701492 0.815452 Ob:  0.440141 0.50607 0.573913 0.724034 0.837484
2023 33 4631.37 pre:  0.482951 0.471344 0.52799 0.602883 0.723597 Ob:  0.492447 0.481642 0.524421 0.605881 0.79623
1982 1 4766.38 pre:  0.181718 0.333396 0.509321 0.731929 0.975913 Ob:  0.181032 0.340103 0.411285 0.77749 1.05063
1983 2 4852.42 pre:  0.222779 0.379152 0.513854 0.715643 0.935469 Ob:  0.209231 0.342208 0.536214 0.773799 1.01555
1984 3 4926.52 pre:  0.215415 0.345458 0.464031 0.612516 0.80747 Ob:  0.21527 0.314233 0.43248 0.602643 0.925662
1985 4 4994.94 pre:  0.250556 0.404624 0.504751 0.642465 0.785535 Ob:  0.228604 0.368481 0.480966 0.715014 0.909883
1986 5 5111.84 pre:  0.192268 0.344978 0.449363 0.556681 0.683557 Ob:  0.16897 0.309573 0.413698 0.607613 0.766757
1987 6 5167.49 pre:  0.222507 0.338344 0.464839 0.583852 0.683141 Ob:  0.253188 0.331759 0.422182 0.546805 0.718041
1988 7 5233.7 pre:  0.197407 0.341154 0.415209 0.554623 0.664398 Ob:  0.280946 0.330493 0.445718 0.493965 0.589816
1989 8 5360.18 pre:  0.168861 0.319558 0.431886 0.515621 0.648924 Ob:  0.168914 0.277038 0.370971 0.549128 0.661911
1990 9 5473.93 pre:  0.17708 0.335138 0.46885 0.599268 0.675368 Ob:  0.187398 0.355865 0.478475 0.544806 0.614303
1991 10 5557.98 pre:  0.173554 0.325074 0.462145 0.613658 0.73671 Ob:  0.200617 0.333015 0.565419 0.650029 0.776533
1992 11 5589.14 pre:  0.224398 0.322139 0.453217 0.608589 0.754048 Ob:  0.254853 0.399708 0.463905 0.570071 0.756097
1993 12 5626.89 pre:  0.257315 0.429899 0.494159 0.646783 0.797881 Ob:  0.249519 0.408696 0.464365 0.548046 0.661876
1994 13 5665.38 pre:  0.214493 0.431006 0.563074 0.6387 0.784077 Ob:  0.211796 0.400951 0.5362 0.672016 0.648231
1995 14 5798.71 pre:  0.173692 0.358409 0.547456 0.695122 0.756871 Ob:  0.16853 0.362557 0.47814 0.648494 0.623746
1996 15 5951.35 pre:  0.197284 0.295832 0.459809 0.668826 0.806394 Ob:  0.151067 0.299702 0.486576 0.583185 0.75779
1997 16 6048.25 pre:  0.229308 0.341233 0.407037 0.590486 0.795894 Ob:  0.188844 0.276878 0.381694 0.530467 0.673519
1998 17 6134.5 pre:  0.213149 0.37366 0.444529 0.520385 0.700501 Ob:  0.212802 0.332302 0.446032 0.519241 0.811083
1999 18 6144.64 pre:  0.210859 0.357852 0.48645 0.5682 0.634399 Ob:  0.216293 0.35085 0.39225 0.526305 0.615738
2000 19 6152.08 pre:  0.197264 0.358098 0.472973 0.617662 0.688674 Ob:  0.219145 0.398124 0.470044 0.520967 0.722163
2001 20 6156.03 pre:  0.210691 0.372205 0.50953 0.642417 0.780934 Ob:  0.201417 0.355505 0.616727 0.729437 0.749937
2002 21 6159.46 pre:  0.225994 0.3669 0.498707 0.653639 0.777739 Ob:  0.268623 0.402463 0.543861 0.68498 0.7128
2003 22 6161.33 pre:  0.245432 0.383478 0.488452 0.637052 0.784512 Ob:  0.34165 0.418994 0.647751 0.709832 0.886409
2004 23 6165.83 pre:  0.211644 0.401845 0.497788 0.616499 0.757429 Ob:  0.283823 0.515738 0.595007 0.749772 0.894927
2005 24 6168.77 pre:  0.177682 0.342719 0.502434 0.609975 0.7188 Ob:  0.23067 0.394158 0.539363 0.698344 0.858539
2006 25 6175.35 pre:  0.169623 0.316714 0.46012 0.638901 0.736492 Ob:  0.178795 0.457327 0.604509 0.679088 0.78869
2007 26 6178.2 pre:  0.186817 0.35722 0.489349 0.655449 0.830876 Ob:  0.294495 0.492993 0.637474 0.809543 0.928332
2008 27 6182.13 pre:  0.156785 0.349705 0.499104 0.649889 0.81 Ob:  0.219837 0.491126 0.600914 0.730421 0.857304
2009 28 6188.95 pre:  0.17842 0.371345 0.56042 0.735828 0.881556 Ob:  0.241369 0.508742 0.688201 0.814734 1.00967
2010 29 6195.49 pre:  0.159873 0.349697 0.527117 0.740604 0.908339 Ob:  0.244199 0.495736 0.657448 0.804058 1.09668
2011 30 6198.54 pre:  0.149139 0.332632 0.512383 0.71409 0.92317 Ob:  0.216208 0.510739 0.653306 0.785463 0.906993
2012 31 6203.09 pre:  0.152371 0.288386 0.460408 0.661898 0.85818 Ob:  0.28487 0.409726 0.59167 0.73827 0.865179
2013 32 6209.65 pre:  0.169097 0.311236 0.43299 0.62807 0.826553 Ob:  0.227585 0.516289 0.57709 0.720654 0.973432
2014 33 6212.69 pre:  0.222319 0.341602 0.46668 0.607934 0.800917 Ob:  0.392706 0.445264 0.567321 0.693243 0.736621
2015 34 6217.42 pre:  0.222244 0.327831 0.404111 0.540736 0.673338 Ob:  0.346923 0.442184 0.566481 0.675397 0.741835
2016 35 6230.05 pre:  0.200105 0.369564 0.435996 0.523779 0.655088 Ob:  0.278174 0.523996 0.573844 0.687664 0.764497
2017 36 6251.07 pre:  0.209516 0.348785 0.491486 0.569252 0.648529 Ob:  0.241681 0.488024 0.62145 0.649308 0.739666
2018 37 6263.77 pre:  0.216479 0.335921 0.440281 0.598364 0.66436 Ob:  0.209517 0.441549 0.575456 0.664683 0.756219
2019 38 6272.02 pre:  0.245194 0.410291 0.499118 0.621879 0.775984 Ob:  0.292267 0.505462 0.641915 0.714739 0.823084
2021 39 6280.08 pre:  0.204751 0.325554 0.446822 0.580496 0.667247 Ob:  0.27794 0.439964 0.589726 0.695618 0.774388
2022 40 6285.75 pre:  0.234777 0.355032 0.443592 0.580981 0.707986 Ob:  0.347386 0.452086 0.58268 0.668196 0.763919
2023 41 6290.73 pre:  0.252279 0.33108 0.403596 0.499312 0.628236 Ob:  0.315244 0.418147 0.529962 0.64178 0.784158
2024 42 6293.74 pre:  0.209669 0.511787 0.553634 0.64697 0.738719 Ob:  0.329231 0.475757 0.578288 0.619252 0.703583
6314.9
1 5568.24
2 725.494
3 21.1615
4 298.683
