ParName   Value   Gradient
log_avgrec      9.76639  9.46097e-06
log_avginit      4.25568 -3.14163e-06
log_avg_F     -1.09507  2.99435e-06
log_Rzero      10.0642  6.40378e-07
log_q_cpue      1.09848 -1.18127e-06
log_q_avo     -8.51463 -5.72912e-06
log_initdevs(2)      3.67328 -2.32504e-05
log_initdevs(3)      3.15386 -3.61923e-05
log_initdevs(4)      1.63961  8.69149e-06
log_initdevs(5)     0.532841  3.38453e-06
log_initdevs(6)       1.0176 -1.92363e-05
log_initdevs(7)     0.182478  1.22375e-05
log_initdevs(8)    -0.916289  -4.3079e-06
log_initdevs(9)     -1.35242 -6.42174e-06
log_initdevs(10)     -1.33732 -2.86066e-06
log_initdevs(11)     -1.32823 -1.87894e-07
log_initdevs(12)     -1.31931  4.53271e-06
log_initdevs(13)     -1.31627  3.25158e-06
log_initdevs(14)     -1.31448 -2.64071e-06
log_initdevs(15)     -1.31535 -9.71515e-06
log_rec_devs(1964)     -1.17441   -2.033e-05
log_rec_devs(1965)   -0.0435993  2.39144e-05
log_rec_devs(1966)    -0.509613  1.48444e-05
log_rec_devs(1967)      0.10625  3.42003e-05
log_rec_devs(1968)     0.124843 -2.71357e-05
log_rec_devs(1969)     0.388572 -3.47529e-05
log_rec_devs(1970)      0.31841   5.5047e-05
log_rec_devs(1971)    -0.117687    3.104e-05
log_rec_devs(1972)    -0.288372 -5.70481e-05
log_rec_devs(1973)       0.3711 -4.42443e-05
log_rec_devs(1974)    -0.162028 -6.01898e-05
log_rec_devs(1975)    -0.268613 -3.88244e-05
log_rec_devs(1976)    -0.255798 -1.51543e-05
log_rec_devs(1977)    0.0363505  1.72812e-05
log_rec_devs(1978)     0.518049  4.71667e-05
log_rec_devs(1979)      1.36575   6.2761e-05
log_rec_devs(1980)     0.343528   1.2909e-06
log_rec_devs(1981)     0.663545  1.07781e-05
log_rec_devs(1982)   -0.0723325  1.15473e-05
log_rec_devs(1983)     0.998689    1.489e-05
log_rec_devs(1984)    -0.309686 -2.14293e-07
log_rec_devs(1985)     0.564425  1.65337e-05
log_rec_devs(1986)    -0.546317  2.40732e-06
log_rec_devs(1987)     -1.00438  8.92408e-06
log_rec_devs(1988)     -1.25489  7.71762e-05
log_rec_devs(1989)    -0.477171  2.02096e-06
log_rec_devs(1990)      1.20639  1.19958e-05
log_rec_devs(1991)     0.467367  2.23555e-06
log_rec_devs(1992)     0.129534  3.35348e-07
log_rec_devs(1993)     0.884901 -7.64691e-06
log_rec_devs(1994)    -0.265471  6.78575e-06
log_rec_devs(1995)    -0.671953 -7.19237e-07
log_rec_devs(1996)     0.263179 -5.60025e-06
log_rec_devs(1997)     0.685655 -4.13903e-06
log_rec_devs(1998)     -0.16546 -4.29266e-06
log_rec_devs(1999)    -0.127667  6.60797e-06
log_rec_devs(2000)     0.331319 -7.25557e-07
log_rec_devs(2001)     0.740732 -1.56255e-06
log_rec_devs(2002)     0.315152 -1.62692e-06
log_rec_devs(2003)     -0.16777  5.99139e-06
log_rec_devs(2004)     -0.96407 -1.54878e-05
log_rec_devs(2005)     -1.34012 -3.71177e-05
log_rec_devs(2006)    -0.370011 -1.48826e-05
log_rec_devs(2007)     0.466566 -4.92011e-06
log_rec_devs(2008)    -0.574136  5.07415e-05
log_rec_devs(2009)     0.896848  -4.0945e-06
log_rec_devs(2010)      0.11434 -2.65685e-05
log_rec_devs(2011)    -0.422941 -3.58291e-05
log_rec_devs(2012)    -0.520868  8.46957e-05
log_rec_devs(2013)      1.05437  1.27387e-05
log_rec_devs(2014)     0.992287  6.51569e-06
log_rec_devs(2015)    -0.117017 -1.25905e-05
log_rec_devs(2016)     -1.33572  1.91288e-06
log_rec_devs(2017)     -1.39735  2.45496e-05
log_rec_devs(2018)    -0.563511  5.22293e-06
log_rec_devs(2019)      1.72425 -1.07557e-05
log_rec_devs(2020)     0.421218 -1.70652e-06
log_rec_devs(2021)    -0.127316  1.15238e-06
log_rec_devs(2022)    -0.463783 -1.02253e-05
log_rec_devs(2023)     -0.26399 -6.88535e-06
log_rec_devs(2024)    -0.149574 -6.32194e-06
log_F_devs(1964)   -0.0234219 -2.29471e-05
log_F_devs(1965)     0.215052  9.12852e-06
log_F_devs(1966)     0.101985  2.83574e-05
log_F_devs(1967)     0.660069 -0.000103942
log_F_devs(1968)     0.756653 -6.45862e-05
log_F_devs(1969)     0.801048   3.8319e-05
log_F_devs(1970)      1.07733  4.25623e-05
log_F_devs(1971)      1.40364 -1.36617e-05
log_F_devs(1972)      1.52317 -8.89623e-06
log_F_devs(1973)      1.56344  5.90182e-05
log_F_devs(1974)      1.77115  2.20103e-05
log_F_devs(1975)      1.86827 -4.55856e-05
log_F_devs(1976)      1.58877   5.2586e-05
log_F_devs(1977)      1.26835 -1.32769e-05
log_F_devs(1978)        1.229 -7.31254e-05
log_F_devs(1979)      1.10214 -2.49528e-05
log_F_devs(1980)     0.811258 -6.24718e-07
log_F_devs(1981)     0.253029  4.06249e-05
log_F_devs(1982)    -0.370184  4.52308e-05
log_F_devs(1983)    -0.763256  1.16422e-05
log_F_devs(1984)    -0.883664  1.72762e-05
log_F_devs(1985)    -0.901918  7.50405e-06
log_F_devs(1986)    -0.928689 -6.87844e-06
log_F_devs(1987)     -1.23399  1.51484e-06
log_F_devs(1988)    -0.876215  5.41811e-06
log_F_devs(1989)    -0.761106  4.47184e-06
log_F_devs(1990)    -0.372594 -5.41155e-06
log_F_devs(1991)    -0.216945  1.53722e-06
log_F_devs(1992)     0.145227  2.29622e-05
log_F_devs(1993)    -0.196573  3.83503e-05
log_F_devs(1994)     -0.47171    1.257e-05
log_F_devs(1995)     -0.67077  3.90946e-06
log_F_devs(1996)    -0.753344  -2.5025e-06
log_F_devs(1997)    -0.789584 -1.23758e-06
log_F_devs(1998)    -0.735594  3.87446e-06
log_F_devs(1999)    -0.757687    2.735e-06
log_F_devs(2000)    -0.593309  -8.1008e-06
log_F_devs(2001)    -0.451897  1.59941e-06
log_F_devs(2002)    -0.307889  3.62299e-06
log_F_devs(2003)    -0.215996  -9.2446e-06
log_F_devs(2004)    -0.238205 -1.98601e-06
log_F_devs(2005)    -0.235951 -2.11428e-06
log_F_devs(2006)    -0.140028  1.25764e-06
log_F_devs(2007)     -0.12731 -4.66276e-06
log_F_devs(2008)    -0.127417 -3.19196e-05
log_F_devs(2009)    -0.239375  1.10956e-05
log_F_devs(2010)    -0.325022  2.16604e-05
log_F_devs(2011)  -0.00743859  1.57862e-06
log_F_devs(2012)   -0.0994447 -5.84556e-06
log_F_devs(2013)     -0.23488 -2.60508e-06
log_F_devs(2014)    -0.216692  2.53649e-05
log_F_devs(2015)   -0.0494934 -1.49621e-05
log_F_devs(2016)    -0.123935  1.14741e-05
log_F_devs(2017)    -0.321488  2.27535e-05
log_F_devs(2018)    -0.367374  1.22147e-05
log_F_devs(2019)    -0.320511  7.50399e-06
log_F_devs(2020)   -0.0169343 -2.16378e-05
log_F_devs(2021)     0.110387 -2.21741e-05
log_F_devs(2022)    -0.464372    6.054e-06
log_F_devs(2023)    -0.508739  1.28921e-06
log_F_devs(2024)    -0.809019  1.55522e-05
sel_coffs_fsh(1)     -8.07302 -1.34484e-07
sel_coffs_fsh(2)     -4.06816 -1.52209e-06
sel_coffs_fsh(3)     -2.01339  2.17009e-06
sel_coffs_fsh(4)    -0.786026 -7.16085e-07
sel_coffs_fsh(5)    -0.080493  5.28892e-06
sel_coffs_fsh(6)     0.344265 -8.90964e-07
sel_coffs_fsh(7)     0.454863 -6.48479e-06
sel_coffs_fsh(8)     0.449441 -1.22541e-07
sel_coffs_fsh(9)     0.423482  3.60381e-06
sel_coffs_fsh(10)     0.394725 -7.98311e-06
sel_coffs_fsh(11)     0.380429  9.81596e-06
sel_coffs_fsh(12)     0.366187 -2.72403e-06
sel_coffs_ats(2)    -0.146749  9.83985e-07
sel_coffs_ats(3)   -0.0048662 -4.68984e-07
sel_coffs_ats(4)     0.168872   -8.189e-07
sel_coffs_ats(5)     0.201356 -3.12982e-06
sel_coffs_ats(6)     0.216733  -3.5682e-06
sel_coffs_ats(7)     0.324283  3.26137e-06
sel_coffs_ats(8)    -0.373728  3.15249e-06
sel_slp_bts     0.982847  6.72625e-07
sel_a50_bts      6.41135 -3.78492e-06
sel_age_one_bts     -6.07677 -2.24429e-07
sel_age_one_bts_dev(1982)    -0.509665 -1.22173e-06
sel_age_one_bts_dev(1983)    -0.536455 -1.98679e-06
sel_age_one_bts_dev(1984)      3.95712  8.00867e-07
sel_age_one_bts_dev(1985)    -0.917822  2.48429e-06
sel_age_one_bts_dev(1986)     -1.28448  1.70943e-06
sel_age_one_bts_dev(1987)      4.71293  1.10201e-06
sel_age_one_bts_dev(1988)     -1.07197 -1.50844e-06
sel_age_one_bts_dev(1989)      4.66762  1.04918e-06
sel_age_one_bts_dev(1990)      3.82887  7.88728e-07
sel_age_one_bts_dev(1991)    -0.764984 -5.71358e-07
sel_age_one_bts_dev(1992)    -0.596859  7.07061e-07
sel_age_one_bts_dev(1993)    -0.485159 -7.81659e-07
sel_age_one_bts_dev(1994)     -0.73888  6.78856e-06
sel_age_one_bts_dev(1995)    -0.893349  5.30416e-06
sel_age_one_bts_dev(1996)    -0.975659  7.51891e-07
sel_age_one_bts_dev(1997)    -0.776656  3.27673e-06
sel_age_one_bts_dev(1998)    -0.774234  1.40051e-06
sel_age_one_bts_dev(1999)    -0.645791  5.21785e-08
sel_age_one_bts_dev(2000)    -0.455118  -9.3842e-07
sel_age_one_bts_dev(2001)    -0.597864  1.25968e-07
sel_age_one_bts_dev(2002)     -0.59643   2.7218e-06
sel_age_one_bts_dev(2003)    -0.375546  1.14821e-06
sel_age_one_bts_dev(2004)    -0.649195  6.55521e-07
sel_age_one_bts_dev(2005)    -0.682294  6.21869e-07
sel_age_one_bts_dev(2006)     -0.73353  1.35994e-06
sel_age_one_bts_dev(2007)    -0.638437 -1.77768e-06
sel_age_one_bts_dev(2008)    -0.547975  3.94656e-06
sel_age_one_bts_dev(2009)    -0.356708  2.72209e-06
sel_age_one_bts_dev(2010)       1.8057  7.22987e-07
sel_age_one_bts_dev(2011)    -0.854877  1.49296e-06
sel_age_one_bts_dev(2012)    -0.760367 -1.14499e-07
sel_age_one_bts_dev(2013)    -0.300089 -5.56211e-07
sel_age_one_bts_dev(2014)    -0.370786 -8.52736e-07
sel_age_one_bts_dev(2015)    -0.531667  1.38066e-07
sel_age_one_bts_dev(2016)    -0.793332  3.65187e-06
sel_age_one_bts_dev(2017)    -0.863525 -3.93428e-06
sel_age_one_bts_dev(2018)    -0.967147 -1.83484e-06
sel_age_one_bts_dev(2019)    -0.292751 -6.73486e-07
sel_age_one_bts_dev(2020)      3.03752  7.52412e-07
sel_age_one_bts_dev(2021)    -0.617669 -5.18894e-07
sel_age_one_bts_dev(2022)      2.58397  7.41623e-07
sel_age_one_bts_dev(2023)    -0.881565  2.53835e-06
sel_age_one_bts_dev(2024)      -0.7549  2.54717e-06
L1      28.2771 -0.000141367
L2      46.1029 -0.000230301
log_K    -0.127657  0.000288279
d_scale(1,3)       0.5236   1.1849e-06
d_scale(1,4)     0.704441  7.06275e-06
d_scale(1,5)     0.765531 -4.44638e-07
d_scale(1,6)     0.829738 -2.93752e-06
d_scale(1,7)     0.870009  1.93928e-06
d_scale(1,8)      0.93339  5.77286e-06
d_scale(1,9)     0.978959  2.98524e-06
d_scale(1,10)     0.974786  1.09007e-05
d_scale(1,11)     0.995057  3.17095e-06
d_scale(1,12)     0.934379  5.11093e-08
d_scale(1,13)     0.954279  1.00678e-06
d_scale(1,14)     0.863685  1.48812e-06
d_scale(1,15)      1.00357  7.63883e-07
coh_eff(1955)            0            0
coh_eff(1956)            0            0
coh_eff(1957)            0            0
coh_eff(1958)            0            0
coh_eff(1959)            0            0
coh_eff(1960)            0            0
coh_eff(1961)            0            0
coh_eff(1962)            0            0
coh_eff(1963)            0            0
coh_eff(1964)            0            0
coh_eff(1965)            0            0
coh_eff(1966)            0            0
coh_eff(1967)            0            0
coh_eff(1968)            0            0
coh_eff(1969)            0            0
coh_eff(1970)            0            0
coh_eff(1971)    -0.174323  5.00761e-07
coh_eff(1972)     0.306421  2.53864e-07
coh_eff(1973)    0.0390724 -3.40158e-07
coh_eff(1974)     0.531743 -2.69383e-07
coh_eff(1975)    -0.412214  2.61991e-06
coh_eff(1976)     0.532175  1.84213e-07
coh_eff(1977)    -0.453931  5.11578e-06
coh_eff(1978)     0.450572  5.58885e-06
coh_eff(1979)    0.0472289  3.02569e-06
coh_eff(1980)    -0.088476  6.56749e-06
coh_eff(1981)    -0.393548  8.39744e-07
coh_eff(1982)    -0.577961   1.9353e-06
coh_eff(1983)     0.581888 -3.32981e-06
coh_eff(1984)     0.662105  7.13795e-06
coh_eff(1985)      1.15135 -1.03341e-06
coh_eff(1986)   -0.0378491 -9.33363e-06
coh_eff(1987)     0.619849 -2.48521e-05
coh_eff(1988)   -0.0222035 -1.01908e-05
coh_eff(1989)     -1.01852 -1.08174e-05
coh_eff(1990)    -0.872082  1.39981e-06
coh_eff(1991)    -0.963217 -7.59117e-06
coh_eff(1992)     0.852762 -3.04156e-05
coh_eff(1993)      1.78828 -5.65719e-06
coh_eff(1994)      0.50675 -8.30364e-06
coh_eff(1995)    -0.980142   -7.436e-06
coh_eff(1996)   -0.0701877 -1.23296e-06
coh_eff(1997)     0.969765 -3.03333e-06
coh_eff(1998)     0.468247 -1.45679e-05
coh_eff(1999)     0.395471   2.0328e-07
coh_eff(2000)   -0.0684585  5.22341e-06
coh_eff(2001)      0.38565  2.43856e-06
coh_eff(2002)     0.878651 -6.74496e-06
coh_eff(2003)      1.45759  4.27449e-06
coh_eff(2004)     0.414359  4.28032e-06
coh_eff(2005)    -0.801252 -9.18118e-06
coh_eff(2006)     -1.12025  4.62102e-06
coh_eff(2007)    -0.451529  5.41534e-06
coh_eff(2008)     -1.66794  3.82451e-06
coh_eff(2009)    -0.772619  4.50351e-06
coh_eff(2010)     -1.53472 -2.15074e-06
coh_eff(2011)     -2.03099  3.40651e-06
coh_eff(2012)     -1.88351  8.83219e-07
coh_eff(2013)     -1.15567  5.91496e-06
coh_eff(2014)     0.725716  1.14528e-05
coh_eff(2015)     0.775548  3.86556e-06
coh_eff(2016)    0.0220587   3.9528e-05
coh_eff(2017)     0.326546  1.30105e-05
coh_eff(2018)     0.567605  2.39122e-06
coh_eff(2019)      1.41456  4.18815e-06
coh_eff(2020)     0.374874 -1.83374e-06
coh_eff(2021)     0.189904 -6.81283e-05
coh_eff(2022)      1.11949 -3.59764e-06
coh_eff(2023)      1.66812  1.37965e-06
coh_eff(2024)     0.354273  2.15938e-06
coh_eff(2025)            0            0
coh_eff(2026)            0            0
yr_eff(1970)            0            0
yr_eff(1971)     0.173551 -2.80728e-07
yr_eff(1972)  -0.00300704  2.16376e-07
yr_eff(1973)     0.308491  1.12604e-06
yr_eff(1974)     0.365071  1.91684e-06
yr_eff(1975)       1.5963  1.21567e-06
yr_eff(1976)     0.449983  8.44879e-06
yr_eff(1977)      2.08953   1.3821e-05
yr_eff(1978)     0.408934   1.1251e-05
yr_eff(1979)      1.21191  3.71704e-05
yr_eff(1980)      1.29396  3.84957e-05
yr_eff(1981)     0.913715  5.51572e-05
yr_eff(1982)     0.186395  3.22641e-05
yr_eff(1983)     0.946769  3.11757e-05
yr_eff(1984)    -0.522568  1.81104e-06
yr_eff(1985)      0.19448  2.72235e-05
yr_eff(1986)     -1.38398 -8.37384e-07
yr_eff(1987)    -0.523554 -8.07742e-06
yr_eff(1988)    -0.965512 -2.57659e-05
yr_eff(1989)    -0.691759  -2.4368e-05
yr_eff(1990)     0.532205 -0.000103792
yr_eff(1991)     0.254749 -6.13765e-05
yr_eff(1992)     0.266519 -3.37942e-05
yr_eff(1993)      1.04645  -6.7419e-05
yr_eff(1994)     0.161365  -2.7318e-05
yr_eff(1995)    -0.266973 -1.95417e-05
yr_eff(1996)    -0.495524   -1.571e-05
yr_eff(1997)    -0.103362 -4.70493e-05
yr_eff(1998)    -0.399312 -2.00228e-05
yr_eff(1999)    -0.222823 -4.34319e-05
yr_eff(2000)    -0.121403 -3.32363e-05
yr_eff(2001)     0.660468 -2.07055e-05
yr_eff(2002)     0.129535  3.47874e-07
yr_eff(2003)    0.0186953 -2.50953e-05
yr_eff(2004)    -0.211623  1.28956e-05
yr_eff(2005)    -0.655893  6.84503e-07
yr_eff(2006)   -0.0297589 -7.09586e-06
yr_eff(2007)      1.07527 -2.84755e-05
yr_eff(2008)     0.487862 -1.90483e-05
yr_eff(2009)      1.55114 -1.27138e-05
yr_eff(2010)     0.723351  4.69427e-06
yr_eff(2011)     0.870444 -4.13705e-06
yr_eff(2012)     0.236104 -2.57723e-06
yr_eff(2013)     0.655274 -3.98588e-06
yr_eff(2014)     0.787419  7.35564e-06
yr_eff(2015)     -2.04374  5.47325e-06
yr_eff(2016)    -0.258236  3.35703e-06
yr_eff(2017)    0.0174494  2.84636e-05
yr_eff(2018)    -0.798285  1.93708e-05
yr_eff(2019)     0.881217   3.3245e-05
yr_eff(2020)     -1.54825  1.01842e-05
yr_eff(2021)     -1.33076  8.69883e-06
yr_eff(2022)   -0.0141347 -2.25737e-05
yr_eff(2023)     -3.22027 -1.70774e-05
yr_eff(2024)     0.945711  5.22605e-06
yr_eff(2025)            0            0
yr_eff(2026)            0            0
yr_eff(2027)            0            0
yr_eff(2028)            0            0
yr_eff(2029)            0            0
