ParName   Value   Gradient
log_avgrec      9.78139  8.32569e-05
log_avginit      4.73507  2.65623e-05
log_avg_F     -1.29346  4.15352e-05
log_q_ats    -0.471735  2.58908e-06
log_Rzero      10.0696 -3.48348e-07
log_q_cpue     0.186624  1.65669e-06
log_q_avo     -8.04891 -2.88734e-06
log_initdevs(2)      3.35466  0.000166919
log_initdevs(3)      2.85998   0.00020811
log_initdevs(4)      1.30786  6.31532e-05
log_initdevs(5)     0.475759  2.91428e-05
log_initdevs(6)      1.14651  6.05376e-05
log_initdevs(7)     0.348205  2.56871e-05
log_initdevs(8)    -0.791713  1.02666e-05
log_initdevs(9)     -1.24955   7.8266e-06
log_initdevs(10)     -1.24443  2.67196e-06
log_initdevs(11)     -1.24091  8.45103e-06
log_initdevs(12)     -1.23881  7.41937e-06
log_initdevs(13)     -1.24068  7.69792e-06
log_initdevs(14)     -1.24244   6.1402e-06
log_initdevs(15)     -1.24443  6.35266e-06
log_rec_devs(1964)     -1.05454  4.89298e-05
log_rec_devs(1965)     0.151461  9.21917e-05
log_rec_devs(1966)    -0.170782   1.5195e-05
log_rec_devs(1967)     0.370528 -1.62126e-05
log_rec_devs(1968)      0.23362 -3.37296e-05
log_rec_devs(1969)      0.40554 -1.94772e-05
log_rec_devs(1970)     0.299114 -6.49132e-06
log_rec_devs(1971)    -0.190938  1.65608e-05
log_rec_devs(1972)    -0.394378   3.6706e-05
log_rec_devs(1973)     0.440865  0.000146065
log_rec_devs(1974)     0.151341  0.000158855
log_rec_devs(1975)    0.0367129  0.000188504
log_rec_devs(1976)    -0.216445    0.0001527
log_rec_devs(1977)    -0.126438  0.000122457
log_rec_devs(1978)     0.335887  0.000124766
log_rec_devs(1979)      1.17096  1.01197e-05
log_rec_devs(1980)     0.170124 -3.46503e-05
log_rec_devs(1981)     0.575399 -4.48122e-05
log_rec_devs(1982)   -0.0210698 -1.88798e-05
log_rec_devs(1983)      1.08513 -1.12984e-05
log_rec_devs(1984)    -0.187426 -6.33188e-06
log_rec_devs(1985)     0.634072 -1.94281e-05
log_rec_devs(1986)    -0.401973  3.22413e-05
log_rec_devs(1987)    -0.912608 -3.99785e-06
log_rec_devs(1988)     -1.18609  1.06986e-05
log_rec_devs(1989)     -0.46637  6.66401e-06
log_rec_devs(1990)      0.94603  7.94713e-05
log_rec_devs(1991)     0.212136  3.86678e-05
log_rec_devs(1992)   -0.0377685  1.95967e-05
log_rec_devs(1993)      0.77064  1.88945e-05
log_rec_devs(1994)    -0.248938 -6.14404e-06
log_rec_devs(1995)    -0.614984  2.41877e-05
log_rec_devs(1996)     0.227204 -4.53775e-06
log_rec_devs(1997)     0.563525  1.75149e-05
log_rec_devs(1998)    -0.200222 -1.27435e-05
log_rec_devs(1999)    -0.148203 -1.43269e-05
log_rec_devs(2000)     0.307946 -1.25697e-05
log_rec_devs(2001)     0.647618  2.27957e-05
log_rec_devs(2002)     0.254241  1.08695e-05
log_rec_devs(2003)    -0.247422   6.7454e-06
log_rec_devs(2004)     -1.02257  3.51746e-06
log_rec_devs(2005)     -1.33354  3.86373e-06
log_rec_devs(2006)    -0.369171 -1.53074e-05
log_rec_devs(2007)     0.359507  1.34408e-05
log_rec_devs(2008)    -0.343778  1.49454e-06
log_rec_devs(2009)      1.01278  3.36071e-05
log_rec_devs(2010)     0.331374  2.84938e-05
log_rec_devs(2011)    -0.180342 -7.02402e-06
log_rec_devs(2012)    -0.429814  3.75749e-06
log_rec_devs(2013)     0.857445  1.52767e-05
log_rec_devs(2014)     0.949033 -6.59003e-07
log_rec_devs(2015)    0.0482233  1.13158e-05
log_rec_devs(2016)     -1.11312   1.9396e-05
log_rec_devs(2017)     -1.21723  5.41935e-06
log_rec_devs(2018)    -0.410574 -1.11284e-05
log_rec_devs(2019)      1.49993   8.3091e-05
log_rec_devs(2020)     -0.02723 -1.73242e-05
log_rec_devs(2021)    -0.711961  1.38683e-05
log_rec_devs(2022)    -0.739674 -1.18953e-05
log_rec_devs(2023)    -0.433527  8.32479e-06
log_rec_devs(2024)     0.110749  2.65374e-06
log_F_devs(1964)    -0.681455  4.19881e-05
log_F_devs(1965)    -0.659947  0.000121456
log_F_devs(1966)    -0.739328  0.000128859
log_F_devs(1967)    -0.196279  0.000162718
log_F_devs(1968)    -0.216137  5.67387e-05
log_F_devs(1969)    -0.173756  0.000175359
log_F_devs(1970)      0.19168 -0.000105141
log_F_devs(1971)     0.539409  3.97254e-05
log_F_devs(1972)     0.648085 -0.000243916
log_F_devs(1973)     0.775608 -0.000128485
log_F_devs(1974)     0.832933 -0.000177586
log_F_devs(1975)     0.631936 -0.000195243
log_F_devs(1976)     0.498501 -2.85185e-05
log_F_devs(1977)     0.339486  2.01863e-05
log_F_devs(1978)     0.377501  0.000129325
log_F_devs(1979)     0.366687  0.000146349
log_F_devs(1980)     0.258468  0.000354786
log_F_devs(1981)   -0.0355448  0.000340177
log_F_devs(1982)    -0.383614  0.000176788
log_F_devs(1983)    -0.485043 -3.80513e-05
log_F_devs(1984)    -0.460819  7.81576e-05
log_F_devs(1985)    -0.455992 -9.36884e-05
log_F_devs(1986)     -0.56831 -2.90218e-05
log_F_devs(1987)    -0.911745 -5.00164e-05
log_F_devs(1988)    -0.627294   9.0382e-05
log_F_devs(1989)    -0.602544 -4.59985e-05
log_F_devs(1990)    -0.181863  2.34172e-05
log_F_devs(1991)    0.0605291 -9.51908e-05
log_F_devs(1992)     0.408175 -1.96801e-06
log_F_devs(1993)    0.0308124  5.64283e-08
log_F_devs(1994)    -0.133964  1.58354e-05
log_F_devs(1995)   -0.0714518  3.22174e-05
log_F_devs(1996)     0.164427  2.94135e-05
log_F_devs(1997)     0.261445 -3.48035e-05
log_F_devs(1998)     0.116516  4.46054e-06
log_F_devs(1999)     -0.11899  3.49731e-05
log_F_devs(2000)   -0.0732519  -3.2622e-05
log_F_devs(2001)   -0.0044603 -4.83222e-05
log_F_devs(2002)     0.130921  2.30435e-05
log_F_devs(2003)     0.150962 -1.83028e-05
log_F_devs(2004)   -0.0323282  -4.5076e-05
log_F_devs(2005)    -0.133004 -5.54699e-05
log_F_devs(2006)     0.057204 -3.87242e-05
log_F_devs(2007)     0.121449 -4.05681e-05
log_F_devs(2008)     0.255934  -2.9447e-05
log_F_devs(2009)     0.253258 -5.65202e-05
log_F_devs(2010)    0.0605305 -4.00156e-05
log_F_devs(2011)     0.322479 -4.93141e-05
log_F_devs(2012)     0.279945 -3.51607e-05
log_F_devs(2013)       0.1681 -6.27628e-05
log_F_devs(2014)    0.0923299 -3.73368e-05
log_F_devs(2015)     0.171339  2.94608e-05
log_F_devs(2016)    -0.118205 -4.63945e-05
log_F_devs(2017)    -0.123175 -2.75307e-05
log_F_devs(2018)    -0.329109  -4.6974e-06
log_F_devs(2019)    -0.196937 -0.000104548
log_F_devs(2020)     0.136071  -6.5964e-05
log_F_devs(2021)     0.177211 -3.90296e-05
log_F_devs(2022)   -0.0449143 -4.50849e-05
log_F_devs(2023)    0.0120903  2.07674e-05
log_F_devs(2024)    -0.132558 -8.22103e-05
sel_devs_fsh(1,1)    0.0529408  4.72583e-06
sel_devs_fsh(1,2)    0.0897269  3.07911e-05
sel_devs_fsh(1,3)     0.138379  6.94622e-05
sel_devs_fsh(1,4)   -0.0454779  0.000210712
sel_devs_fsh(1,5)   -0.0443279 -8.22902e-05
sel_devs_fsh(1,6)   -0.0575676 -5.12977e-05
sel_devs_fsh(1,7)   -0.0489558   0.00017562
sel_devs_fsh(1,8)   -0.0387079 -6.25114e-05
sel_devs_fsh(1,9)   -0.0263748 -6.70357e-05
sel_devs_fsh(1,10)   -0.0147973   0.00014123
sel_devs_fsh(1,11)  -0.00546555  0.000354804
sel_devs_fsh(1,12)  0.000628211 -0.000723235
sel_devs_fsh(2,1)    0.0612846  3.60882e-06
sel_devs_fsh(2,2)    0.0971996  3.09833e-06
sel_devs_fsh(2,3)     0.237301   6.2344e-05
sel_devs_fsh(2,4)    -0.142183  0.000195367
sel_devs_fsh(2,5)   -0.0968511 -9.98336e-05
sel_devs_fsh(2,6)    -0.076993 -3.90912e-05
sel_devs_fsh(2,7)   -0.0558755  0.000168005
sel_devs_fsh(2,8)   -0.0349311 -5.09933e-05
sel_devs_fsh(2,9)   -0.0198628 -7.46902e-05
sel_devs_fsh(2,10)  -0.00329482  0.000137741
sel_devs_fsh(2,11)    0.0133785   0.00037528
sel_devs_fsh(2,12)    0.0208258 -0.000709231
sel_devs_fsh(3,1)     0.128263  3.02551e-06
sel_devs_fsh(3,2)    0.0984743  2.37761e-08
sel_devs_fsh(3,3)   0.00287377  5.21027e-05
sel_devs_fsh(3,4)   -0.0105076  0.000184191
sel_devs_fsh(3,5)   -0.0592741 -0.000108793
sel_devs_fsh(3,6)   -0.0626951 -2.13442e-05
sel_devs_fsh(3,7)   -0.0610937  0.000160454
sel_devs_fsh(3,8)   -0.0441205 -4.03853e-05
sel_devs_fsh(3,9)   -0.0225763 -8.03949e-05
sel_devs_fsh(3,10) -0.000243164  0.000161018
sel_devs_fsh(3,11)    0.0142854  0.000389663
sel_devs_fsh(3,12)    0.0166149 -0.000679911
sel_devs_fsh(4,1)     0.136732  5.57467e-06
sel_devs_fsh(4,2)    0.0668221  4.52465e-05
sel_devs_fsh(4,3)     0.153968  3.36756e-05
sel_devs_fsh(4,4)    -0.113232  0.000166445
sel_devs_fsh(4,5)    -0.111376 -0.000120287
sel_devs_fsh(4,6)    -0.103903 -4.00267e-05
sel_devs_fsh(4,7)   -0.0852534   0.00016739
sel_devs_fsh(4,8)   -0.0300455 -4.16157e-05
sel_devs_fsh(4,9)   -0.0051047 -0.000107184
sel_devs_fsh(4,10)    0.0201492  0.000153995
sel_devs_fsh(4,11)    0.0324291  0.000385481
sel_devs_fsh(4,12)    0.0388118 -0.000664738
sel_devs_fsh(5,1)     0.196026 -1.92031e-05
sel_devs_fsh(5,2)     0.139075  1.32178e-05
sel_devs_fsh(5,3)   -0.0328435   5.6626e-05
sel_devs_fsh(5,4)    -0.265828  0.000143301
sel_devs_fsh(5,5)    -0.129607 -0.000118892
sel_devs_fsh(5,6)    -0.115249  -1.9519e-05
sel_devs_fsh(5,7)   -0.0583462  0.000165825
sel_devs_fsh(5,8)   0.00056401 -2.89867e-05
sel_devs_fsh(5,9)    0.0346604  -8.3948e-05
sel_devs_fsh(5,10)    0.0616314  0.000162645
sel_devs_fsh(5,11)    0.0745278  0.000360171
sel_devs_fsh(5,12)     0.095391  -0.00060665
sel_devs_fsh(6,1)    0.0190879  2.31722e-05
sel_devs_fsh(6,2)    0.0305112  9.74402e-06
sel_devs_fsh(6,3)   -0.0801243  1.33837e-05
sel_devs_fsh(6,4)   -0.0565882  0.000162811
sel_devs_fsh(6,5)  -0.00913755 -0.000124888
sel_devs_fsh(6,6)   -0.0225267 -2.65471e-05
sel_devs_fsh(6,7)   -0.0578131   0.00011158
sel_devs_fsh(6,8)  -0.00372186 -1.53683e-05
sel_devs_fsh(6,9)    0.0244795 -9.98004e-05
sel_devs_fsh(6,10)    0.0412312  0.000152207
sel_devs_fsh(6,11)    0.0511575  0.000336281
sel_devs_fsh(6,12)    0.0634417 -0.000583645
sel_devs_fsh(7,1)     -0.22496 -3.15525e-05
sel_devs_fsh(7,2)     0.197298 -3.86242e-06
sel_devs_fsh(7,3)     0.114006  3.96697e-05
sel_devs_fsh(7,4)    0.0746267  0.000129364
sel_devs_fsh(7,5)   -0.0280073 -0.000126352
sel_devs_fsh(7,6)   -0.0146147   2.0117e-05
sel_devs_fsh(7,7)   -0.0272411  0.000118843
sel_devs_fsh(7,8)   -0.0388901 -4.19633e-05
sel_devs_fsh(7,9)   -0.0157903 -8.65036e-05
sel_devs_fsh(7,10)  -0.00753934  0.000144084
sel_devs_fsh(7,11)  -0.00906968  0.000284377
sel_devs_fsh(7,12)   -0.0198244 -0.000548143
sel_devs_fsh(8,1)    -0.244741 -2.68235e-06
sel_devs_fsh(8,2)     0.107371  2.03822e-05
sel_devs_fsh(8,3)    0.0642152   3.4616e-05
sel_devs_fsh(8,4)    0.0430097  0.000131039
sel_devs_fsh(8,5)    0.0313607 -8.97751e-05
sel_devs_fsh(8,6)    0.0419557  7.11827e-05
sel_devs_fsh(8,7)    0.0188932  6.40377e-05
sel_devs_fsh(8,8)   -0.0078999 -5.38145e-05
sel_devs_fsh(8,9)   -0.0112863 -5.54581e-05
sel_devs_fsh(8,10)  -0.00785139  0.000130094
sel_devs_fsh(8,11)   -0.0111478  0.000261327
sel_devs_fsh(8,12)   -0.0238802 -0.000526896
sel_devs_fsh(9,1)    -0.198945 -6.69569e-06
sel_devs_fsh(9,2)     0.144956  1.76262e-05
sel_devs_fsh(9,3)     0.176113  5.32912e-05
sel_devs_fsh(9,4)    0.0281624  0.000108856
sel_devs_fsh(9,5)  -0.00156712 -5.73992e-05
sel_devs_fsh(9,6)   -0.0134858  6.79707e-05
sel_devs_fsh(9,7)   -0.0126503  4.22188e-05
sel_devs_fsh(9,8)   -0.0361769 -6.02502e-06
sel_devs_fsh(9,9)   -0.0210356 -6.04089e-05
sel_devs_fsh(9,10)   -0.0141123  0.000106717
sel_devs_fsh(9,11)   -0.0172278  0.000229908
sel_devs_fsh(9,12)   -0.0340307  -0.00050202
sel_devs_fsh(10,1)    -0.176548  -4.0598e-06
sel_devs_fsh(10,2)    -0.174976  4.94997e-05
sel_devs_fsh(10,3)     0.126191  5.77053e-05
sel_devs_fsh(10,4)    0.0732845  0.000124779
sel_devs_fsh(10,5)    0.0312171 -3.25285e-05
sel_devs_fsh(10,6)    0.0246478  0.000115563
sel_devs_fsh(10,7)    0.0228315  1.81986e-05
sel_devs_fsh(10,8)   -0.0141826 -2.58743e-05
sel_devs_fsh(10,9)   0.00451379 -7.24428e-05
sel_devs_fsh(10,10)    0.0232034  7.60888e-05
sel_devs_fsh(10,11)    0.0293878  0.000231005
sel_devs_fsh(10,12)    0.0304326 -0.000494919
sel_devs_fsh(11,1)    -0.171514  1.22582e-05
sel_devs_fsh(11,2)   -0.0649467  2.55285e-05
sel_devs_fsh(11,3)   -0.0863902  6.62105e-05
sel_devs_fsh(11,4)    0.0791561  0.000127735
sel_devs_fsh(11,5)    0.0641297  -3.2092e-05
sel_devs_fsh(11,6)    0.0515701  0.000117419
sel_devs_fsh(11,7)    0.0448417  1.75756e-05
sel_devs_fsh(11,8)   0.00193825 -3.84207e-05
sel_devs_fsh(11,9)   0.00933018 -8.81247e-05
sel_devs_fsh(11,10)    0.0196917  8.56132e-05
sel_devs_fsh(11,11)    0.0272626  0.000200028
sel_devs_fsh(11,12)    0.0249294 -0.000508987
sel_devs_fsh(12,1)    -0.159901 -4.42972e-06
sel_devs_fsh(12,2)    0.0434469  3.37934e-05
sel_devs_fsh(12,3)    -0.118218  7.65497e-05
sel_devs_fsh(12,4)   -0.0412671  0.000130981
sel_devs_fsh(12,5)    0.0427871 -2.28282e-05
sel_devs_fsh(12,6)    0.0470785  0.000125932
sel_devs_fsh(12,7)    0.0456448    2.378e-05
sel_devs_fsh(12,8)    0.0132739 -0.000100464
sel_devs_fsh(12,9)    0.0175192 -2.15166e-05
sel_devs_fsh(12,10)    0.0282052  7.19396e-05
sel_devs_fsh(12,11)    0.0407453  0.000185777
sel_devs_fsh(12,12)    0.0406865 -0.000482952
sel_devs_fsh(13,1)     -0.20009  1.78036e-05
sel_devs_fsh(13,2)    -0.105243  5.45916e-05
sel_devs_fsh(13,3)   -0.0207732  6.21503e-05
sel_devs_fsh(13,4)   -0.0254501  0.000121317
sel_devs_fsh(13,5)    0.0368552 -4.23224e-05
sel_devs_fsh(13,6)    0.0392103  0.000130632
sel_devs_fsh(13,7)    0.0482951  4.08032e-05
sel_devs_fsh(13,8)    0.0424152 -0.000172894
sel_devs_fsh(13,9)     0.041233  3.08368e-05
sel_devs_fsh(13,10)    0.0415913  6.31388e-05
sel_devs_fsh(13,11)    0.0510836  0.000192232
sel_devs_fsh(13,12)    0.0508746 -0.000474811
sel_devs_fsh(14,1)    -0.162589  1.09734e-05
sel_devs_fsh(14,2)    -0.286072  4.24331e-05
sel_devs_fsh(14,3)    -0.139943  7.05026e-05
sel_devs_fsh(14,4)    -0.035551  0.000120568
sel_devs_fsh(14,5)    0.0630835 -4.34773e-05
sel_devs_fsh(14,6)     0.104443  0.000110226
sel_devs_fsh(14,7)    0.0906508  5.47502e-05
sel_devs_fsh(14,8)    0.0929155 -0.000220778
sel_devs_fsh(14,9)    0.0837324  7.87514e-05
sel_devs_fsh(14,10)     0.064275  6.12931e-05
sel_devs_fsh(14,11)    0.0626633  0.000202786
sel_devs_fsh(14,12)    0.0623927 -0.000464407
sel_devs_fsh(15,1)    -0.197232 -1.20562e-06
sel_devs_fsh(15,2)    -0.440774    3.992e-05
sel_devs_fsh(15,3)    -0.155176  4.44123e-05
sel_devs_fsh(15,4)    0.0826883  0.000108974
sel_devs_fsh(15,5)    0.0950895  -5.0199e-05
sel_devs_fsh(15,6)     0.110776  9.82732e-05
sel_devs_fsh(15,7)     0.113482  7.40312e-05
sel_devs_fsh(15,8)     0.105776 -0.000241947
sel_devs_fsh(15,9)    0.0757868  6.89184e-05
sel_devs_fsh(15,10)    0.0671389  5.06676e-05
sel_devs_fsh(15,11)    0.0709152  0.000206279
sel_devs_fsh(15,12)    0.0715273 -0.000424334
sel_devs_fsh(16,1)    -0.179527  -2.1608e-05
sel_devs_fsh(16,2)    -0.257223  3.34811e-05
sel_devs_fsh(16,3)    -0.252955  2.45483e-05
sel_devs_fsh(16,4)    0.0910917  7.61651e-05
sel_devs_fsh(16,5)     0.106679 -4.12227e-05
sel_devs_fsh(16,6)    0.0690945  6.69115e-05
sel_devs_fsh(16,7)    0.0739628  6.19505e-05
sel_devs_fsh(16,8)    0.0885409 -0.000204871
sel_devs_fsh(16,9)    0.0697831  7.10979e-05
sel_devs_fsh(16,10)    0.0542523  6.88898e-05
sel_devs_fsh(16,11)     0.056927  0.000220981
sel_devs_fsh(16,12)    0.0793746 -0.000331634
sel_devs_fsh(17,1)    -0.142862  7.47326e-06
sel_devs_fsh(17,2)    -0.163897  1.51107e-05
sel_devs_fsh(17,3)    -0.296862 -2.22608e-05
sel_devs_fsh(17,4)   -0.0196151  2.24416e-05
sel_devs_fsh(17,5)     0.113381 -5.31609e-05
sel_devs_fsh(17,6)    0.0923862  6.23178e-05
sel_devs_fsh(17,7)    0.0874829  2.50545e-05
sel_devs_fsh(17,8)    0.0834422 -0.000110514
sel_devs_fsh(17,9)    0.0695061  3.93835e-05
sel_devs_fsh(17,10)    0.0476638  5.76199e-05
sel_devs_fsh(17,11)    0.0520336  0.000216185
sel_devs_fsh(17,12)    0.0773413 -0.000245521
sel_devs_fsh(18,1)    -0.156133 -1.17577e-05
sel_devs_fsh(18,2)    0.0499343  2.09075e-05
sel_devs_fsh(18,3)     -0.18797 -2.14511e-05
sel_devs_fsh(18,4)    -0.159602  1.59854e-05
sel_devs_fsh(18,5)   -0.0199634 -4.37405e-05
sel_devs_fsh(18,6)     0.100604  2.38614e-05
sel_devs_fsh(18,7)    0.0903121 -6.89731e-06
sel_devs_fsh(18,8)    0.0821581 -8.17058e-05
sel_devs_fsh(18,9)    0.0509069  2.09632e-05
sel_devs_fsh(18,10)    0.0430011   5.9098e-05
sel_devs_fsh(18,11)    0.0414814   0.00023308
sel_devs_fsh(18,12)    0.0652705  -0.00020578
sel_devs_fsh(19,1)    -0.141671  3.08313e-06
sel_devs_fsh(19,2)    -0.197592  4.90117e-05
sel_devs_fsh(19,3)   0.00120262  -3.0265e-05
sel_devs_fsh(19,4)    -0.163826 -1.53901e-05
sel_devs_fsh(19,5)     0.091043 -4.12299e-05
sel_devs_fsh(19,6)     0.076916   3.2301e-05
sel_devs_fsh(19,7)    0.0982811  3.47008e-06
sel_devs_fsh(19,8)     0.090872 -9.43976e-05
sel_devs_fsh(19,9)    0.0581806  3.97373e-05
sel_devs_fsh(19,10)    0.0270109   5.9637e-05
sel_devs_fsh(19,11)    0.0226161  0.000206666
sel_devs_fsh(19,12)    0.0369668 -0.000210911
sel_devs_fsh(20,1)    -0.159576  1.65521e-06
sel_devs_fsh(20,2)    0.0387251 -1.50539e-07
sel_devs_fsh(20,3)    0.0971556 -2.35554e-05
sel_devs_fsh(20,4)   -0.0905968  1.95835e-05
sel_devs_fsh(20,5)    -0.288992 -3.98317e-05
sel_devs_fsh(20,6)     0.109915  1.28689e-05
sel_devs_fsh(20,7)     0.091819  1.27102e-06
sel_devs_fsh(20,8)    0.0918741 -0.000118849
sel_devs_fsh(20,9)    0.0492378  6.64708e-05
sel_devs_fsh(20,10)    0.0258758   7.3091e-05
sel_devs_fsh(20,11)    0.0100351  0.000208702
sel_devs_fsh(20,12)    0.0245262 -0.000200128
sel_devs_fsh(21,1)    -0.170541   1.1668e-05
sel_devs_fsh(21,2)   -0.0321615  4.41504e-05
sel_devs_fsh(21,3)     0.100773 -2.68263e-05
sel_devs_fsh(21,4)     0.176755 -1.86627e-05
sel_devs_fsh(21,5)   0.00886546 -5.00652e-05
sel_devs_fsh(21,6)    -0.111706  2.23404e-05
sel_devs_fsh(21,7)    0.0186935 -6.99644e-06
sel_devs_fsh(21,8)   -0.0182617 -0.000131243
sel_devs_fsh(21,9)    0.0393075  6.75458e-05
sel_devs_fsh(21,10)   0.00638406  8.77747e-05
sel_devs_fsh(21,11)   -0.0197752  0.000198208
sel_devs_fsh(21,12)   0.00166586 -0.000209809
sel_devs_fsh(22,1)    -0.172227   9.3261e-06
sel_devs_fsh(22,2)   -0.0709552  2.66928e-05
sel_devs_fsh(22,3)     0.147739  -2.7284e-05
sel_devs_fsh(22,4)   -0.0585953  3.89561e-06
sel_devs_fsh(22,5)    0.0281139  -3.9521e-05
sel_devs_fsh(22,6)   -0.0138783  3.28274e-05
sel_devs_fsh(22,7)    -0.126804  1.15057e-05
sel_devs_fsh(22,8)    0.0957627 -0.000121695
sel_devs_fsh(22,9)    0.0910729  7.84439e-05
sel_devs_fsh(22,10)    0.0674889  4.81375e-05
sel_devs_fsh(22,11)    0.0177102  0.000217973
sel_devs_fsh(22,12)  -0.00542605 -0.000207077
sel_devs_fsh(23,1)    -0.206271 -6.39417e-07
sel_devs_fsh(23,2)    -0.109874  1.26385e-05
sel_devs_fsh(23,3)     0.469901 -1.33307e-05
sel_devs_fsh(23,4)    0.0719212  1.93282e-06
sel_devs_fsh(23,5)     0.141607 -2.12054e-05
sel_devs_fsh(23,6)   -0.0433226  7.88485e-06
sel_devs_fsh(23,7)     0.135462 -1.82602e-06
sel_devs_fsh(23,8)    -0.096409 -0.000120872
sel_devs_fsh(23,9)    -0.118055  7.35947e-05
sel_devs_fsh(23,10)    -0.125224  4.01544e-05
sel_devs_fsh(23,11)   -0.0596734   0.00019407
sel_devs_fsh(23,12)   -0.0600635 -0.000192248
sel_devs_fsh(24,1)    -0.171476   5.3675e-06
sel_devs_fsh(24,2)   -0.0665189  3.59388e-05
sel_devs_fsh(24,3)    -0.382039 -3.22941e-05
sel_devs_fsh(24,4)     0.128338  1.33074e-05
sel_devs_fsh(24,5)    0.0210173 -5.47619e-05
sel_devs_fsh(24,6)     0.106941  4.78558e-06
sel_devs_fsh(24,7)     0.139006  1.16168e-05
sel_devs_fsh(24,8)     0.123732 -0.000131798
sel_devs_fsh(24,9)    0.0328762  9.79969e-05
sel_devs_fsh(24,10)    0.0650708  4.94436e-05
sel_devs_fsh(24,11)    0.0326149  0.000142048
sel_devs_fsh(24,12)   -0.0295618 -0.000147192
sel_devs_fsh(25,1)    -0.157835 -7.22161e-07
sel_devs_fsh(25,2)   -0.0280454  3.28016e-05
sel_devs_fsh(25,3)    -0.353552 -2.16903e-05
sel_devs_fsh(25,4)    0.0419988  3.93729e-06
sel_devs_fsh(25,5)    0.0762327  -2.5179e-05
sel_devs_fsh(25,6)     0.038193  6.70945e-06
sel_devs_fsh(25,7)   0.00891628  2.07954e-05
sel_devs_fsh(25,8)    0.0635742 -0.000126527
sel_devs_fsh(25,9)    0.0755507  9.13028e-05
sel_devs_fsh(25,10)   0.00855448  5.77416e-05
sel_devs_fsh(25,11)     0.153737  0.000134678
sel_devs_fsh(25,12)     0.072679 -0.000110158
sel_devs_fsh(26,1)   -0.0769922  1.09095e-06
sel_devs_fsh(26,2)    0.0275252  3.32926e-05
sel_devs_fsh(26,3)    -0.360249 -8.52344e-06
sel_devs_fsh(26,4)    -0.342648  3.84806e-06
sel_devs_fsh(26,5)    -0.161334 -2.63339e-05
sel_devs_fsh(26,6)   -0.0840565 -4.05742e-06
sel_devs_fsh(26,7)    0.0712174  2.79742e-05
sel_devs_fsh(26,8)   -0.0546511  -0.00013359
sel_devs_fsh(26,9)     0.134414  8.41797e-05
sel_devs_fsh(26,10)    0.0880883  5.15203e-05
sel_devs_fsh(26,11)      0.38831  0.000111407
sel_devs_fsh(26,12)     0.370379  -8.8021e-05
sel_devs_fsh(27,1)    -0.165425  7.29287e-07
sel_devs_fsh(27,2)   -0.0380089  1.81664e-05
sel_devs_fsh(27,3)     0.521653 -3.18887e-05
sel_devs_fsh(27,4)      -0.2637  9.50973e-06
sel_devs_fsh(27,5)     -0.34931 -4.05077e-05
sel_devs_fsh(27,6)   -0.0649297 -1.72836e-05
sel_devs_fsh(27,7)   -0.0385851  3.32878e-05
sel_devs_fsh(27,8)     0.172386 -0.000143926
sel_devs_fsh(27,9)      0.12123  8.65668e-05
sel_devs_fsh(27,10)      0.20471  4.59453e-05
sel_devs_fsh(27,11)   -0.0981291  0.000107048
sel_devs_fsh(27,12)  -0.00189396 -0.000109779
sel_devs_fsh(28,1)    -0.162931  1.15953e-05
sel_devs_fsh(28,2)    -0.509366  2.67277e-05
sel_devs_fsh(28,3)    0.0229376 -3.31518e-05
sel_devs_fsh(28,4)     0.800498  9.71786e-06
sel_devs_fsh(28,5)   0.00581476 -3.35831e-05
sel_devs_fsh(28,6)  -0.00462786 -1.18979e-05
sel_devs_fsh(28,7)    0.0759787  3.28456e-05
sel_devs_fsh(28,8)    0.0570631 -0.000141416
sel_devs_fsh(28,9)    -0.029247  0.000108597
sel_devs_fsh(28,10)   -0.0239327  3.66641e-05
sel_devs_fsh(28,11)    -0.207383  0.000103437
sel_devs_fsh(28,12)   -0.0248051 -0.000102164
sel_devs_fsh(29,1)   -0.0765686 -2.29793e-05
sel_devs_fsh(29,2)   -0.0836189  3.46036e-05
sel_devs_fsh(29,3)    -0.803868 -2.60234e-05
sel_devs_fsh(29,4)    -0.261872  8.06055e-06
sel_devs_fsh(29,5)     0.870111 -3.18597e-05
sel_devs_fsh(29,6)     0.255166 -1.72427e-06
sel_devs_fsh(29,7)    0.0395859  4.32678e-05
sel_devs_fsh(29,8)   -0.0115822 -0.000159252
sel_devs_fsh(29,9)   -0.0107323  0.000143387
sel_devs_fsh(29,10)   0.00680886  9.19549e-06
sel_devs_fsh(29,11)     0.105817  0.000123576
sel_devs_fsh(29,12)    -0.029244 -9.78781e-05
sel_devs_fsh(30,1)   -0.0386234   7.9636e-06
sel_devs_fsh(30,2)    0.0937548  3.06259e-06
sel_devs_fsh(30,3)    -0.411792 -3.11222e-05
sel_devs_fsh(30,4)    -0.689349  9.72859e-06
sel_devs_fsh(30,5)    -0.302862 -3.69008e-05
sel_devs_fsh(30,6)      0.44524 -3.77142e-06
sel_devs_fsh(30,7)     0.127136  5.23118e-05
sel_devs_fsh(30,8)      0.20489 -0.000190232
sel_devs_fsh(30,9)     0.186395  0.000182799
sel_devs_fsh(30,10)     0.183977 -6.80747e-06
sel_devs_fsh(30,11)     0.143258  0.000107777
sel_devs_fsh(30,12)    0.0579749 -9.38184e-05
sel_devs_fsh(31,1)   -0.0393948  1.67841e-05
sel_devs_fsh(31,2)     0.440573  2.64918e-05
sel_devs_fsh(31,3)     0.197339 -3.19335e-05
sel_devs_fsh(31,4)    -0.904405  3.04703e-06
sel_devs_fsh(31,5)    -0.736508   -3.107e-05
sel_devs_fsh(31,6)    -0.281503 -3.16094e-05
sel_devs_fsh(31,7)      0.29625  4.12171e-05
sel_devs_fsh(31,8)      0.32978 -0.000200503
sel_devs_fsh(31,9)     0.267598  0.000208046
sel_devs_fsh(31,10)     0.211438 -1.76695e-05
sel_devs_fsh(31,11)     0.122301  0.000107247
sel_devs_fsh(31,12)    0.0965333 -8.68726e-05
sel_devs_fsh(32,1)    -0.126289 -2.49383e-06
sel_devs_fsh(32,2)     0.273173  3.13113e-05
sel_devs_fsh(32,3)     0.101796 -3.28528e-05
sel_devs_fsh(32,4)     0.583741  2.58536e-06
sel_devs_fsh(32,5)    -0.107559  -3.0702e-05
sel_devs_fsh(32,6)    -0.366934 -3.91304e-05
sel_devs_fsh(32,7)    -0.330627  4.97285e-05
sel_devs_fsh(32,8)    -0.304389 -0.000206667
sel_devs_fsh(32,9)    0.0504988  0.000226494
sel_devs_fsh(32,10)    0.0746352 -3.61319e-05
sel_devs_fsh(32,11)    0.0733268  0.000131134
sel_devs_fsh(32,12)    0.0786268 -9.83619e-05
sel_devs_fsh(33,1)   -0.0989084  2.33294e-05
sel_devs_fsh(33,2)    -0.408426  2.69824e-05
sel_devs_fsh(33,3)     0.205511 -2.45176e-05
sel_devs_fsh(33,4)     0.209333  1.05876e-05
sel_devs_fsh(33,5)     0.133058 -2.40102e-05
sel_devs_fsh(33,6)     0.167565 -3.71896e-05
sel_devs_fsh(33,7)    -0.209895  5.78106e-05
sel_devs_fsh(33,8)    0.0184166 -0.000193215
sel_devs_fsh(33,9)   -0.0289633  0.000241525
sel_devs_fsh(33,10)  0.000771619 -3.66598e-05
sel_devs_fsh(33,11)   0.00187109  0.000150203
sel_devs_fsh(33,12)    0.0096739 -9.54934e-05
sel_devs_fsh(34,1)    -0.146864 -2.20806e-05
sel_devs_fsh(34,2)    -0.338675   2.6054e-05
sel_devs_fsh(34,3)     0.800304 -3.75031e-05
sel_devs_fsh(34,4)     0.390354  5.67493e-06
sel_devs_fsh(34,5)     0.142274 -2.95197e-05
sel_devs_fsh(34,6)    -0.298607 -5.39288e-05
sel_devs_fsh(34,7)     0.154147  5.03207e-05
sel_devs_fsh(34,8)   -0.0983685 -0.000195524
sel_devs_fsh(34,9)    -0.232866  0.000245361
sel_devs_fsh(34,10)    -0.220712 -5.27703e-05
sel_devs_fsh(34,11)    -0.123403  0.000148642
sel_devs_fsh(34,12)    -0.027584 -8.79381e-05
sel_devs_fsh(35,1)   -0.0902591 -1.58469e-05
sel_devs_fsh(35,2)    -0.114316   1.6274e-05
sel_devs_fsh(35,3)    -0.476943 -4.69801e-05
sel_devs_fsh(35,4)     0.302867 -8.78749e-06
sel_devs_fsh(35,5)     0.364474  -2.7235e-05
sel_devs_fsh(35,6)    0.0238737 -7.06906e-05
sel_devs_fsh(35,7)   -0.0859954  3.32758e-05
sel_devs_fsh(35,8)      0.18513 -0.000203746
sel_devs_fsh(35,9)  0.000679734  0.000249073
sel_devs_fsh(35,10)   -0.0433727 -6.45388e-05
sel_devs_fsh(35,11)   -0.0195537  0.000119277
sel_devs_fsh(35,12)   -0.0465918  -8.6056e-05
sel_devs_fsh(36,1)    -0.054264 -6.21753e-06
sel_devs_fsh(36,2)    -0.183963  1.20855e-05
sel_devs_fsh(36,3)    -0.396388  -2.9207e-05
sel_devs_fsh(36,4)    -0.217143 -6.10717e-06
sel_devs_fsh(36,5)     0.263911  4.90165e-07
sel_devs_fsh(36,6)     0.561092  -6.7078e-05
sel_devs_fsh(36,7)     0.129984  3.40582e-05
sel_devs_fsh(36,8)    -0.118804 -0.000208148
sel_devs_fsh(36,9)   -0.0234378  0.000269064
sel_devs_fsh(36,10)    0.0277635  -6.4132e-05
sel_devs_fsh(36,11)    0.0415846  0.000137263
sel_devs_fsh(36,12)   -0.0303361 -7.95338e-05
sel_devs_fsh(37,1)   -0.0804687 -1.56314e-06
sel_devs_fsh(37,2)     0.199616  3.06712e-05
sel_devs_fsh(37,3)    0.0952355 -3.94331e-05
sel_devs_fsh(37,4)    0.0359822 -3.27791e-06
sel_devs_fsh(37,5)    -0.164662  1.84424e-06
sel_devs_fsh(37,6)    0.0294603 -6.12674e-05
sel_devs_fsh(37,7)  -0.00031405  3.67156e-05
sel_devs_fsh(37,8)    0.0256961 -0.000212592
sel_devs_fsh(37,9)    0.0179507  0.000284243
sel_devs_fsh(37,10)   -0.0153958 -6.61663e-05
sel_devs_fsh(37,11)   -0.0923858  0.000145636
sel_devs_fsh(37,12)   -0.0507128 -8.39652e-05
sel_devs_fsh(38,1)   -0.0870388  5.51711e-06
sel_devs_fsh(38,2)    -0.310672  2.25647e-05
sel_devs_fsh(38,3)      0.72549 -4.47206e-05
sel_devs_fsh(38,4)   -0.0404146 -3.10721e-06
sel_devs_fsh(38,5)     0.104986  -4.8483e-07
sel_devs_fsh(38,6)   -0.0838208 -7.92363e-05
sel_devs_fsh(38,7)    0.0511219  3.15302e-05
sel_devs_fsh(38,8)   -0.0317832 -0.000213963
sel_devs_fsh(38,9)    -0.047663  0.000291639
sel_devs_fsh(38,10)   -0.0712381 -7.58993e-05
sel_devs_fsh(38,11)     -0.14272  0.000139183
sel_devs_fsh(38,12)   -0.0662484 -9.44305e-05
sel_devs_fsh(39,1)   -0.0518338  1.57835e-06
sel_devs_fsh(39,2)    -0.136204  2.11192e-06
sel_devs_fsh(39,3)    -0.640582  -3.6145e-05
sel_devs_fsh(39,4)     0.779086 -6.57964e-06
sel_devs_fsh(39,5)    0.0538492  2.68987e-06
sel_devs_fsh(39,6)   -0.0412171 -8.39582e-05
sel_devs_fsh(39,7)    0.0920044  4.53231e-05
sel_devs_fsh(39,8)    0.0264801 -0.000220543
sel_devs_fsh(39,9)   0.00153988    0.0002981
sel_devs_fsh(39,10)   -0.0107458 -6.35668e-05
sel_devs_fsh(39,11)    0.0119519  0.000135375
sel_devs_fsh(39,12)   -0.0843309 -9.28195e-05
sel_devs_fsh(40,1)   -0.0707265  1.03472e-05
sel_devs_fsh(40,2)    0.0791852  1.52517e-05
sel_devs_fsh(40,3)    0.0228742 -3.07494e-05
sel_devs_fsh(40,4)    -0.320943 -1.23688e-05
sel_devs_fsh(40,5)     0.453347  1.28127e-05
sel_devs_fsh(40,6)     0.266356  -9.6173e-05
sel_devs_fsh(40,7)   -0.0663269  4.18162e-05
sel_devs_fsh(40,8)    -0.112513 -0.000219141
sel_devs_fsh(40,9)   -0.0649985  0.000313301
sel_devs_fsh(40,10)   -0.0338405 -6.71577e-05
sel_devs_fsh(40,11)   -0.0517697  0.000129402
sel_devs_fsh(40,12)    -0.100644 -7.97157e-05
sel_devs_fsh(41,1)   -0.0868551  1.60821e-05
sel_devs_fsh(41,2)     0.102304  4.22935e-05
sel_devs_fsh(41,3)     0.554292 -1.18072e-05
sel_devs_fsh(41,4)   -0.0507094 -1.58385e-06
sel_devs_fsh(41,5)    -0.305556  3.17623e-05
sel_devs_fsh(41,6)   -0.0692637 -7.11579e-05
sel_devs_fsh(41,7)   -0.0567869    4.729e-05
sel_devs_fsh(41,8)  -0.00962739 -0.000203226
sel_devs_fsh(41,9)   -0.0492248  0.000332325
sel_devs_fsh(41,10)   -0.0376582 -5.18029e-05
sel_devs_fsh(41,11)   -0.0052844  0.000134675
sel_devs_fsh(41,12)    0.0143826 -6.41261e-05
sel_devs_fsh(42,1)   -0.0415169 -7.72816e-06
sel_devs_fsh(42,2)    0.0446175    3.258e-05
sel_devs_fsh(42,3)    -0.074022 -2.67337e-05
sel_devs_fsh(42,4)    0.0012526 -1.23393e-05
sel_devs_fsh(42,5)  -0.00387977 -1.37336e-06
sel_devs_fsh(42,6)     0.017014 -9.43939e-05
sel_devs_fsh(42,7) -0.000247814  3.27927e-05
sel_devs_fsh(42,8)    -0.069058 -0.000224742
sel_devs_fsh(42,9)   -0.0315521  0.000311354
sel_devs_fsh(42,10)   0.00574243 -6.21111e-05
sel_devs_fsh(42,11)    0.0611972  0.000100098
sel_devs_fsh(42,12)    0.0904512  -7.4154e-05
sel_devs_fsh(43,1)    0.0169414 -2.30946e-05
sel_devs_fsh(43,2)   -0.0373607  9.81729e-07
sel_devs_fsh(43,3)    -0.559885 -2.39048e-05
sel_devs_fsh(43,4)    -0.179204 -1.32796e-05
sel_devs_fsh(43,5)    -0.115761 -1.67445e-05
sel_devs_fsh(43,6)    0.0773283  -0.00010125
sel_devs_fsh(43,7)    0.0763092  3.81978e-05
sel_devs_fsh(43,8)     0.103053 -0.000237377
sel_devs_fsh(43,9)     0.143448  0.000311763
sel_devs_fsh(43,10)    0.0593429 -7.70002e-05
sel_devs_fsh(43,11)     0.210459  8.11555e-05
sel_devs_fsh(43,12)     0.205322 -7.58395e-05
sel_devs_fsh(44,1)   -0.0148852  2.06561e-06
sel_devs_fsh(44,2)    -0.314012  1.98624e-05
sel_devs_fsh(44,3)     0.225665 -8.20086e-06
sel_devs_fsh(44,4)    0.0051616 -4.34943e-06
sel_devs_fsh(44,5)    -0.196326 -3.12677e-06
sel_devs_fsh(44,6)    -0.142566 -8.95866e-05
sel_devs_fsh(44,7)    -0.028998  6.07365e-05
sel_devs_fsh(44,8)  -0.00191517  -0.00023712
sel_devs_fsh(44,9)   -0.0203317   0.00032522
sel_devs_fsh(44,10)     0.187114 -6.88276e-05
sel_devs_fsh(44,11)     0.165868  9.22141e-05
sel_devs_fsh(44,12)     0.135227 -6.14527e-05
sel_devs_fsh(45,1)    0.0184775   2.9534e-05
sel_devs_fsh(45,2)    0.0835907  1.12178e-05
sel_devs_fsh(45,3)    -0.545988   2.0034e-06
sel_devs_fsh(45,4)     0.489761 -1.80449e-05
sel_devs_fsh(45,5)     0.143891  8.33797e-07
sel_devs_fsh(45,6)    -0.279139 -9.25179e-05
sel_devs_fsh(45,7)    -0.122453  5.46687e-05
sel_devs_fsh(45,8)     0.107167 -0.000218342
sel_devs_fsh(45,9)     0.104646  0.000303617
sel_devs_fsh(45,10)  -0.00664868 -6.08601e-05
sel_devs_fsh(45,11)   -0.0659742  8.89572e-05
sel_devs_fsh(45,12)    0.0726708 -7.34685e-05
sel_devs_fsh(46,1)    0.0086566 -6.91541e-06
sel_devs_fsh(46,2)   -0.0718235  1.25154e-05
sel_devs_fsh(46,3)    0.0342813   3.0464e-07
sel_devs_fsh(46,4)    -0.984153 -2.23543e-05
sel_devs_fsh(46,5)     0.467691  1.44372e-05
sel_devs_fsh(46,6)     0.343382 -8.63873e-05
sel_devs_fsh(46,7)     0.106741  5.10535e-05
sel_devs_fsh(46,8)   -0.0238966  -0.00019378
sel_devs_fsh(46,9)    0.0304108  0.000271139
sel_devs_fsh(46,10)     0.131954  -5.6902e-05
sel_devs_fsh(46,11)    0.0221748  0.000103264
sel_devs_fsh(46,12)   -0.0654189  -8.5602e-05
sel_devs_fsh(47,1)   -0.0148809 -1.51985e-06
sel_devs_fsh(47,2)      0.24119  4.02991e-06
sel_devs_fsh(47,3)     0.150352 -4.70602e-06
sel_devs_fsh(47,4)     0.614795 -2.91863e-05
sel_devs_fsh(47,5)    -0.945915  2.58638e-05
sel_devs_fsh(47,6)    0.0148967 -9.22278e-05
sel_devs_fsh(47,7)    0.0148728  5.60139e-05
sel_devs_fsh(47,8)    0.0337262 -0.000175717
sel_devs_fsh(47,9)   -0.0305751  0.000236379
sel_devs_fsh(47,10)    -0.109891 -5.60773e-05
sel_devs_fsh(47,11)   -0.0100427  0.000114412
sel_devs_fsh(47,12)    0.0414706 -0.000104362
sel_devs_fsh(48,1)    0.0107403 -1.29044e-05
sel_devs_fsh(48,2)    -0.150045  2.29208e-05
sel_devs_fsh(48,3)    0.0662825 -4.96677e-06
sel_devs_fsh(48,4)    -0.186256 -2.32273e-05
sel_devs_fsh(48,5)     0.491314  3.18024e-05
sel_devs_fsh(48,6)    -0.429189 -8.94214e-05
sel_devs_fsh(48,7)    -0.123102  4.96259e-05
sel_devs_fsh(48,8)    0.0227734 -0.000139553
sel_devs_fsh(48,9)    0.0908736  0.000170812
sel_devs_fsh(48,10)     0.103495 -2.79383e-05
sel_devs_fsh(48,11)    0.0731752  0.000104821
sel_devs_fsh(48,12)    0.0299369 -0.000117226
sel_devs_fsh(49,1)   -0.0188143   8.1182e-06
sel_devs_fsh(49,2)     0.190291  6.91351e-06
sel_devs_fsh(49,3)    0.0401364 -1.22536e-05
sel_devs_fsh(49,4)    -0.122197  -1.8909e-05
sel_devs_fsh(49,5)    -0.192616  9.04814e-06
sel_devs_fsh(49,6)     0.220246 -7.72098e-05
sel_devs_fsh(49,7)     0.290231   4.7479e-05
sel_devs_fsh(49,8)    -0.087363 -0.000109934
sel_devs_fsh(49,9)    -0.155805  0.000120023
sel_devs_fsh(49,10)   -0.0409219  1.13265e-05
sel_devs_fsh(49,11)   -0.0724611  0.000112128
sel_devs_fsh(49,12)   -0.0507265 -0.000118405
sel_devs_fsh(50,1)   -0.0168447 -1.45376e-05
sel_devs_fsh(50,2)    -0.484834   2.1458e-05
sel_devs_fsh(50,3)      1.10535 -1.30415e-05
sel_devs_fsh(50,4)     0.280873  -7.8331e-06
sel_devs_fsh(50,5)    -0.162419  1.76698e-05
sel_devs_fsh(50,6)    -0.200367 -5.45134e-05
sel_devs_fsh(50,7)    -0.216548   4.1852e-05
sel_devs_fsh(50,8)   -0.0265376 -7.70376e-05
sel_devs_fsh(50,9)   -0.0853879  8.73754e-05
sel_devs_fsh(50,10)   -0.0917505  5.54865e-06
sel_devs_fsh(50,11)   -0.0508008  0.000103824
sel_devs_fsh(50,12)   -0.0507377 -0.000111646
sel_devs_fsh(51,1)    0.0661508 -1.12113e-05
sel_devs_fsh(51,2)   -0.0944926  1.40304e-05
sel_devs_fsh(51,3)     -1.44548 -4.36255e-06
sel_devs_fsh(51,4)      1.05013  -1.6918e-05
sel_devs_fsh(51,5)     0.379896  1.64931e-05
sel_devs_fsh(51,6)    0.0426937 -5.53328e-05
sel_devs_fsh(51,7)    -0.185967  4.20176e-05
sel_devs_fsh(51,8)     0.169965 -6.87369e-05
sel_devs_fsh(51,9)      0.16429  5.98846e-05
sel_devs_fsh(51,10)   -0.0357559  3.21398e-05
sel_devs_fsh(51,11)   -0.0327055  7.08042e-05
sel_devs_fsh(51,12)   -0.0787198 -7.96932e-05
sel_devs_fsh(52,1)    0.0520473   8.0063e-06
sel_devs_fsh(52,2)      0.15478  5.62481e-06
sel_devs_fsh(52,3)    -0.252788  4.13068e-06
sel_devs_fsh(52,4)     -1.09024 -2.07436e-05
sel_devs_fsh(52,5)     0.595714  1.75937e-05
sel_devs_fsh(52,6)     0.417962 -6.05792e-05
sel_devs_fsh(52,7)     0.259435  3.77254e-05
sel_devs_fsh(52,8)    -0.171169 -5.52987e-05
sel_devs_fsh(52,9)    0.0629125  5.11765e-05
sel_devs_fsh(52,10)    0.0698405  2.98885e-05
sel_devs_fsh(52,11)   -0.0455478  2.91459e-05
sel_devs_fsh(52,12)   -0.0529461 -3.61722e-05
sel_devs_fsh(53,1)    0.0274579  2.61666e-05
sel_devs_fsh(53,2)     0.194865   2.0562e-05
sel_devs_fsh(53,3)      0.12542   1.5669e-05
sel_devs_fsh(53,4)    -0.514095  1.36545e-06
sel_devs_fsh(53,5)    0.0791872  3.89395e-06
sel_devs_fsh(53,6)     0.213783  -6.4572e-05
sel_devs_fsh(53,7)     0.154163  4.24469e-05
sel_devs_fsh(53,8)     0.129893 -3.38898e-05
sel_devs_fsh(53,9)    -0.106777  5.29637e-05
sel_devs_fsh(53,10)    -0.128174  2.53739e-05
sel_devs_fsh(53,11)   -0.0976629  4.72311e-06
sel_devs_fsh(53,12)   -0.0780548 -3.77339e-06
sel_devs_fsh(54,1)    0.0840072 -1.32135e-07
sel_devs_fsh(54,2)     0.739214  9.04695e-06
sel_devs_fsh(54,3)     0.202609  1.21641e-07
sel_devs_fsh(54,4)    -0.528926 -8.34945e-06
sel_devs_fsh(54,5)     -1.36053 -9.86979e-06
sel_devs_fsh(54,6)    0.0865352 -6.84421e-05
sel_devs_fsh(54,7)     0.486674  4.40738e-05
sel_devs_fsh(54,8)      0.30544 -4.57231e-05
sel_devs_fsh(54,9)     0.164816  4.50585e-05
sel_devs_fsh(54,10)    0.0993845  1.82379e-05
sel_devs_fsh(54,11)    -0.109892 -1.44768e-05
sel_devs_fsh(54,12)    -0.169328  1.62273e-05
sel_devs_fsh(55,1)     0.146427 -9.18002e-07
sel_devs_fsh(55,2)     0.767099   1.3078e-05
sel_devs_fsh(55,3)     0.524066  3.73271e-06
sel_devs_fsh(55,4)      0.76588 -2.85877e-06
sel_devs_fsh(55,5)     0.335588 -1.67834e-05
sel_devs_fsh(55,6)    -0.518165 -4.12632e-05
sel_devs_fsh(55,7)    -0.621964  5.33634e-05
sel_devs_fsh(55,8)    -0.551924 -4.64157e-05
sel_devs_fsh(55,9)    -0.297679  3.06191e-05
sel_devs_fsh(55,10)    -0.240401  1.66219e-05
sel_devs_fsh(55,11)    -0.123964 -2.06764e-05
sel_devs_fsh(55,12)    -0.184964  9.17695e-06
sel_devs_fsh(56,1)   -0.0105711   5.9005e-06
sel_devs_fsh(56,2)      0.49758 -2.62768e-06
sel_devs_fsh(56,3)     0.603796  1.42242e-05
sel_devs_fsh(56,4)    -0.362818 -1.58879e-05
sel_devs_fsh(56,5)   -0.0800761 -1.71107e-05
sel_devs_fsh(56,6)    -0.442692 -2.06041e-05
sel_devs_fsh(56,7)     -0.13016  4.48582e-05
sel_devs_fsh(56,8)      0.15125 -3.18055e-05
sel_devs_fsh(56,9)   -0.0421959   1.6172e-05
sel_devs_fsh(56,10)    -0.061024  2.75584e-05
sel_devs_fsh(56,11)   -0.0630788 -1.97288e-05
sel_devs_fsh(56,12)   -0.0600106  2.84978e-06
sel_devs_fsh(57,1)    0.0212539  4.39224e-06
sel_devs_fsh(57,2)     0.182316 -4.44573e-06
sel_devs_fsh(57,3)    -0.234724  8.84526e-06
sel_devs_fsh(57,4)     0.276663 -5.25403e-07
sel_devs_fsh(57,5)   -0.0925368 -7.23257e-06
sel_devs_fsh(57,6)   0.00521192 -1.28637e-05
sel_devs_fsh(57,7)   -0.0795497  3.53806e-05
sel_devs_fsh(57,8)  -0.00115242 -1.50168e-05
sel_devs_fsh(57,9)   -0.0206127  1.65697e-05
sel_devs_fsh(57,10)   -0.0800591   2.1768e-05
sel_devs_fsh(57,11)  -0.00575617 -4.35291e-06
sel_devs_fsh(57,12)    0.0289493 -6.38898e-07
sel_devs_fsh(58,1)    0.0345994  4.28487e-05
sel_devs_fsh(58,2)    -0.359812  3.80553e-05
sel_devs_fsh(58,3)   -0.0363611  2.30819e-05
sel_devs_fsh(58,4)     0.109121  3.27667e-05
sel_devs_fsh(58,5)     0.210348  2.44396e-05
sel_devs_fsh(58,6)     0.155861  9.05975e-06
sel_devs_fsh(58,7)    -0.326658   4.4603e-05
sel_devs_fsh(58,8)   -0.0885723  1.55508e-05
sel_devs_fsh(58,9)    0.0500378  4.30988e-05
sel_devs_fsh(58,10)     0.104378  4.48173e-05
sel_devs_fsh(58,11)    0.0688814  3.05573e-05
sel_devs_fsh(58,12)    0.0782009  1.51455e-05
sel_devs_fsh(59,1)  1.95241e-05  3.57732e-06
sel_devs_fsh(59,2)    0.0144998 -2.09874e-06
sel_devs_fsh(59,3)    0.0415357 -1.93567e-06
sel_devs_fsh(59,4)     0.172016  4.16347e-06
sel_devs_fsh(59,5)      0.12249 -2.56213e-05
sel_devs_fsh(59,6)   -0.0993622 -1.11703e-05
sel_devs_fsh(59,7)   -0.0553125  1.00681e-05
sel_devs_fsh(59,8)     -0.12995 -1.41892e-05
sel_devs_fsh(59,9)    -0.110982  3.83852e-06
sel_devs_fsh(59,10)    -0.040664  1.37379e-05
sel_devs_fsh(59,11)    0.0143011 -5.73393e-06
sel_devs_fsh(59,12)    0.0714059  1.62766e-06
sel_coffs_fsh(1)      -4.1822  5.33884e-07
sel_coffs_fsh(2)     -2.23459  3.16471e-06
sel_coffs_fsh(3)    -0.935783  1.01277e-05
sel_coffs_fsh(4)     0.348159  2.86376e-05
sel_coffs_fsh(5)     0.331402 -1.09811e-05
sel_coffs_fsh(6)      0.30573 -5.98587e-06
sel_coffs_fsh(7)     0.269352   2.2771e-05
sel_coffs_fsh(8)     0.233045 -8.12103e-06
sel_coffs_fsh(9)     0.201884 -8.18013e-06
sel_coffs_fsh(10)     0.177872  1.65045e-05
sel_coffs_fsh(11)     0.159244    4.515e-05
sel_coffs_fsh(12)     0.144852 -9.34698e-05
sel_coffs_ats(2)    -0.336506  3.49999e-06
sel_coffs_ats(3)    -0.221142  3.64091e-06
sel_coffs_ats(4)   -0.0375466 -7.92371e-06
sel_coffs_ats(5)    0.0556751  2.69661e-06
sel_coffs_ats(6)     0.154332 -2.59233e-06
sel_coffs_ats(7)      0.30476  4.95374e-07
sel_coffs_ats(8)     0.377943   7.6705e-07
sel_slp_bts     0.856723 -4.04178e-05
sel_a50_bts      6.82386 -9.64187e-06
sel_age_one_bts     -3.82608  1.68843e-07
sel_age_one_bts_dev(1982)    0.0300295  8.76708e-06
sel_age_one_bts_dev(1983)    0.0115037  1.00992e-05
sel_age_one_bts_dev(1984)     0.107076  9.76874e-06
sel_age_one_bts_dev(1985)    -0.267353  1.08999e-05
sel_age_one_bts_dev(1986)    -0.573786  1.10062e-05
sel_age_one_bts_dev(1987)      4.79962  3.97182e-06
sel_age_one_bts_dev(1988)    -0.523106  9.86536e-06
sel_age_one_bts_dev(1989)   -0.0641415  1.01734e-05
sel_age_one_bts_dev(1990)    0.0898987  1.02665e-05
sel_age_one_bts_dev(1991)    -0.392939  1.40038e-05
sel_age_one_bts_dev(1992)    -0.180433  5.31156e-06
sel_age_one_bts_dev(1993)   -0.0316939  8.65598e-06
sel_age_one_bts_dev(1994)    -0.195742  3.69287e-06
sel_age_one_bts_dev(1995)    -0.275314  5.34136e-05
sel_age_one_bts_dev(1996)    -0.302823  8.83904e-06
sel_age_one_bts_dev(1997)    -0.203425  9.97829e-06
sel_age_one_bts_dev(1998)    -0.103649  1.52746e-05
sel_age_one_bts_dev(1999)   -0.0828594   1.3233e-05
sel_age_one_bts_dev(2000)    0.0656042  9.94642e-06
sel_age_one_bts_dev(2001)   -0.0802151   1.0636e-05
sel_age_one_bts_dev(2002)   -0.0850134  1.28404e-05
sel_age_one_bts_dev(2003)     0.114491  1.50285e-05
sel_age_one_bts_dev(2004)    -0.129658   7.4513e-06
sel_age_one_bts_dev(2005)      -0.1499 -8.54854e-06
sel_age_one_bts_dev(2006)    -0.176559   1.3528e-05
sel_age_one_bts_dev(2007)    -0.135035  1.01617e-05
sel_age_one_bts_dev(2008)    0.0352811  6.60703e-06
sel_age_one_bts_dev(2009)     0.189788  1.53737e-05
sel_age_one_bts_dev(2010)     0.263706  8.83837e-06
sel_age_one_bts_dev(2011)    -0.273197  1.16448e-05
sel_age_one_bts_dev(2012)    -0.249772  9.24396e-06
sel_age_one_bts_dev(2013)     0.111461  1.24972e-05
sel_age_one_bts_dev(2014)    0.0270495  1.28569e-05
sel_age_one_bts_dev(2015)     -0.13135 -4.07712e-06
sel_age_one_bts_dev(2016)      -0.2949  1.13269e-05
sel_age_one_bts_dev(2017)    -0.336949  1.90442e-06
sel_age_one_bts_dev(2018)    -0.323757  1.12027e-05
sel_age_one_bts_dev(2019)     0.139797  6.44475e-06
sel_age_one_bts_dev(2020)     0.383204  1.03262e-05
sel_age_one_bts_dev(2021)    -0.256319   8.5064e-06
sel_age_one_bts_dev(2022)    -0.174711  7.08777e-06
sel_age_one_bts_dev(2023)    -0.269347  7.39453e-06
sel_age_one_bts_dev(2024)     -0.10456  6.62513e-06
L1      28.2771  8.12233e-05
L2      46.1029 -0.000171141
log_K    -0.127657  0.000188969
d_scale(1,3)       0.5236 -9.62773e-07
d_scale(1,4)     0.704441 -3.26459e-06
d_scale(1,5)     0.765531  4.77574e-06
d_scale(1,6)     0.829738  4.77703e-07
d_scale(1,7)     0.870009 -1.44058e-06
d_scale(1,8)      0.93339 -3.17859e-07
d_scale(1,9)     0.978959  -3.1425e-07
d_scale(1,10)     0.974786 -1.53755e-06
d_scale(1,11)     0.995057 -1.99744e-06
d_scale(1,12)     0.934379 -5.06982e-08
d_scale(1,13)     0.954279 -3.74648e-06
d_scale(1,14)     0.863685 -2.91186e-06
d_scale(1,15)      1.00357 -3.12826e-06
coh_eff(1955)            0            0
coh_eff(1956)            0            0
coh_eff(1957)            0            0
coh_eff(1958)            0            0
coh_eff(1959)            0            0
coh_eff(1960)            0            0
coh_eff(1961)            0            0
coh_eff(1962)            0            0
coh_eff(1963)            0            0
coh_eff(1964)            0            0
coh_eff(1965)            0            0
coh_eff(1966)            0            0
coh_eff(1967)            0            0
coh_eff(1968)            0            0
coh_eff(1969)            0            0
coh_eff(1970)            0            0
coh_eff(1971)    -0.174323  4.57115e-06
coh_eff(1972)      0.30642 -1.04591e-05
coh_eff(1973)    0.0390724  1.08858e-06
coh_eff(1974)     0.531743  9.72193e-06
coh_eff(1975)    -0.412214  7.50482e-06
coh_eff(1976)     0.532175 -8.61072e-06
coh_eff(1977)    -0.453932 -2.03441e-05
coh_eff(1978)     0.450571 -3.41793e-05
coh_eff(1979)    0.0472276 -2.90717e-05
coh_eff(1980)   -0.0884762 -1.10024e-05
coh_eff(1981)    -0.393547  2.08973e-05
coh_eff(1982)    -0.577961  7.83453e-07
coh_eff(1983)     0.581888  7.46677e-06
coh_eff(1984)     0.662105  4.81664e-06
coh_eff(1985)      1.15135 -1.30088e-07
coh_eff(1986)   -0.0378492 -6.12013e-06
coh_eff(1987)     0.619849  1.17835e-05
coh_eff(1988)   -0.0222035  1.15262e-06
coh_eff(1989)     -1.01852 -9.13655e-06
coh_eff(1990)    -0.872082 -5.73421e-06
coh_eff(1991)    -0.963217 -1.05786e-05
coh_eff(1992)     0.852762  1.67111e-06
coh_eff(1993)      1.78828 -2.37553e-05
coh_eff(1994)      0.50675 -1.29941e-05
coh_eff(1995)    -0.980142 -2.57431e-06
coh_eff(1996)   -0.0701878  2.84782e-06
coh_eff(1997)     0.969765   6.8392e-06
coh_eff(1998)     0.468247 -1.13756e-05
coh_eff(1999)     0.395471   -1.311e-05
coh_eff(2000)   -0.0684585 -4.18596e-06
coh_eff(2001)      0.38565   1.3473e-05
coh_eff(2002)     0.878651 -2.85243e-06
coh_eff(2003)      1.45759  6.49127e-06
coh_eff(2004)     0.414359 -4.02307e-06
coh_eff(2005)    -0.801252 -5.15121e-07
coh_eff(2006)     -1.12025  1.85677e-06
coh_eff(2007)    -0.451529  4.59214e-06
coh_eff(2008)     -1.66794  6.86201e-06
coh_eff(2009)    -0.772619  6.49324e-06
coh_eff(2010)     -1.53472 -8.29814e-06
coh_eff(2011)     -2.03099 -2.29588e-05
coh_eff(2012)     -1.88351  -1.9711e-05
coh_eff(2013)     -1.15567 -8.33436e-06
coh_eff(2014)     0.725716 -6.20526e-06
coh_eff(2015)     0.775548  3.83893e-05
coh_eff(2016)    0.0220587 -4.62199e-06
coh_eff(2017)     0.326546  1.14888e-06
coh_eff(2018)     0.567605 -1.46665e-05
coh_eff(2019)      1.41456  8.56437e-06
coh_eff(2020)     0.374874 -6.46963e-06
coh_eff(2021)     0.189904  7.86565e-05
coh_eff(2022)      1.11949 -4.85703e-06
coh_eff(2023)      1.66812   -2.477e-06
coh_eff(2024)     0.354273  4.65384e-06
coh_eff(2025)            0            0
coh_eff(2026)            0            0
yr_eff(1970)            0            0
yr_eff(1971)     0.173548 -7.00541e-05
yr_eff(1972)  -0.00300685  4.50942e-06
yr_eff(1973)      0.30849 -9.41025e-06
yr_eff(1974)     0.365072  2.81425e-05
yr_eff(1975)       1.5963     3.32e-06
yr_eff(1976)     0.449982 -1.97534e-05
yr_eff(1977)      2.08953 -1.56875e-05
yr_eff(1978)     0.408934 -1.75406e-05
yr_eff(1979)      1.21191 -4.09904e-06
yr_eff(1980)      1.29396  2.46858e-06
yr_eff(1981)     0.913716  1.23723e-05
yr_eff(1982)     0.186394 -2.92007e-05
yr_eff(1983)     0.946769 -7.42465e-06
yr_eff(1984)    -0.522567   3.6277e-06
yr_eff(1985)      0.19448   8.3885e-06
yr_eff(1986)     -1.38398  5.09268e-07
yr_eff(1987)    -0.523554 -1.38645e-06
yr_eff(1988)    -0.965512  5.74402e-06
yr_eff(1989)    -0.691759  7.17761e-06
yr_eff(1990)     0.532205 -4.08762e-06
yr_eff(1991)     0.254749 -1.04186e-05
yr_eff(1992)     0.266519 -1.55861e-06
yr_eff(1993)      1.04645 -3.57416e-05
yr_eff(1994)     0.161365 -8.88918e-06
yr_eff(1995)    -0.266973  2.42607e-06
yr_eff(1996)    -0.495524 -1.48877e-05
yr_eff(1997)    -0.103362 -1.95166e-05
yr_eff(1998)    -0.399312 -7.95583e-06
yr_eff(1999)    -0.222823 -9.33327e-06
yr_eff(2000)    -0.121403 -2.08523e-05
yr_eff(2001)     0.660468 -1.52483e-05
yr_eff(2002)     0.129535 -1.67711e-05
yr_eff(2003)    0.0186953  -7.3809e-06
yr_eff(2004)    -0.211623 -6.79708e-06
yr_eff(2005)    -0.655893  1.53344e-05
yr_eff(2006)   -0.0297589 -4.99366e-06
yr_eff(2007)      1.07527 -3.14464e-05
yr_eff(2008)     0.487862  -1.6549e-05
yr_eff(2009)      1.55114  -1.6064e-05
yr_eff(2010)     0.723351 -3.54846e-05
yr_eff(2011)     0.870444 -3.02065e-05
yr_eff(2012)     0.236104 -6.16397e-05
yr_eff(2013)     0.655274 -6.43877e-05
yr_eff(2014)     0.787419 -5.88776e-05
yr_eff(2015)     -2.04374  2.79891e-06
yr_eff(2016)    -0.258236  3.21876e-06
yr_eff(2017)    0.0174494  1.02027e-05
yr_eff(2018)    -0.798285  8.17347e-06
yr_eff(2019)     0.881217  5.70995e-07
yr_eff(2020)     -1.54825 -1.59355e-05
yr_eff(2021)     -1.33076 -2.07689e-05
yr_eff(2022)   -0.0141347  4.33411e-05
yr_eff(2023)     -3.22027  3.22271e-07
yr_eff(2024)     0.945711  6.94935e-07
yr_eff(2025)            0            0
yr_eff(2026)            0            0
yr_eff(2027)            0            0
yr_eff(2028)            0            0
yr_eff(2029)            0            0
