ParName   Value   Gradient
log_avgrec      10.0295 -0.000120036
log_avginit      6.58917  8.75019e-06
log_avg_F     -1.68477 -8.38057e-05
log_q_cpue    -0.539776 -7.16212e-06
log_q_avo     -8.37269  7.30366e-06
log_F_devs(1964)     -2.28497  4.92119e-05
log_F_devs(1965)     -1.78499   7.9995e-05
log_F_devs(1966)     -1.44985  0.000119276
log_F_devs(1967)    -0.582177  0.000174259
log_F_devs(1968)    -0.338575  0.000149653
log_F_devs(1969)    -0.207639  0.000116325
log_F_devs(1970)     0.128963  9.20081e-05
log_F_devs(1971)     0.522196  7.11008e-05
log_F_devs(1972)     0.739631   3.3909e-05
log_F_devs(1973)     0.831883  1.82778e-06
log_F_devs(1974)     0.846258 -1.95918e-05
log_F_devs(1975)     0.731187  5.16808e-06
log_F_devs(1976)     0.561879 -2.34938e-05
log_F_devs(1977)     0.286534 -4.22084e-06
log_F_devs(1978)     0.181011 -1.02779e-05
log_F_devs(1979)     0.035428  -3.7375e-05
log_F_devs(1980)   -0.0271167 -4.93131e-05
log_F_devs(1981)    -0.086768 -5.66866e-05
log_F_devs(1982)    -0.175058 -6.51962e-05
log_F_devs(1983)    -0.208781 -8.70692e-05
log_F_devs(1984)    -0.141657 -7.73597e-05
log_F_devs(1985)    -0.116395 -9.02021e-05
log_F_devs(1986)    -0.124558 -9.73432e-05
log_F_devs(1987)    -0.420397  -9.3343e-05
log_F_devs(1988)    -0.101169 -7.34159e-05
log_F_devs(1989)   -0.0661809 -6.42329e-05
log_F_devs(1990)     0.190754 -5.65836e-05
log_F_devs(1991)     0.122492 -6.74779e-05
log_F_devs(1992)     0.317366 -6.78494e-05
log_F_devs(1993)    0.0646491 -5.05775e-05
log_F_devs(1994)    -0.020937  -3.4901e-05
log_F_devs(1995)    -0.116613 -1.25603e-05
log_F_devs(1996)    -0.178992 -3.70248e-05
log_F_devs(1997)    -0.215184 -2.67202e-05
log_F_devs(1998)    -0.231401 -3.99993e-06
log_F_devs(1999)    -0.305997 -2.07856e-05
log_F_devs(2000)    -0.167813 -1.71065e-05
log_F_devs(2001)   -0.0246076 -2.15762e-05
log_F_devs(2002)     0.102566 -1.27497e-05
log_F_devs(2003)      0.14607  3.56912e-06
log_F_devs(2004)      0.11821 -8.78266e-07
log_F_devs(2005)     0.122997  6.98127e-06
log_F_devs(2006)     0.223926   1.0038e-05
log_F_devs(2007)     0.235466  1.07782e-05
log_F_devs(2008)     0.120657 -1.73375e-06
log_F_devs(2009)    -0.203067  5.44997e-05
log_F_devs(2010)    -0.345729  3.28286e-06
log_F_devs(2011)     0.142217  6.90694e-05
log_F_devs(2012)    0.0630776  2.48831e-05
log_F_devs(2013)  -0.00662698  5.30949e-05
log_F_devs(2014)     0.115005  9.73555e-05
log_F_devs(2015)      0.28472  8.77254e-05
log_F_devs(2016)     0.244974  2.32037e-05
log_F_devs(2017)     0.101479  2.69473e-05
log_F_devs(2018)     0.092627  4.51281e-05
log_F_devs(2019)     0.172963  4.33639e-05
log_F_devs(2020)     0.501077  2.47557e-05
log_F_devs(2021)     0.703054 -5.92565e-05
log_F_devs(2022)     0.244567 -4.65814e-05
log_F_devs(2023)     0.391237 -5.77486e-05
log_F_devs(2024)     0.246132 -6.02068e-05
sel_coffs_fsh(1)     -8.01248   1.9811e-06
sel_coffs_fsh(2)     -3.72439  1.61017e-05
sel_coffs_fsh(3)     -1.66069    5.354e-06
sel_coffs_fsh(4)    -0.588449 -1.14378e-06
sel_coffs_fsh(5)    0.0177176 -9.50245e-06
sel_coffs_fsh(6)     0.348975 -6.47374e-06
sel_coffs_fsh(7)     0.485516 -2.60815e-05
sel_coffs_fsh(8)     0.461048 -1.01669e-06
sel_coffs_fsh(9)      0.41383  1.23833e-05
sel_coffs_fsh(10)     0.352224  -1.8052e-06
sel_coffs_fsh(11)     0.303627    2.443e-07
sel_coffs_fsh(12)     0.258136  9.97737e-06
sel_slp_bts      1.08046  1.04278e-06
sel_a50_bts      5.82039 -6.37506e-06
sel_age_one_bts     -3.13943 -1.75082e-06
L1      28.2408 -0.000621529
L2      45.9082 -0.000510945
log_K    -0.132219  0.000491082
coh_eff(1955)            0            0
coh_eff(1956)            0            0
coh_eff(1957)            0            0
coh_eff(1958)            0            0
coh_eff(1959)            0            0
coh_eff(1960)            0            0
coh_eff(1961)            0            0
coh_eff(1962)            0            0
coh_eff(1963)            0            0
coh_eff(1964)            0            0
coh_eff(1965)            0            0
coh_eff(1966)            0            0
coh_eff(1967)            0            0
coh_eff(1968)            0            0
coh_eff(1969)            0            0
coh_eff(1970)            0            0
coh_eff(1971)    -0.136682  4.61956e-06
coh_eff(1972)     0.251618  4.25981e-06
coh_eff(1973)   -0.0146725   1.9515e-06
coh_eff(1974)      0.54091 -2.21632e-06
coh_eff(1975)    -0.321142 -7.64465e-06
coh_eff(1976)     0.443177 -5.12189e-06
coh_eff(1977)    -0.333339 -4.25343e-06
coh_eff(1978)     0.454321  1.10303e-05
coh_eff(1979)   -0.0256513   1.8395e-05
coh_eff(1980)    -0.151353  2.50497e-05
coh_eff(1981)     -1.26723  1.52137e-06
coh_eff(1982)     -3.02812  6.72169e-06
coh_eff(1983)     -1.80147 -9.49821e-06
coh_eff(1984)     -1.42604  1.92799e-06
coh_eff(1985)      -1.0677  3.54729e-06
coh_eff(1986)      -2.5482  4.01215e-06
coh_eff(1987)     -1.02619  5.25231e-05
coh_eff(1988)     -1.39051  4.22111e-06
coh_eff(1989)      -2.9571 -1.92025e-08
coh_eff(1990)     -2.84878  5.90419e-06
coh_eff(1991)     -2.15592  3.06635e-05
coh_eff(1992)     0.268605  0.000125259
coh_eff(1993)      1.55679 -2.85251e-05
coh_eff(1994)    -0.402465 -4.53333e-06
coh_eff(1995)     -2.41666  7.96184e-06
coh_eff(1996)     -1.78378 -6.68631e-05
coh_eff(1997)     0.154004  2.52219e-05
coh_eff(1998)   -0.0975217 -7.95089e-05
coh_eff(1999)     0.362675  -0.00014107
coh_eff(2000)    -0.111801 -3.35559e-05
coh_eff(2001)     0.348961 -7.12996e-05
coh_eff(2002)     0.852421 -0.000112398
coh_eff(2003)      1.46168 -0.000288071
coh_eff(2004)     0.403633 -5.64266e-06
coh_eff(2005)    -0.817848  4.09409e-05
coh_eff(2006)     -1.19537  3.86469e-05
coh_eff(2007)    -0.476865  -1.2982e-05
coh_eff(2008)     -1.76547   3.0178e-05
coh_eff(2009)    -0.796819  3.26238e-05
coh_eff(2010)     -1.61694 -1.02701e-05
coh_eff(2011)     -2.07374 -4.32547e-06
coh_eff(2012)     -1.90423 -0.000113345
coh_eff(2013)     -1.17951  6.11248e-05
coh_eff(2014)     0.700034 -5.05398e-05
coh_eff(2015)     0.770687 -0.000148551
coh_eff(2016)   0.00224855 -0.000151323
coh_eff(2017)     0.302487  3.49261e-05
coh_eff(2018)     0.528299 -4.64132e-05
coh_eff(2019)      1.36141  -5.7079e-06
coh_eff(2020)     0.367022  1.83948e-05
coh_eff(2021)     0.214404 -0.000152265
coh_eff(2022)      1.13818  1.14052e-05
coh_eff(2023)      1.63417   3.8539e-06
coh_eff(2024)    0.0235122  -1.5231e-06
coh_eff(2025)            0            0
coh_eff(2026)            0            0
yr_eff(1970)            0            0
yr_eff(1971)     0.182915 -3.46126e-06
yr_eff(1972)    0.0405245   2.0768e-06
yr_eff(1973)     0.307456  2.12543e-05
yr_eff(1974)      0.29173 -2.34972e-06
yr_eff(1975)      1.34183  3.05018e-05
yr_eff(1976)     0.520877  -6.9544e-05
yr_eff(1977)      2.75972 -6.39104e-05
yr_eff(1978)      0.56453 -7.21332e-05
yr_eff(1979)      2.37455 -7.35098e-05
yr_eff(1980)      1.48042 -6.40767e-05
yr_eff(1981)     0.831383  0.000113649
yr_eff(1982)    -0.679945   3.0095e-05
yr_eff(1983)      1.26484  1.76434e-05
yr_eff(1984)    -0.164268  4.66682e-05
yr_eff(1985)     0.621481   3.1985e-06
yr_eff(1986)    -0.900113 -1.65094e-05
yr_eff(1987)     0.289827 -1.49144e-05
yr_eff(1988)    -0.417319 -1.62191e-05
yr_eff(1989)    -0.781226  7.22169e-05
yr_eff(1990)     0.707355  7.97851e-05
yr_eff(1991)      1.00249  0.000114127
yr_eff(1992)     0.509242  7.40759e-05
yr_eff(1993)      1.39328  0.000228831
yr_eff(1994)     0.148703  3.15658e-05
yr_eff(1995)    -0.227327  4.40225e-05
yr_eff(1996)    -0.580553  4.36592e-05
yr_eff(1997)     0.584294 -0.000126103
yr_eff(1998)    -0.229468   3.0381e-05
yr_eff(1999)     0.252571  -0.00010617
yr_eff(2000)   -0.0733662 -0.000156758
yr_eff(2001)     0.655567 -0.000264835
yr_eff(2002)     0.149084 -0.000206451
yr_eff(2003)    0.0431174 -0.000179229
yr_eff(2004)    -0.205259 -0.000117614
yr_eff(2005)     -0.65678   -0.0001308
yr_eff(2006)   -0.0221323  7.66275e-06
yr_eff(2007)      1.07992  0.000339107
yr_eff(2008)     0.507283  3.23371e-05
yr_eff(2009)      1.58646  0.000181789
yr_eff(2010)     0.727085  0.000332931
yr_eff(2011)     0.903628  4.77811e-05
yr_eff(2012)      0.25672 -8.99036e-06
yr_eff(2013)      0.65594 -0.000498443
yr_eff(2014)     0.777283  0.000100639
yr_eff(2015)     -1.97699 -9.74367e-06
yr_eff(2016)    -0.241048 -0.000163625
yr_eff(2017)    0.0313605 -0.000775017
yr_eff(2018)    -0.800642  1.25454e-05
yr_eff(2019)     0.872677 -0.000120697
yr_eff(2020)     -1.49639 -0.000121686
yr_eff(2021)     -1.27546  4.98993e-05
yr_eff(2022)   -0.0323187  8.07308e-05
yr_eff(2023)     -3.23123  1.33988e-05
yr_eff(2024)     0.829161 -3.50485e-06
yr_eff(2025)            0            0
yr_eff(2026)            0            0
yr_eff(2027)            0            0
yr_eff(2028)            0            0
yr_eff(2029)            0            0
