ParName   Value   Gradient
log_avgrec      9.80048     0.101364
log_avginit      4.70215     0.019593
log_avg_F     -1.26511     0.384055
log_q_ats    -0.524516   -0.0142769
log_Rzero      10.1317 -0.000401492
steepness     0.577979    -0.011277
log_q_cpue     0.228468   0.00695289
log_q_avo     -8.07252   -0.0142545
log_initdevs(2)      3.37797  0.000501092
log_initdevs(3)      2.87575    0.0952832
log_initdevs(4)      1.31644     0.101408
log_initdevs(5)     0.481149    0.0270454
log_initdevs(6)      1.15029     0.100249
log_initdevs(7)     0.347604    0.0378866
log_initdevs(8)    -0.795011   0.00696654
log_initdevs(9)     -1.24976    0.0564563
log_initdevs(10)     -1.25355   -0.0175423
log_initdevs(11)     -1.24831    0.0167546
log_initdevs(12)     -1.24613    0.0291039
log_initdevs(13)     -1.25295   -0.0223833
log_initdevs(14)     -1.25298  -0.00353744
log_initdevs(15)     -1.25273    0.0202288
log_rec_devs(1964)     -1.06797    0.0277087
log_rec_devs(1965)     0.140992   -0.0577685
log_rec_devs(1966)    -0.173726    0.0515134
log_rec_devs(1967)     0.370462    0.0662302
log_rec_devs(1968)     0.236081     0.106776
log_rec_devs(1969)     0.407907     0.114463
log_rec_devs(1970)     0.303152    0.0332464
log_rec_devs(1971)    -0.181908   -0.0180933
log_rec_devs(1972)    -0.375321 -0.000259039
log_rec_devs(1973)     0.480312   -0.0251315
log_rec_devs(1974)     0.243894    0.0658087
log_rec_devs(1975)     0.197273    0.0829874
log_rec_devs(1976)  -0.00199582   -0.0514086
log_rec_devs(1977)     0.152523     0.056075
log_rec_devs(1978)     0.611102     0.331681
log_rec_devs(1979)       1.4008     0.433839
log_rec_devs(1980)       0.2938     0.101079
log_rec_devs(1981)     0.530063    0.0128823
log_rec_devs(1982)    -0.167543    0.0425559
log_rec_devs(1983)     0.868429    -0.382076
log_rec_devs(1984)    -0.394133     -0.11839
log_rec_devs(1985)     0.460808   -0.0148783
log_rec_devs(1986)    -0.509083      0.15292
log_rec_devs(1987)    -0.991213   -0.0122823
log_rec_devs(1988)     -1.20691   -0.0251906
log_rec_devs(1989)    -0.439045     0.171014
log_rec_devs(1990)      1.00121    -0.325495
log_rec_devs(1991)     0.324909     0.238698
log_rec_devs(1992)     0.102717        0.117
log_rec_devs(1993)     0.855426   -0.0984976
log_rec_devs(1994)    -0.189592   -0.0317402
log_rec_devs(1995)    -0.589257    -0.560984
log_rec_devs(1996)     0.231352    0.0824265
log_rec_devs(1997)     0.556206     0.220449
log_rec_devs(1998)    -0.198937   -0.0221545
log_rec_devs(1999)    -0.140447    -0.166829
log_rec_devs(2000)     0.314412     0.607458
log_rec_devs(2001)     0.644814     0.149159
log_rec_devs(2002)     0.249297   -0.0751401
log_rec_devs(2003)    -0.262271   -0.0435375
log_rec_devs(2004)     -1.06233   -0.0674408
log_rec_devs(2005)     -1.39674     0.395853
log_rec_devs(2006)    -0.460567    -0.309077
log_rec_devs(2007)     0.237811    0.0509748
log_rec_devs(2008)    -0.526991    -0.305997
log_rec_devs(2009)     0.829582  -0.00555978
log_rec_devs(2010)     0.130138    -0.372718
log_rec_devs(2011)    -0.345032   -0.0734779
log_rec_devs(2012)    -0.526917    0.0794862
log_rec_devs(2013)     0.796281    -0.337779
log_rec_devs(2014)     0.922369     0.774256
log_rec_devs(2015)    0.0567527   -0.0369684
log_rec_devs(2016)      -1.0652    0.0730806
log_rec_devs(2017)     -1.13001    -0.132192
log_rec_devs(2018)    -0.296919     0.124223
log_rec_devs(2019)      1.56673     0.447909
log_rec_devs(2020)    0.0102428     0.287051
log_rec_devs(2021)    -0.661812   0.00351229
log_rec_devs(2022)    -0.766376    -0.147007
log_rec_devs(2023)    -0.347058    -0.052569
log_rec_devs(2024)   -0.0522896   -0.0438403
log_F_devs(1964)    -0.667618      0.21837
log_F_devs(1965)     -0.64892    -0.131285
log_F_devs(1966)    -0.728855    -0.244258
log_F_devs(1967)    -0.184101    -0.123166
log_F_devs(1968)    -0.207752    -0.557404
log_F_devs(1969)    -0.164751   -0.0707751
log_F_devs(1970)     0.204358    -0.236236
log_F_devs(1971)     0.553313    0.0474628
log_F_devs(1972)     0.661592   -0.0942429
log_F_devs(1973)      0.78594     -0.26012
log_F_devs(1974)      0.83727    0.0105172
log_F_devs(1975)     0.627562  -0.00352129
log_F_devs(1976)     0.469147     -0.38047
log_F_devs(1977)     0.262012   -0.0787043
log_F_devs(1978)     0.240259    -0.357957
log_F_devs(1979)     0.156638    -0.335533
log_F_devs(1980)   -0.0193342    -0.311589
log_F_devs(1981)     -0.34129     0.150553
log_F_devs(1982)    -0.656148    0.0830134
log_F_devs(1983)    -0.716474     0.668966
log_F_devs(1984)    -0.667033     0.337284
log_F_devs(1985)    -0.625905     0.446559
log_F_devs(1986)    -0.658227   -0.0290251
log_F_devs(1987)     -0.94155    -0.467719
log_F_devs(1988)       -0.567    -0.586138
log_F_devs(1989)    -0.515321    -0.230284
log_F_devs(1990)   -0.0679782    -0.833453
log_F_devs(1991)     0.114683    -0.406152
log_F_devs(1992)     0.520742    -0.202752
log_F_devs(1993)     0.126192    -0.318802
log_F_devs(1994)    -0.142539   -0.0594504
log_F_devs(1995)    -0.191525    -0.237765
log_F_devs(1996)    -0.042272   0.00918123
log_F_devs(1997)    0.0035364   -0.0574509
log_F_devs(1998)    -0.181019    0.0552387
log_F_devs(1999)    -0.390339      0.59513
log_F_devs(2000)     -0.31179     0.126937
log_F_devs(2001)    -0.213067   -0.0747518
log_F_devs(2002)   -0.0694436   -0.0290579
log_F_devs(2003)   -0.0395161    0.0938951
log_F_devs(2004)    -0.190922    0.0665336
log_F_devs(2005)     -0.27383  -0.00421382
log_F_devs(2006)   -0.0560711     0.251789
log_F_devs(2007)    0.0366901     0.391608
log_F_devs(2008)     0.145955   -0.0817127
log_F_devs(2009)     0.148044    0.0346619
log_F_devs(2010)   0.00517843   -0.0785574
log_F_devs(2011)     0.341181     0.236585
log_F_devs(2012)     0.405708     0.159256
log_F_devs(2013)     0.432039     0.346291
log_F_devs(2014)     0.478342    0.0873727
log_F_devs(2015)     0.629434     0.165852
log_F_devs(2016)     0.323527     0.074756
log_F_devs(2017)     0.302876   -0.0920461
log_F_devs(2018)    0.0651711     -0.29138
log_F_devs(2019)     0.181345      1.27369
log_F_devs(2020)     0.478321  -0.00168862
log_F_devs(2021)      0.50381     0.628864
log_F_devs(2022)     0.218703    -0.270124
log_F_devs(2023)     0.192725    -0.652472
log_F_devs(2024)    0.0282978     0.416593
sel_devs_fsh(1,1)     0.053654   0.00445732
sel_devs_fsh(1,2)    0.0895529    0.0651586
sel_devs_fsh(1,3)     0.135382     0.134855
sel_devs_fsh(1,4)   -0.0487302     0.884754
sel_devs_fsh(1,5)   -0.0478498    -0.489192
sel_devs_fsh(1,6)   -0.0614242      1.06189
sel_devs_fsh(1,7)   -0.0528182     0.361584
sel_devs_fsh(1,8)   -0.0422493     0.910358
sel_devs_fsh(1,9)    -0.028331     -2.86935
sel_devs_fsh(1,10)   -0.0111228      1.75344
sel_devs_fsh(1,11)   0.00134548    -0.993765
sel_devs_fsh(1,12)    0.0108924     -0.85105
sel_devs_fsh(2,1)    0.0631066    -0.032473
sel_devs_fsh(2,2)    0.0983331     0.041888
sel_devs_fsh(2,3)     0.236691     0.145604
sel_devs_fsh(2,4)    -0.146595     0.787399
sel_devs_fsh(2,5)    -0.100857    -0.483174
sel_devs_fsh(2,6)    -0.081996      1.19624
sel_devs_fsh(2,7)   -0.0630764     0.354776
sel_devs_fsh(2,8)   -0.0463608     0.883148
sel_devs_fsh(2,9)   -0.0381007     -2.80388
sel_devs_fsh(2,10)    0.0117921      1.67942
sel_devs_fsh(2,11)    0.0243958    -0.921765
sel_devs_fsh(2,12)    0.0416125    -0.864274
sel_devs_fsh(3,1)     0.131387    0.0209646
sel_devs_fsh(3,2)     0.100135    0.0234933
sel_devs_fsh(3,3)   0.00416751     0.134147
sel_devs_fsh(3,4)   -0.0138723     0.606436
sel_devs_fsh(3,5)   -0.0632698    -0.338243
sel_devs_fsh(3,6)   -0.0665772      1.25372
sel_devs_fsh(3,7)   -0.0639988     0.361206
sel_devs_fsh(3,8)   -0.0542214     0.811575
sel_devs_fsh(3,9)   -0.0372277     -2.31686
sel_devs_fsh(3,10)   0.00305604      1.12907
sel_devs_fsh(3,11)    0.0232411    -0.788042
sel_devs_fsh(3,12)    0.0369741    -0.900781
sel_devs_fsh(4,1)     0.140208   0.00890168
sel_devs_fsh(4,2)    0.0688754     0.020439
sel_devs_fsh(4,3)     0.157151     0.149925
sel_devs_fsh(4,4)    -0.114532     0.566745
sel_devs_fsh(4,5)    -0.114431    -0.337676
sel_devs_fsh(4,6)    -0.108391      1.39162
sel_devs_fsh(4,7)    -0.079126     0.509089
sel_devs_fsh(4,8)   -0.0480106      0.49662
sel_devs_fsh(4,9)   -0.0110245     -1.78253
sel_devs_fsh(4,10)    0.0119503     0.581135
sel_devs_fsh(4,11)    0.0381741    -0.865864
sel_devs_fsh(4,12)    0.0597294     -0.72987
sel_devs_fsh(5,1)     0.200699  -0.00273351
sel_devs_fsh(5,2)     0.142718    0.0630544
sel_devs_fsh(5,3)   -0.0291382     0.119013
sel_devs_fsh(5,4)    -0.265282     0.452835
sel_devs_fsh(5,5)    -0.132056    -0.329258
sel_devs_fsh(5,6)    -0.117336      1.63135
sel_devs_fsh(5,7)   -0.0665068    -0.172566
sel_devs_fsh(5,8)  -0.00829818      1.02767
sel_devs_fsh(5,9)    0.0271904     -1.73007
sel_devs_fsh(5,10)    0.0537864     0.604178
sel_devs_fsh(5,11)    0.0786144    -0.884288
sel_devs_fsh(5,12)      0.11707    -0.756891
sel_devs_fsh(6,1)    0.0223676    0.0011526
sel_devs_fsh(6,2)     0.030623    0.0653916
sel_devs_fsh(6,3)   -0.0778636     0.142625
sel_devs_fsh(6,4)   -0.0554995     0.464776
sel_devs_fsh(6,5)   -0.0111404    -0.336151
sel_devs_fsh(6,6)   -0.0247527      1.62633
sel_devs_fsh(6,7)   -0.0642809    -0.193019
sel_devs_fsh(6,8)  -0.00798595      1.18974
sel_devs_fsh(6,9)     0.018078     -1.73934
sel_devs_fsh(6,10)    0.0320097     0.449722
sel_devs_fsh(6,11)    0.0556641    -0.845001
sel_devs_fsh(6,12)    0.0827823    -0.826091
sel_devs_fsh(7,1)    -0.223264   -0.0100453
sel_devs_fsh(7,2)     0.192687     0.057797
sel_devs_fsh(7,3)     0.109651     0.101515
sel_devs_fsh(7,4)    0.0742939     0.458677
sel_devs_fsh(7,5)   -0.0315346    -0.257562
sel_devs_fsh(7,6)   -0.0181913      1.58785
sel_devs_fsh(7,7)   -0.0325333    -0.232398
sel_devs_fsh(7,8)   -0.0396837      1.18028
sel_devs_fsh(7,9)   -0.0181439     -1.74512
sel_devs_fsh(7,10)   -0.0116059     0.470781
sel_devs_fsh(7,11) -0.000624429    -0.766128
sel_devs_fsh(7,12) -0.000201291    -0.832439
sel_devs_fsh(8,1)    -0.242564   -0.0150898
sel_devs_fsh(8,2)     0.101439    0.0250282
sel_devs_fsh(8,3)    0.0540915     0.121593
sel_devs_fsh(8,4)    0.0348457     0.293177
sel_devs_fsh(8,5)    0.0277402   -0.0806961
sel_devs_fsh(8,6)    0.0358978      1.63391
sel_devs_fsh(8,7)     0.012081    -0.329449
sel_devs_fsh(8,8)  -0.00793316      1.19929
sel_devs_fsh(8,9)   -0.0108925     -1.74157
sel_devs_fsh(8,10)  -0.00802841     0.479365
sel_devs_fsh(8,11)   0.00253483     -0.63895
sel_devs_fsh(8,12) -0.000927598    -0.973598
sel_devs_fsh(9,1)    -0.194524    -0.029475
sel_devs_fsh(9,2)     0.139244     0.075866
sel_devs_fsh(9,3)     0.165225     0.129685
sel_devs_fsh(9,4)    0.0133425     0.213188
sel_devs_fsh(9,5)   -0.0126506   -0.0884675
sel_devs_fsh(9,6)   -0.0212519      1.63352
sel_devs_fsh(9,7)   -0.0210043    -0.263161
sel_devs_fsh(9,8)   -0.0370247      1.17953
sel_devs_fsh(9,9)   -0.0186961     -1.73513
sel_devs_fsh(9,10)   -0.0103642     0.448709
sel_devs_fsh(9,11)   0.00230388    -0.554801
sel_devs_fsh(9,12)  -0.00498496     -1.01563
sel_devs_fsh(10,1)    -0.164985   0.00283204
sel_devs_fsh(10,2)    -0.183764    0.0735069
sel_devs_fsh(10,3)     0.117929     0.177246
sel_devs_fsh(10,4)    0.0583477     0.145831
sel_devs_fsh(10,5)    0.0177897     0.107212
sel_devs_fsh(10,6)    0.0116254      1.38835
sel_devs_fsh(10,7)    0.0111406    -0.149868
sel_devs_fsh(10,8)   -0.0174862      1.19107
sel_devs_fsh(10,9)   0.00557378     -1.71762
sel_devs_fsh(10,10)    0.0261921     0.420438
sel_devs_fsh(10,11)    0.0511383    -0.545058
sel_devs_fsh(10,12)    0.0664553     -1.09461
sel_devs_fsh(11,1)    -0.155366   -0.0230299
sel_devs_fsh(11,2)   -0.0693659    0.0612364
sel_devs_fsh(11,3)   -0.0946455     0.138198
sel_devs_fsh(11,4)    0.0608648    0.0516495
sel_devs_fsh(11,5)    0.0471446        0.187
sel_devs_fsh(11,6)    0.0357009      1.26118
sel_devs_fsh(11,7)    0.0299166    -0.178609
sel_devs_fsh(11,8)  -0.00103065      1.30501
sel_devs_fsh(11,9)   0.00978545     -1.71986
sel_devs_fsh(11,10)    0.0236083     0.424632
sel_devs_fsh(11,11)    0.0497726    -0.561014
sel_devs_fsh(11,12)    0.0637779     -0.94379
sel_devs_fsh(12,1)    -0.141472     -0.02032
sel_devs_fsh(12,2)    0.0509606    0.0466152
sel_devs_fsh(12,3)    -0.113316     0.159873
sel_devs_fsh(12,4)   -0.0323618  -0.00511969
sel_devs_fsh(12,5)    0.0228262     0.282652
sel_devs_fsh(12,6)    0.0280346       1.2505
sel_devs_fsh(12,7)     0.026668    -0.230454
sel_devs_fsh(12,8)   0.00358894      1.39589
sel_devs_fsh(12,9)   0.00911278     -1.71432
sel_devs_fsh(12,10)    0.0234381     0.429985
sel_devs_fsh(12,11)    0.0514727    -0.598616
sel_devs_fsh(12,12)    0.0700046       -1.013
sel_devs_fsh(13,1)     -0.17938   -0.0378732
sel_devs_fsh(13,2)   -0.0860005    0.0762486
sel_devs_fsh(13,3)   -0.0140074     0.185137
sel_devs_fsh(13,4)   -0.0198917   -0.0268672
sel_devs_fsh(13,5)    0.0303065     0.330564
sel_devs_fsh(13,6)    0.0223232      1.13049
sel_devs_fsh(13,7)    0.0282253    -0.187966
sel_devs_fsh(13,8)    0.0255778      1.35977
sel_devs_fsh(13,9)    0.0261988     -1.73522
sel_devs_fsh(13,10)    0.0321911     0.409867
sel_devs_fsh(13,11)    0.0554984    -0.611072
sel_devs_fsh(13,12)    0.0787031    -0.896952
sel_devs_fsh(14,1)      -0.1327   -0.0187447
sel_devs_fsh(14,2)    -0.224173    0.0505729
sel_devs_fsh(14,3)    -0.117628     0.173189
sel_devs_fsh(14,4)   -0.0403927    0.0388061
sel_devs_fsh(14,5)    0.0563219     0.402038
sel_devs_fsh(14,6)    0.0777517      1.00114
sel_devs_fsh(14,7)    0.0628806     0.161016
sel_devs_fsh(14,8)    0.0611223      1.10662
sel_devs_fsh(14,9)    0.0598829     -1.72238
sel_devs_fsh(14,10)    0.0496828     0.405304
sel_devs_fsh(14,11)    0.0598122     -0.66204
sel_devs_fsh(14,12)    0.0869936    -0.942558
sel_devs_fsh(15,1)    -0.169601  -0.00994959
sel_devs_fsh(15,2)    -0.358558    0.0569149
sel_devs_fsh(15,3)   -0.0877983     0.209018
sel_devs_fsh(15,4)    0.0877315    0.0368044
sel_devs_fsh(15,5)    0.0626365     0.436557
sel_devs_fsh(15,6)    0.0834544     0.894235
sel_devs_fsh(15,7)    0.0873113     0.424617
sel_devs_fsh(15,8)    0.0630715     0.932362
sel_devs_fsh(15,9)    0.0405169     -1.71566
sel_devs_fsh(15,10)    0.0434188     0.378414
sel_devs_fsh(15,11)     0.057641    -0.677467
sel_devs_fsh(15,12)    0.0898631    -0.970993
sel_devs_fsh(16,1)    -0.160327   -0.0216238
sel_devs_fsh(16,2)     -0.18424     0.069432
sel_devs_fsh(16,3)    -0.174611     0.172878
sel_devs_fsh(16,4)     0.136553    0.0595744
sel_devs_fsh(16,5)    0.0709578     0.508627
sel_devs_fsh(16,6)    0.0454803     0.762476
sel_devs_fsh(16,7)     0.049729     0.574477
sel_devs_fsh(16,8)    0.0534249     0.857399
sel_devs_fsh(16,9)     0.025268     -1.73067
sel_devs_fsh(16,10)    0.0195508     0.393895
sel_devs_fsh(16,11)    0.0305585    -0.660573
sel_devs_fsh(16,12)    0.0878156    -0.983524
sel_devs_fsh(17,1)    -0.140083   -0.0206869
sel_devs_fsh(17,2)    -0.109608     0.102823
sel_devs_fsh(17,3)    -0.235694       0.1554
sel_devs_fsh(17,4)    0.0275707 -0.000614751
sel_devs_fsh(17,5)     0.114437     0.548399
sel_devs_fsh(17,6)    0.0805136     0.709578
sel_devs_fsh(17,7)    0.0691973      0.13214
sel_devs_fsh(17,8)    0.0674385       1.2865
sel_devs_fsh(17,9)    0.0330891     -1.72113
sel_devs_fsh(17,10)   0.00682521     0.402005
sel_devs_fsh(17,11)     0.017093    -0.555252
sel_devs_fsh(17,12)    0.0703913     -1.02119
sel_devs_fsh(18,1)    -0.160906    -0.016239
sel_devs_fsh(18,2)    0.0710834    0.0825521
sel_devs_fsh(18,3)    -0.125848     0.153312
sel_devs_fsh(18,4)   -0.0909889   0.00245978
sel_devs_fsh(18,5)    0.0469286     0.454144
sel_devs_fsh(18,6)      0.07308     0.725347
sel_devs_fsh(18,7)     0.062501     0.210876
sel_devs_fsh(18,8)    0.0600809      1.23094
sel_devs_fsh(18,9)     0.018513     -1.70436
sel_devs_fsh(18,10)   0.00216932     0.311257
sel_devs_fsh(18,11) -0.000314605    -0.407117
sel_devs_fsh(18,12)    0.0444301     -1.03192
sel_devs_fsh(19,1)    -0.165501   -0.0243975
sel_devs_fsh(19,2)    -0.201819    0.0432581
sel_devs_fsh(19,3)    0.0241683     0.153668
sel_devs_fsh(19,4)   -0.0854283   -0.0408278
sel_devs_fsh(19,5)     0.130729     0.379273
sel_devs_fsh(19,6)     0.103959     0.695202
sel_devs_fsh(19,7)    0.0961549     0.216173
sel_devs_fsh(19,8)    0.0803083      1.22514
sel_devs_fsh(19,9)    0.0377687     -1.66793
sel_devs_fsh(19,10)   -0.0039037     0.280812
sel_devs_fsh(19,11)   -0.0133747    -0.244654
sel_devs_fsh(19,12)  -0.00179733    -0.996326
sel_devs_fsh(20,1)    -0.182005    0.0192406
sel_devs_fsh(20,2)   -0.0184481    0.0312326
sel_devs_fsh(20,3)    0.0842022     0.130658
sel_devs_fsh(20,4)   -0.0915206    -0.111912
sel_devs_fsh(20,5)    -0.178209     0.409578
sel_devs_fsh(20,6)     0.115805     0.691894
sel_devs_fsh(20,7)     0.104285     0.213624
sel_devs_fsh(20,8)    0.0981672     0.780041
sel_devs_fsh(20,9)    0.0696679     -1.22545
sel_devs_fsh(20,10)    0.0230046      0.26328
sel_devs_fsh(20,11)  -0.00834087    -0.246904
sel_devs_fsh(20,12)   -0.0198958     -1.00746
sel_devs_fsh(21,1)    -0.190387    -0.011258
sel_devs_fsh(21,2)   -0.0929662    0.0748185
sel_devs_fsh(21,3)   0.00978587     0.122077
sel_devs_fsh(21,4)     0.129132    -0.128794
sel_devs_fsh(21,5)    0.0100166     0.412175
sel_devs_fsh(21,6)  -0.00608831     0.638561
sel_devs_fsh(21,7)    0.0578702    0.0511086
sel_devs_fsh(21,8)    0.0321311     0.891558
sel_devs_fsh(21,9)    0.0907902     -1.23266
sel_devs_fsh(21,10)    0.0253355     0.294068
sel_devs_fsh(21,11)   -0.0169084     -0.19282
sel_devs_fsh(21,12)   -0.0492811    -0.927524
sel_devs_fsh(22,1)    -0.189291   0.00707647
sel_devs_fsh(22,2)    -0.135345    0.0572834
sel_devs_fsh(22,3)    0.0531064      0.13835
sel_devs_fsh(22,4)    -0.143594    -0.130007
sel_devs_fsh(22,5)  5.33402e-05     0.354504
sel_devs_fsh(22,6)  -0.00553658     0.618782
sel_devs_fsh(22,7)   -0.0280256    0.0934177
sel_devs_fsh(22,8)     0.149928     0.889631
sel_devs_fsh(22,9)     0.167479    -0.905612
sel_devs_fsh(22,10)     0.128714   -0.0715318
sel_devs_fsh(22,11)    0.0443943    -0.203429
sel_devs_fsh(22,12)   -0.0455501    -0.905876
sel_devs_fsh(23,1)     -0.22172  -0.00895191
sel_devs_fsh(23,2)    -0.168765    0.0586841
sel_devs_fsh(23,3)      0.39247     0.173845
sel_devs_fsh(23,4)   -0.0108278   -0.0835725
sel_devs_fsh(23,5)    0.0821271     0.395666
sel_devs_fsh(23,6)   -0.0487184     0.638567
sel_devs_fsh(23,7)     0.163014    0.0780213
sel_devs_fsh(23,8)   -0.0181713     0.858938
sel_devs_fsh(23,9)   -0.0298778    -0.853486
sel_devs_fsh(23,10)   -0.0334208   -0.0722731
sel_devs_fsh(23,11) -0.000325907    -0.194308
sel_devs_fsh(23,12)    -0.102522    -0.940363
sel_devs_fsh(24,1)    -0.186327   -0.0219902
sel_devs_fsh(24,2)    -0.120913    0.0647703
sel_devs_fsh(24,3)    -0.430751     0.180489
sel_devs_fsh(24,4)    0.0957667     -0.11257
sel_devs_fsh(24,5)  -0.00540689     0.410232
sel_devs_fsh(24,6)     0.101678     0.661544
sel_devs_fsh(24,7)     0.164987    0.0836776
sel_devs_fsh(24,8)     0.163344     0.839849
sel_devs_fsh(24,9)    0.0567892    -0.879699
sel_devs_fsh(24,10)     0.121656   -0.0724845
sel_devs_fsh(24,11)    0.0909641    -0.211267
sel_devs_fsh(24,12)   -0.0518083    -0.944012
sel_devs_fsh(25,1)    -0.166667   -0.0199782
sel_devs_fsh(25,2)   -0.0749071    0.0629908
sel_devs_fsh(25,3)    -0.386523      0.19448
sel_devs_fsh(25,4)    0.0213267    -0.117727
sel_devs_fsh(25,5)    0.0798964     0.424997
sel_devs_fsh(25,6)    0.0368721     0.665326
sel_devs_fsh(25,7)    0.0394303      0.11212
sel_devs_fsh(25,8)    0.0887368     0.812064
sel_devs_fsh(25,9)     0.119879    -0.754551
sel_devs_fsh(25,10)    0.0289415    -0.184962
sel_devs_fsh(25,11)     0.150283    -0.179224
sel_devs_fsh(25,12)    0.0653935    -0.974116
sel_devs_fsh(26,1)    -0.104393  -0.00411392
sel_devs_fsh(26,2)   -0.0348293    0.0478926
sel_devs_fsh(26,3)    -0.403688     0.175714
sel_devs_fsh(26,4)    -0.356189      -0.1291
sel_devs_fsh(26,5)    -0.143661      0.45303
sel_devs_fsh(26,6)  -0.00276766     0.748183
sel_devs_fsh(26,7)     0.138656    0.0585264
sel_devs_fsh(26,8)     0.013624     0.817947
sel_devs_fsh(26,9)     0.222147    -0.728397
sel_devs_fsh(26,10)     0.144717    -0.148375
sel_devs_fsh(26,11)     0.280546    -0.183784
sel_devs_fsh(26,12)     0.249747     -1.04423
sel_devs_fsh(27,1)     -0.15177   0.00925771
sel_devs_fsh(27,2)   -0.0611274    0.0870768
sel_devs_fsh(27,3)     0.487003     0.174243
sel_devs_fsh(27,4)    -0.299747    -0.117676
sel_devs_fsh(27,5)    -0.392922     0.421031
sel_devs_fsh(27,6)   -0.0903416     0.720187
sel_devs_fsh(27,7)   -0.0677006    0.0431174
sel_devs_fsh(27,8)     0.192521     0.717244
sel_devs_fsh(27,9)     0.150309    -0.648271
sel_devs_fsh(27,10)     0.262682    -0.170385
sel_devs_fsh(27,11)   -0.0515345    -0.183233
sel_devs_fsh(27,12)    0.0164462     -1.15177
sel_devs_fsh(28,1)     -0.15581    0.0128771
sel_devs_fsh(28,2)    -0.481055    0.0624888
sel_devs_fsh(28,3)   0.00617251     0.232199
sel_devs_fsh(28,4)     0.788671     -0.12202
sel_devs_fsh(28,5)   -0.0325536      0.46828
sel_devs_fsh(28,6)   -0.0405285      0.70117
sel_devs_fsh(28,7)    0.0399092    0.0580585
sel_devs_fsh(28,8)    0.0494121     0.727276
sel_devs_fsh(28,9)   -0.0223723    -0.596202
sel_devs_fsh(28,10)   -0.0271995    -0.159597
sel_devs_fsh(28,11)    -0.096131    -0.098485
sel_devs_fsh(28,12)   -0.0243501     -1.21941
sel_devs_fsh(29,1)   -0.0683024   -0.0141906
sel_devs_fsh(29,2)   -0.0138435    0.0779923
sel_devs_fsh(29,3)    -0.732184     0.197227
sel_devs_fsh(29,4)    -0.225249     0.093692
sel_devs_fsh(29,5)     0.916087     0.429522
sel_devs_fsh(29,6)      0.25635     0.667262
sel_devs_fsh(29,7)     0.014514    0.0232925
sel_devs_fsh(29,8)   -0.0485905     0.696446
sel_devs_fsh(29,9)   -0.0701505    -0.616942
sel_devs_fsh(29,10)   -0.0519427    -0.191918
sel_devs_fsh(29,11)    0.0382895    -0.116429
sel_devs_fsh(29,12)   -0.0125033     -1.21756
sel_devs_fsh(30,1)   -0.0348176    0.0246176
sel_devs_fsh(30,2)     0.170962    0.0866535
sel_devs_fsh(30,3)    -0.306315     0.200934
sel_devs_fsh(30,4)    -0.623218    0.0746495
sel_devs_fsh(30,5)    -0.269999     0.427147
sel_devs_fsh(30,6)     0.470711      0.61044
sel_devs_fsh(30,7)     0.122466    0.0330604
sel_devs_fsh(30,8)     0.171938     0.704632
sel_devs_fsh(30,9)      0.10735    -0.573659
sel_devs_fsh(30,10)      0.10324    -0.177568
sel_devs_fsh(30,11)    0.0530944   -0.0633814
sel_devs_fsh(30,12)    0.0389587     -1.28346
sel_devs_fsh(31,1)   -0.0436924    0.0152899
sel_devs_fsh(31,2)     0.507224    0.0746165
sel_devs_fsh(31,3)     0.268809     0.209054
sel_devs_fsh(31,4)    -0.813698    0.0551296
sel_devs_fsh(31,5)    -0.682686     0.418013
sel_devs_fsh(31,6)    -0.266112     0.592841
sel_devs_fsh(31,7)     0.270778   0.00326278
sel_devs_fsh(31,8)     0.287896     0.624064
sel_devs_fsh(31,9)     0.210689    -0.533084
sel_devs_fsh(31,10)     0.146331     -0.17492
sel_devs_fsh(31,11)    0.0661086   -0.0586334
sel_devs_fsh(31,12)    0.0483232     -1.23276
sel_devs_fsh(32,1)    -0.127827    0.0231259
sel_devs_fsh(32,2)     0.334073    0.0882196
sel_devs_fsh(32,3)     0.157693     0.203456
sel_devs_fsh(32,4)     0.630607    0.0982528
sel_devs_fsh(32,5)   -0.0458171     0.426338
sel_devs_fsh(32,6)    -0.347652     0.556083
sel_devs_fsh(32,7)    -0.343418    0.0372744
sel_devs_fsh(32,8)     -0.38204     0.579099
sel_devs_fsh(32,9)    0.0043204    -0.522449
sel_devs_fsh(32,10)    0.0319451    -0.141761
sel_devs_fsh(32,11)    0.0382671   -0.0345384
sel_devs_fsh(32,12)    0.0521191     -1.28163
sel_devs_fsh(33,1)    -0.104345    0.0148987
sel_devs_fsh(33,2)    -0.387392    0.0400317
sel_devs_fsh(33,3)     0.241504     0.203375
sel_devs_fsh(33,4)      0.24095     0.118168
sel_devs_fsh(33,5)     0.163842     0.422159
sel_devs_fsh(33,6)     0.243367     0.574884
sel_devs_fsh(33,7)     -0.15995     0.019006
sel_devs_fsh(33,8)   0.00569539     0.574194
sel_devs_fsh(33,9)    -0.110221    -0.521071
sel_devs_fsh(33,10)   -0.0636816     -0.18806
sel_devs_fsh(33,11)   -0.0500401   0.00318141
sel_devs_fsh(33,12)   -0.0221798     -1.30052
sel_devs_fsh(34,1)    -0.139411  -0.00738704
sel_devs_fsh(34,2)    -0.351433    0.0202319
sel_devs_fsh(34,3)     0.801367     0.252711
sel_devs_fsh(34,4)     0.404317     0.190218
sel_devs_fsh(34,5)     0.153273     0.358513
sel_devs_fsh(34,6)    -0.291625     0.628652
sel_devs_fsh(34,7)     0.204167   -0.0618901
sel_devs_fsh(34,8)    -0.048739     0.600043
sel_devs_fsh(34,9)    -0.241865    -0.511031
sel_devs_fsh(34,10)     -0.26668    -0.237275
sel_devs_fsh(34,11)    -0.185559    -0.134528
sel_devs_fsh(34,12)    -0.036378     -1.07989
sel_devs_fsh(35,1)   -0.0849289    0.0143096
sel_devs_fsh(35,2)    -0.136974    0.0285601
sel_devs_fsh(35,3)    -0.512525     0.181689
sel_devs_fsh(35,4)     0.281132    0.0635886
sel_devs_fsh(35,5)     0.354828      0.32852
sel_devs_fsh(35,6)    0.0190381     0.661605
sel_devs_fsh(35,7)   -0.0827406   -0.0285822
sel_devs_fsh(35,8)     0.213317     0.498852
sel_devs_fsh(35,9)    0.0720541    -0.449822
sel_devs_fsh(35,10)   0.00558672    -0.193894
sel_devs_fsh(35,11)   -0.0571274     -0.10258
sel_devs_fsh(35,12)   -0.0734498     -1.03255
sel_devs_fsh(36,1)   -0.0499149    0.0195782
sel_devs_fsh(36,2)    -0.202481    0.0166515
sel_devs_fsh(36,3)    -0.428417     0.128528
sel_devs_fsh(36,4)    -0.255826   -0.0261409
sel_devs_fsh(36,5)     0.234213      0.36132
sel_devs_fsh(36,6)     0.543733     0.716064
sel_devs_fsh(36,7)     0.123792   -0.0530312
sel_devs_fsh(36,8)     -0.10807     0.432531
sel_devs_fsh(36,9)    0.0178619    -0.461427
sel_devs_fsh(36,10)    0.0873607    -0.213097
sel_devs_fsh(36,11)    0.0948254   -0.0193025
sel_devs_fsh(36,12)   -0.0597227    -0.948331
sel_devs_fsh(37,1)   -0.0815895    0.0111578
sel_devs_fsh(37,2)     0.188254  -0.00192571
sel_devs_fsh(37,3)    0.0819022     0.141271
sel_devs_fsh(37,4)    0.0252325   -0.0336039
sel_devs_fsh(37,5)    -0.170283     0.361712
sel_devs_fsh(37,6)    0.0347891     0.711931
sel_devs_fsh(37,7)   0.00726084   0.00699559
sel_devs_fsh(37,8)    0.0317775       0.4317
sel_devs_fsh(37,9)    0.0249803    -0.481913
sel_devs_fsh(37,10)   -0.0250469    -0.124063
sel_devs_fsh(37,11)   -0.0553946     -0.05874
sel_devs_fsh(37,12)    -0.061743    -0.962501
sel_devs_fsh(38,1)   -0.0870389  -0.00511986
sel_devs_fsh(38,2)    -0.314581   0.00203073
sel_devs_fsh(38,3)     0.722717     0.135979
sel_devs_fsh(38,4)   -0.0495126     0.023312
sel_devs_fsh(38,5)    0.0897373     0.316317
sel_devs_fsh(38,6)    -0.103147     0.640609
sel_devs_fsh(38,7)    0.0347533  -0.00369119
sel_devs_fsh(38,8)   -0.0339954     0.418923
sel_devs_fsh(38,9)   -0.0461301    -0.520839
sel_devs_fsh(38,10)   -0.0543558   -0.0424544
sel_devs_fsh(38,11)    -0.104241   -0.0916775
sel_devs_fsh(38,12)   -0.0563385    -0.908434
sel_devs_fsh(39,1)   -0.0461611       0.0118
sel_devs_fsh(39,2)    -0.126844    0.0221809
sel_devs_fsh(39,3)     -0.64522     0.102001
sel_devs_fsh(39,4)     0.777718    0.0676986
sel_devs_fsh(39,5)    0.0445398      0.33158
sel_devs_fsh(39,6)   -0.0579985     0.649774
sel_devs_fsh(39,7)    0.0648868    0.0277832
sel_devs_fsh(39,8)    0.0168356     0.319931
sel_devs_fsh(39,9)  -0.00350906    -0.464972
sel_devs_fsh(39,10)   -0.0084792    0.0456101
sel_devs_fsh(39,11)    0.0193072    -0.119186
sel_devs_fsh(39,12)   -0.0314838    -0.939521
sel_devs_fsh(40,1)   -0.0731396   0.00834828
sel_devs_fsh(40,2)    0.0870705    0.0044807
sel_devs_fsh(40,3)    0.0253238    0.0911824
sel_devs_fsh(40,4)    -0.324478    0.0595816
sel_devs_fsh(40,5)      0.45423     0.304365
sel_devs_fsh(40,6)     0.255102     0.656482
sel_devs_fsh(40,7)   -0.0686125    0.0757198
sel_devs_fsh(40,8)    -0.112184      0.23515
sel_devs_fsh(40,9)   -0.0687702    -0.447132
sel_devs_fsh(40,10)   -0.0366201    0.0281429
sel_devs_fsh(40,11)   -0.0493799    -0.111164
sel_devs_fsh(40,12)   -0.0887907    -0.911192
sel_devs_fsh(41,1)   -0.0960514   -0.0142859
sel_devs_fsh(41,2)     0.107965    0.0255567
sel_devs_fsh(41,3)     0.560177    0.0917316
sel_devs_fsh(41,4)   -0.0553741     0.106866
sel_devs_fsh(41,5)    -0.312623     0.211925
sel_devs_fsh(41,6)   -0.0684742     0.595421
sel_devs_fsh(41,7)   -0.0573781     0.106923
sel_devs_fsh(41,8)   -0.0127858     0.248612
sel_devs_fsh(41,9)   -0.0466642    -0.526795
sel_devs_fsh(41,10)   -0.0369977    0.0895896
sel_devs_fsh(41,11)  -0.00550694    -0.134161
sel_devs_fsh(41,12)    0.0198588    -0.862973
sel_devs_fsh(42,1)   -0.0541442  -0.00223099
sel_devs_fsh(42,2)    0.0507625    0.0274104
sel_devs_fsh(42,3)   -0.0673568    0.0778091
sel_devs_fsh(42,4)   0.00400866     0.189127
sel_devs_fsh(42,5)   -0.0150164     0.220451
sel_devs_fsh(42,6)   0.00979579     0.534859
sel_devs_fsh(42,7)  0.000494094   0.00493957
sel_devs_fsh(42,8)   -0.0608616      0.30245
sel_devs_fsh(42,9)   -0.0197816    -0.558567
sel_devs_fsh(42,10)    0.0184671    0.0622133
sel_devs_fsh(42,11)      0.05052   -0.0425436
sel_devs_fsh(42,12)     0.081916    -0.834623
sel_devs_fsh(43,1)  -0.00393841   -0.0159711
sel_devs_fsh(43,2)    -0.031029    0.0369867
sel_devs_fsh(43,3)    -0.543502    0.0728085
sel_devs_fsh(43,4)    -0.157517     0.150312
sel_devs_fsh(43,5)   -0.0877822     0.191948
sel_devs_fsh(43,6)    0.0873756     0.534444
sel_devs_fsh(43,7)    0.0802082   -0.0862176
sel_devs_fsh(43,8)      0.10727     0.386605
sel_devs_fsh(43,9)     0.123234    -0.565944
sel_devs_fsh(43,10)    0.0489698    0.0349501
sel_devs_fsh(43,11)     0.189129   -0.0263029
sel_devs_fsh(43,12)     0.186279    -0.734069
sel_devs_fsh(44,1)   -0.0380213   0.00685156
sel_devs_fsh(44,2)    -0.317238    0.0103975
sel_devs_fsh(44,3)     0.237073    0.0518001
sel_devs_fsh(44,4)     0.014582     0.115122
sel_devs_fsh(44,5)    -0.184646     0.186977
sel_devs_fsh(44,6)    -0.116824     0.618491
sel_devs_fsh(44,7)   -0.0281124    -0.120887
sel_devs_fsh(44,8)  -0.00185692     0.421062
sel_devs_fsh(44,9)   -0.0108936    -0.626035
sel_devs_fsh(44,10)     0.164133    0.0552948
sel_devs_fsh(44,11)     0.155267   0.00797252
sel_devs_fsh(44,12)      0.12338    -0.776795
sel_devs_fsh(45,1)   -0.0093787   -0.0122727
sel_devs_fsh(45,2)    0.0651805    0.0311067
sel_devs_fsh(45,3)    -0.545845   0.00362807
sel_devs_fsh(45,4)     0.481251     0.103307
sel_devs_fsh(45,5)     0.132858      0.12764
sel_devs_fsh(45,6)    -0.284441     0.666758
sel_devs_fsh(45,7)   -0.0986341    -0.067095
sel_devs_fsh(45,8)     0.111149     0.447637
sel_devs_fsh(45,9)     0.114165    -0.613649
sel_devs_fsh(45,10)    0.0113936     0.028787
sel_devs_fsh(45,11)   -0.0552081   -0.0196771
sel_devs_fsh(45,12)    0.0748995    -0.738668
sel_devs_fsh(46,1)   -0.0115707  -0.00179718
sel_devs_fsh(46,2)    -0.129495    0.0173869
sel_devs_fsh(46,3) -0.000701857    0.0122185
sel_devs_fsh(46,4)    -0.984537     0.123356
sel_devs_fsh(46,5)      0.47907     0.202373
sel_devs_fsh(46,6)     0.343598     0.689503
sel_devs_fsh(46,7)     0.114025    -0.065963
sel_devs_fsh(46,8)   0.00346193     0.430504
sel_devs_fsh(46,9)    0.0505946    -0.706515
sel_devs_fsh(46,10)      0.13174    0.0161286
sel_devs_fsh(46,11)     0.052623  -0.00750173
sel_devs_fsh(46,12)   -0.0454481    -0.661883
sel_devs_fsh(47,1)     -0.03069   -0.0405543
sel_devs_fsh(47,2)     0.143569  -0.00035777
sel_devs_fsh(47,3)    0.0829171  -0.00372275
sel_devs_fsh(47,4)      0.55321     0.115495
sel_devs_fsh(47,5)    -0.992175      0.22826
sel_devs_fsh(47,6)    0.0482408      0.57991
sel_devs_fsh(47,7)    0.0377759    -0.103135
sel_devs_fsh(47,8)    0.0556438      0.43461
sel_devs_fsh(47,9)    0.0234439    -0.768789
sel_devs_fsh(47,10)   -0.0447812     0.142502
sel_devs_fsh(47,11)    0.0351467     0.020068
sel_devs_fsh(47,12)    0.0862148    -0.632893
sel_devs_fsh(48,1)   0.00849334    0.0030161
sel_devs_fsh(48,2)    -0.249011  -0.00280676
sel_devs_fsh(48,3)   -0.0462232  -0.00989581
sel_devs_fsh(48,4)    -0.254644    0.0765924
sel_devs_fsh(48,5)     0.441935     0.226111
sel_devs_fsh(48,6)    -0.518963     0.542505
sel_devs_fsh(48,7)   -0.0577624   -0.0654843
sel_devs_fsh(48,8)    0.0734678     0.289284
sel_devs_fsh(48,9)     0.157069    -0.790273
sel_devs_fsh(48,10)     0.197083     0.368345
sel_devs_fsh(48,11)     0.148257  -0.00197361
sel_devs_fsh(48,12)     0.102149    -0.610074
sel_devs_fsh(49,1)   -0.0130743    0.0112779
sel_devs_fsh(49,2)     0.101721  -0.00473821
sel_devs_fsh(49,3)   -0.0788954   -0.0140493
sel_devs_fsh(49,4)     -0.22528    0.0183401
sel_devs_fsh(49,5)    -0.252305     0.196476
sel_devs_fsh(49,6)      0.20831     0.497274
sel_devs_fsh(49,7)     0.219913    -0.141615
sel_devs_fsh(49,8)   -0.0198291      0.33387
sel_devs_fsh(49,9)   -0.0638416    -0.811627
sel_devs_fsh(49,10)    0.0572231     0.446348
sel_devs_fsh(49,11)    0.0342771     0.016563
sel_devs_fsh(49,12)    0.0334315    -0.522727
sel_devs_fsh(50,1)  -0.00620819   -0.0103194
sel_devs_fsh(50,2)      -0.5359    0.0159603
sel_devs_fsh(50,3)      1.01955    0.0249988
sel_devs_fsh(50,4)     0.177744  -0.00165298
sel_devs_fsh(50,5)    -0.249203     0.238415
sel_devs_fsh(50,6)    -0.252495     0.445365
sel_devs_fsh(50,7)     -0.23257   -0.0993959
sel_devs_fsh(50,8)  -0.00930621     0.324419
sel_devs_fsh(50,9)    0.0228173    -0.844668
sel_devs_fsh(50,10)    0.0181298     0.425121
sel_devs_fsh(50,11)     0.025416    0.0557415
sel_devs_fsh(50,12)     0.026728    -0.501483
sel_devs_fsh(51,1)    0.0651102 -0.000484511
sel_devs_fsh(51,2)    -0.097792  -0.00653751
sel_devs_fsh(51,3)     -1.44399   -0.0376553
sel_devs_fsh(51,4)      1.04499   -0.0140848
sel_devs_fsh(51,5)     0.323018     0.202071
sel_devs_fsh(51,6)  -0.00656187     0.412866
sel_devs_fsh(51,7)    -0.239724     -0.16405
sel_devs_fsh(51,8)     0.185334     0.372263
sel_devs_fsh(51,9)     0.115318    -0.784798
sel_devs_fsh(51,10)    0.0241159     0.516143
sel_devs_fsh(51,11)    0.0222612    -0.042774
sel_devs_fsh(51,12)    0.0114689    -0.395378
sel_devs_fsh(52,1)    0.0517308   -0.0136788
sel_devs_fsh(52,2)     0.163707   -0.0112313
sel_devs_fsh(52,3)    -0.246959   -0.0352421
sel_devs_fsh(52,4)     -1.09391   0.00737515
sel_devs_fsh(52,5)     0.602056     0.202143
sel_devs_fsh(52,6)     0.379866     0.400268
sel_devs_fsh(52,7)     0.176575    -0.139063
sel_devs_fsh(52,8)    -0.307927     0.188152
sel_devs_fsh(52,9)     0.139793    -0.689135
sel_devs_fsh(52,10)    0.0714136     0.481254
sel_devs_fsh(52,11)    0.0400419   0.00761966
sel_devs_fsh(52,12)    0.0246094    -0.385584
sel_devs_fsh(53,1)    0.0184918    0.0194226
sel_devs_fsh(53,2)     0.195642      0.01821
sel_devs_fsh(53,3)     0.129865   -0.0280655
sel_devs_fsh(53,4)    -0.502724   -0.0404856
sel_devs_fsh(53,5)    0.0836906     0.413898
sel_devs_fsh(53,6)      0.21123     0.309112
sel_devs_fsh(53,7)     0.124143    -0.119462
sel_devs_fsh(53,8)     0.106801      0.21647
sel_devs_fsh(53,9)    -0.287581    -0.470855
sel_devs_fsh(53,10)   -0.0452588     0.298815
sel_devs_fsh(53,11)   -0.0233277   -0.0530444
sel_devs_fsh(53,12)  -0.00463913    -0.463913
sel_devs_fsh(54,1)    0.0592655  -0.00128517
sel_devs_fsh(54,2)     0.739265  -0.00706963
sel_devs_fsh(54,3)     0.207149   -0.0639325
sel_devs_fsh(54,4)    -0.530215  -0.00317385
sel_devs_fsh(54,5)     -1.35871     0.431762
sel_devs_fsh(54,6)    0.0684898     0.199493
sel_devs_fsh(54,7)     0.514303    -0.131032
sel_devs_fsh(54,8)     0.259211     0.189157
sel_devs_fsh(54,9)     0.121116    -0.440636
sel_devs_fsh(54,10)    0.0242916     0.250533
sel_devs_fsh(54,11)   -0.0444134   -0.0614872
sel_devs_fsh(54,12)   -0.0620823    -0.415037
sel_devs_fsh(55,1)     0.152662   0.00288735
sel_devs_fsh(55,2)     0.829135  0.000644206
sel_devs_fsh(55,3)     0.560263   -0.0402126
sel_devs_fsh(55,4)     0.780872   -0.0169731
sel_devs_fsh(55,5)     0.349173     0.476532
sel_devs_fsh(55,6)    -0.493367    -0.199794
sel_devs_fsh(55,7)    -0.642748  -0.00859434
sel_devs_fsh(55,8)    -0.608297     0.158984
sel_devs_fsh(55,9)    -0.301155    -0.439379
sel_devs_fsh(55,10)    -0.290107     0.266959
sel_devs_fsh(55,11)    -0.168157   -0.0627507
sel_devs_fsh(55,12)    -0.166192    -0.105982
sel_devs_fsh(56,1)   -0.0047307   0.00765369
sel_devs_fsh(56,2)     0.564368   0.00364129
sel_devs_fsh(56,3)     0.673544   -0.0477366
sel_devs_fsh(56,4)    -0.344768    0.0564796
sel_devs_fsh(56,5)    -0.095325     0.429278
sel_devs_fsh(56,6)    -0.465964    -0.176855
sel_devs_fsh(56,7)    -0.148336    0.0483139
sel_devs_fsh(56,8)     0.157346    0.0908373
sel_devs_fsh(56,9)    -0.121082    -0.439648
sel_devs_fsh(56,10)    -0.145921     0.234104
sel_devs_fsh(56,11)   -0.0374522   -0.0394707
sel_devs_fsh(56,12)   -0.0249408    -0.059811
sel_devs_fsh(57,1)    0.0148417   -0.0235315
sel_devs_fsh(57,2)     0.228397   0.00953895
sel_devs_fsh(57,3)    -0.158171    0.0953061
sel_devs_fsh(57,4)     0.359094   -0.0559004
sel_devs_fsh(57,5)   -0.0666626     0.310409
sel_devs_fsh(57,6)   -0.0169708    -0.266965
sel_devs_fsh(57,7)    -0.106278    0.0179463
sel_devs_fsh(57,8)  -0.00326877    0.0170174
sel_devs_fsh(57,9)   -0.0519375     -0.39166
sel_devs_fsh(57,10)    -0.233536     0.254722
sel_devs_fsh(57,11)    0.0158519   -0.0486686
sel_devs_fsh(57,12)    0.0160132    0.0403204
sel_devs_fsh(58,1)    0.0152955    0.0372332
sel_devs_fsh(58,2)    -0.311343   0.00327613
sel_devs_fsh(58,3)   -0.0139063   -0.0015872
sel_devs_fsh(58,4)     0.181627    0.0319712
sel_devs_fsh(58,5)     0.299859     0.232377
sel_devs_fsh(58,6)     0.178413    -0.150992
sel_devs_fsh(58,7)    -0.344763  -0.00185974
sel_devs_fsh(58,8)   -0.0967655    0.0659028
sel_devs_fsh(58,9)    0.0413482     -0.30538
sel_devs_fsh(58,10)    0.0671812     0.192574
sel_devs_fsh(58,11)   -0.0223992    -0.085698
sel_devs_fsh(58,12)    0.0047462   -0.0292785
sel_devs_fsh(59,1)  6.85838e-05   0.00106349
sel_devs_fsh(59,2)   0.00271315  0.000756372
sel_devs_fsh(59,3)  -0.00296091   0.00543076
sel_devs_fsh(59,4)    0.0618449   0.00952822
sel_devs_fsh(59,5)    0.0252449     0.163276
sel_devs_fsh(59,6)    0.0026805   -0.0534004
sel_devs_fsh(59,7)    0.0470686    0.0400325
sel_devs_fsh(59,8)   -0.0270462     0.106677
sel_devs_fsh(59,9)   -0.0623208    -0.183652
sel_devs_fsh(59,10)   -0.0266669    0.0307235
sel_devs_fsh(59,11)   -0.0124973   -0.0737351
sel_devs_fsh(59,12)  -0.00721188   -0.0322931
sel_devs_ats(1,2)      0.35515     0.230365
sel_devs_ats(1,3)      0.35947     0.106948
sel_devs_ats(1,4)     0.339495     -0.26906
sel_devs_ats(1,5)     0.338506   -0.0507352
sel_devs_ats(1,6)     0.353533    0.0231077
sel_devs_ats(1,7)     0.357608    0.0413276
sel_devs_ats(1,8)     0.352396   -0.0209304
sel_devs_ats(2,2)     0.395322     0.202252
sel_devs_ats(2,3)     0.392264    0.0941796
sel_devs_ats(2,4)     0.391858    -0.278316
sel_devs_ats(2,5)     0.390751    -0.112446
sel_devs_ats(2,6)     0.392518    0.0293536
sel_devs_ats(2,7)     0.395553    0.0138639
sel_devs_ats(2,8)     0.399278    -0.101012
sel_devs_ats(3,2)     0.464425     0.243336
sel_devs_ats(3,3)     0.458918    0.0831701
sel_devs_ats(3,4)     0.426411    -0.315258
sel_devs_ats(3,5)     0.443304    -0.084677
sel_devs_ats(3,6)     0.436126    0.0347874
sel_devs_ats(3,7)     0.442552    0.0118455
sel_devs_ats(3,8)     0.431203     0.137951
sel_devs_ats(4,2)     0.444718     0.246258
sel_devs_ats(4,3)     0.516632     0.126643
sel_devs_ats(4,4)     0.506354     -0.33119
sel_devs_ats(4,5)     0.469079    -0.097679
sel_devs_ats(4,6)     0.478048     0.033538
sel_devs_ats(4,7)     0.489353   0.00819068
sel_devs_ats(4,8)     0.465485  -0.00888057
sel_devs_ats(5,2)     0.471331     0.214076
sel_devs_ats(5,3)     0.548012     0.076224
sel_devs_ats(5,4)     0.541174    -0.359987
sel_devs_ats(5,5)      0.50815    -0.110641
sel_devs_ats(5,6)     0.502157    0.0585227
sel_devs_ats(5,7)      0.52322   -0.0037441
sel_devs_ats(5,8)     0.499962     0.179784
sel_devs_ats(6,2)     0.507753     0.211922
sel_devs_ats(6,3)     0.529428    0.0654859
sel_devs_ats(6,4)     0.574233    -0.342117
sel_devs_ats(6,5)     0.535938     -0.11141
sel_devs_ats(6,6)     0.546344    0.0748665
sel_devs_ats(6,7)     0.519164    0.0517094
sel_devs_ats(6,8)     0.531415     0.035082
sel_devs_ats(7,2)     0.572355     0.149749
sel_devs_ats(7,3)     0.567486    0.0704722
sel_devs_ats(7,4)     0.552472     -0.25874
sel_devs_ats(7,5)     0.572408    -0.115937
sel_devs_ats(7,6)     0.571283    0.0565534
sel_devs_ats(7,7)     0.557237    0.0363754
sel_devs_ats(7,8)     0.546824    0.0179734
sel_devs_ats(8,2)     0.571311     0.169295
sel_devs_ats(8,3)     0.588104    0.0405754
sel_devs_ats(8,4)     0.577393    -0.254128
sel_devs_ats(8,5)     0.583674    -0.126311
sel_devs_ats(8,6)     0.582281    0.0836633
sel_devs_ats(8,7)     0.573506    0.0799417
sel_devs_ats(8,8)     0.563279    0.0610297
sel_devs_ats(9,2)     0.535941     0.100893
sel_devs_ats(9,3)      0.53216    0.0136361
sel_devs_ats(9,4)     0.600714    -0.230462
sel_devs_ats(9,5)     0.614044   -0.0795222
sel_devs_ats(9,6)     0.599295     0.126082
sel_devs_ats(9,7)     0.585319    0.0173309
sel_devs_ats(9,8)     0.582575    0.0655384
sel_devs_ats(10,2)     0.526217    0.0887858
sel_devs_ats(10,3)     0.539409   0.00461269
sel_devs_ats(10,4)     0.622444    -0.229999
sel_devs_ats(10,5)     0.619699    -0.117774
sel_devs_ats(10,6)     0.602006     0.103311
sel_devs_ats(10,7)     0.592558    -0.022539
sel_devs_ats(10,8)     0.590969    0.0666704
sel_devs_ats(11,2)     0.623586     0.088639
sel_devs_ats(11,3)     0.591369    0.0357767
sel_devs_ats(11,4)     0.528458    -0.144734
sel_devs_ats(11,5)     0.555278   -0.0895194
sel_devs_ats(11,6)      0.58124     0.147542
sel_devs_ats(11,7)     0.588196   -0.0398842
sel_devs_ats(11,8)     0.594184     0.108972
sel_devs_ats(12,2)     0.599082    0.0729792
sel_devs_ats(12,3)     0.577653   0.00183501
sel_devs_ats(12,4)     0.533858    -0.167764
sel_devs_ats(12,5)     0.545855   -0.0897997
sel_devs_ats(12,6)       0.5682     0.157305
sel_devs_ats(12,7)     0.577504   -0.0193757
sel_devs_ats(12,8)     0.585916    0.0308954
sel_devs_ats(13,2)     0.605084    0.0632821
sel_devs_ats(13,3)     0.589352     0.014324
sel_devs_ats(13,4)      0.55952    -0.126242
sel_devs_ats(13,5)     0.575031   -0.0414164
sel_devs_ats(13,6)     0.579567    0.0886928
sel_devs_ats(13,7)     0.563115   -0.0155031
sel_devs_ats(13,8)     0.564551    0.0201352
sel_devs_ats(14,2)     0.620424     0.033302
sel_devs_ats(14,3)     0.582525   -0.0282136
sel_devs_ats(14,4)     0.534774   -0.0703408
sel_devs_ats(14,5)      0.52996   -0.0663976
sel_devs_ats(14,6)     0.540445     0.141532
sel_devs_ats(14,7)     0.547801   0.00190046
sel_devs_ats(14,8)     0.556179   -0.0391268
sel_devs_ats(15,2)     0.575318    0.0346696
sel_devs_ats(15,3)     0.568709  0.000138073
sel_devs_ats(15,4)     0.536392    -0.082309
sel_devs_ats(15,5)     0.538114   -0.0648061
sel_devs_ats(15,6)     0.548583     0.104446
sel_devs_ats(15,7)     0.553033    0.0568792
sel_devs_ats(15,8)     0.541101   0.00730168
sel_devs_ats(16,2)     0.565835    0.0411803
sel_devs_ats(16,3)     0.537691   -0.0023686
sel_devs_ats(16,4)     0.559369    -0.113442
sel_devs_ats(16,5)     0.527995   -0.0841232
sel_devs_ats(16,6)     0.530706    0.0878417
sel_devs_ats(16,7)     0.530963    0.0549268
sel_devs_ats(16,8)     0.509402    0.0101067
sel_devs_ats(17,2)      0.53518    0.0421279
sel_devs_ats(17,3)     0.520395   0.00803139
sel_devs_ats(17,4)      0.50629   -0.0592765
sel_devs_ats(17,5)     0.514009   -0.0961916
sel_devs_ats(17,6)     0.517954    0.0606327
sel_devs_ats(17,7)     0.514545    0.0934551
sel_devs_ats(17,8)     0.490954   -0.0050687
sel_devs_ats(18,2)     0.529155   0.00167083
sel_devs_ats(18,3)     0.502459  -0.00406711
sel_devs_ats(18,4)     0.490459   -0.0995871
sel_devs_ats(18,5)     0.498558   -0.0747377
sel_devs_ats(18,6)     0.505391    0.0575081
sel_devs_ats(18,7)     0.500259    0.0783241
sel_devs_ats(18,8)     0.474212   -0.0124118
sel_devs_ats(19,2)     0.498971   0.00201479
sel_devs_ats(19,3)     0.514728   -0.0316407
sel_devs_ats(19,4)      0.53325   -0.0384867
sel_devs_ats(19,5)     0.525669   -0.0800058
sel_devs_ats(19,6)     0.524609    0.0318112
sel_devs_ats(19,7)     0.500933    0.0670652
sel_devs_ats(19,8)     0.455441  -0.00835801
sel_devs_ats(20,2)     0.511675    0.0173101
sel_devs_ats(20,3)     0.502634   -0.0404595
sel_devs_ats(20,4)     0.532894    0.0166703
sel_devs_ats(20,5)     0.519748   -0.0930835
sel_devs_ats(20,6)     0.528367    0.0280259
sel_devs_ats(20,7)     0.507528     0.064649
sel_devs_ats(20,8)     0.453529    0.0596344
sel_devs_ats(21,2)     0.431623   -0.0352126
sel_devs_ats(21,3)     0.549475    -0.081559
sel_devs_ats(21,4)     0.565874   0.00238905
sel_devs_ats(21,5)     0.536358   -0.0650187
sel_devs_ats(21,6)     0.500344    0.0529632
sel_devs_ats(21,7)     0.501019     0.140174
sel_devs_ats(21,8)     0.488708  -0.00219426
sel_devs_ats(22,2)     0.419187    -0.015051
sel_devs_ats(22,3)     0.504637   -0.0732331
sel_devs_ats(22,4)     0.581936    0.0410473
sel_devs_ats(22,5)     0.525749   -0.0855175
sel_devs_ats(22,6)      0.49867    0.0102641
sel_devs_ats(22,7)     0.498634     0.118702
sel_devs_ats(22,8)     0.528481    0.0584189
sel_devs_ats(23,2)     0.530981     -0.01259
sel_devs_ats(23,3)     0.473596   -0.0351301
sel_devs_ats(23,4)     0.413747     0.115608
sel_devs_ats(23,5)     0.504662   -0.0811576
sel_devs_ats(23,6)     0.523522    0.0602096
sel_devs_ats(23,7)     0.523055      0.12743
sel_devs_ats(23,8)     0.551049    -0.178514
sel_devs_ats(24,2)     0.527565   -0.0745433
sel_devs_ats(24,3)     0.489276   -0.0380094
sel_devs_ats(24,4)      0.45338    0.0725437
sel_devs_ats(24,5)     0.525703   -0.0796675
sel_devs_ats(24,6)     0.534896    0.0210285
sel_devs_ats(24,7)     0.537852    0.0880711
sel_devs_ats(24,8)     0.554869   -0.0486325
sel_devs_ats(25,2)     0.532746   -0.0432418
sel_devs_ats(25,3)     0.542182  -0.00766556
sel_devs_ats(25,4)     0.573728     0.012127
sel_devs_ats(25,5)     0.551598   -0.0871576
sel_devs_ats(25,6)     0.546012    0.0379507
sel_devs_ats(25,7)     0.542155    0.0439239
sel_devs_ats(25,8)     0.550667    0.0363568
sel_devs_ats(26,2)     0.543253   -0.0130408
sel_devs_ats(26,3)     0.562324   -0.0338629
sel_devs_ats(26,4)     0.589777    0.0170321
sel_devs_ats(26,5)     0.566585   -0.0599018
sel_devs_ats(26,6)     0.554116    0.0302627
sel_devs_ats(26,7)     0.561424    0.0463565
sel_devs_ats(26,8)     0.572364    0.0882511
sel_devs_ats(27,2)     0.557637   -0.0323833
sel_devs_ats(27,3)     0.572533   -0.0832994
sel_devs_ats(27,4)     0.604691   -0.0494827
sel_devs_ats(27,5)     0.582512   -0.0730766
sel_devs_ats(27,6)     0.570619    0.0158873
sel_devs_ats(27,7)     0.580785   0.00457827
sel_devs_ats(27,8)     0.589379       0.1008
sel_devs_ats(28,2)      0.55854    0.0164842
sel_devs_ats(28,3)     0.568187    0.0347827
sel_devs_ats(28,4)     0.627309  -0.00722016
sel_devs_ats(28,5)     0.594165   -0.0141969
sel_devs_ats(28,6)     0.582804     0.082018
sel_devs_ats(28,7)      0.59735  -0.00445082
sel_devs_ats(28,8)     0.603872   -0.0308366
sel_devs_ats(29,2)     0.612508   -0.0774094
sel_devs_ats(29,3)     0.605721   -0.0438567
sel_devs_ats(29,4)     0.544428  -0.00431158
sel_devs_ats(29,5)     0.578418   -0.0609965
sel_devs_ats(29,6)     0.586864    0.0486213
sel_devs_ats(29,7)     0.613929   -0.0200797
sel_devs_ats(29,8)     0.614576    0.0911493
sel_devs_ats(30,2)     0.603057  -0.00171282
sel_devs_ats(30,3)     0.606616   -0.0471212
sel_devs_ats(30,4)     0.559464     0.053805
sel_devs_ats(30,5)     0.588487    0.0195844
sel_devs_ats(30,6)     0.582132    0.0340758
sel_devs_ats(30,7)     0.626478  -0.00111121
sel_devs_ats(30,8)     0.616659   -0.0172112
sel_coffs_fsh(1)     -4.23267   0.00119067
sel_coffs_fsh(2)     -2.27679   0.00693108
sel_coffs_fsh(3)    -0.966946    0.0175633
sel_coffs_fsh(4)     0.338271     0.115668
sel_coffs_fsh(5)     0.323236   -0.0608966
sel_coffs_fsh(6)     0.299848     0.134626
sel_coffs_fsh(7)     0.266407    0.0472932
sel_coffs_fsh(8)     0.233566      0.11164
sel_coffs_fsh(9)     0.206429     -0.36492
sel_coffs_fsh(10)     0.186732     0.225441
sel_coffs_fsh(11)     0.171998    -0.126316
sel_coffs_fsh(12)     0.160758    -0.114626
sel_coffs_ats(2)    -0.183585     0.026461
sel_coffs_ats(3)    -0.176675    0.0153056
sel_coffs_ats(4)   0.00216929    -0.039812
sel_coffs_ats(5)     0.132905    -0.012083
sel_coffs_ats(6)     0.193313   0.00667234
sel_coffs_ats(7)     0.312951   0.00713196
sel_coffs_ats(8)     0.471387  0.000156381
sel_slp_bts      1.03957     -1.54303
sel_a50_bts      5.35984     -1.26957
sel_age_one_bts     -3.03548    -0.101921
sel_a50_bts_dev(1982)     -1.08053      2.45373
sel_a50_bts_dev(1983)    -0.774118      2.23376
sel_a50_bts_dev(1984)     -3.60997     -1.33941
sel_a50_bts_dev(1985)    -0.458838     -2.33312
sel_a50_bts_dev(1986)    -0.251307      2.11839
sel_a50_bts_dev(1987)    -0.188201       2.3453
sel_a50_bts_dev(1988)    -0.139157      2.16502
sel_a50_bts_dev(1989)   -0.0800684      2.17449
sel_a50_bts_dev(1990)   -0.0139724      2.45025
sel_a50_bts_dev(1991)    0.0462362      2.22913
sel_a50_bts_dev(1992)    0.0819487      2.00634
sel_a50_bts_dev(1993)      0.10807      2.13844
sel_a50_bts_dev(1994)     0.135075      2.29564
sel_a50_bts_dev(1995)     0.158448      1.93944
sel_a50_bts_dev(1996)     0.170796      2.11818
sel_a50_bts_dev(1997)      0.16086      1.98384
sel_a50_bts_dev(1998)     0.150554      2.34987
sel_a50_bts_dev(1999)     0.141869      2.00313
sel_a50_bts_dev(2000)     0.145059      2.20299
sel_a50_bts_dev(2001)     0.149897      1.92674
sel_a50_bts_dev(2002)     0.164143      2.08119
sel_a50_bts_dev(2003)     0.175332      2.31055
sel_a50_bts_dev(2004)     0.178765      2.06701
sel_a50_bts_dev(2005)     0.176642      1.54414
sel_a50_bts_dev(2006)     0.177068       1.9053
sel_a50_bts_dev(2007)     0.176414       1.5501
sel_a50_bts_dev(2008)     0.183246      2.22136
sel_a50_bts_dev(2009)      0.18985      1.81891
sel_a50_bts_dev(2010)     0.198904      2.04073
sel_a50_bts_dev(2011)     0.224322      2.04948
sel_a50_bts_dev(2012)     0.229497      1.92522
sel_a50_bts_dev(2013)     0.237037      2.09142
sel_a50_bts_dev(2014)     0.249719      2.09941
sel_a50_bts_dev(2015)     0.255232      2.13931
sel_a50_bts_dev(2016)      0.25911       1.9205
sel_a50_bts_dev(2017)     0.261657      2.02235
sel_a50_bts_dev(2018)     0.256372      1.97234
sel_a50_bts_dev(2019)     0.248197       1.8816
sel_a50_bts_dev(2020)     0.251401      2.07454
sel_a50_bts_dev(2021)     0.254631      2.32294
sel_a50_bts_dev(2022)     0.262083      1.95345
sel_a50_bts_dev(2023)     0.270306      1.89666
sel_a50_bts_dev(2024)     0.267415      2.40905
sel_age_one_bts_dev(1982)    -0.620504    -0.110113
sel_age_one_bts_dev(1983)    -0.599023    0.0739013
sel_age_one_bts_dev(1984)    -0.612908   -0.0858502
sel_age_one_bts_dev(1985)    -0.633716   -0.0502782
sel_age_one_bts_dev(1986)    -0.612525    0.0169003
sel_age_one_bts_dev(1987)    -0.468145   -0.0802246
sel_age_one_bts_dev(1988)    -0.338056   -0.0198004
sel_age_one_bts_dev(1989)    -0.180745   -0.0448217
sel_age_one_bts_dev(1990)   -0.0514785   -0.0958784
sel_age_one_bts_dev(1991)   -0.0563838    0.0684449
sel_age_one_bts_dev(1992)    0.0155075   -0.0708964
sel_age_one_bts_dev(1993)    0.0632356   -0.0426322
sel_age_one_bts_dev(1994)   -0.0100444   -0.0399313
sel_age_one_bts_dev(1995)   -0.0829347   -0.0689781
sel_age_one_bts_dev(1996)    -0.142583     0.120844
sel_age_one_bts_dev(1997)   -0.0871324    0.0158328
sel_age_one_bts_dev(1998)   -0.0323246   -0.0727844
sel_age_one_bts_dev(1999)    0.0363639  -0.00560427
sel_age_one_bts_dev(2000)     0.100988   -0.0138881
sel_age_one_bts_dev(2001)    0.0894466   -0.0249589
sel_age_one_bts_dev(2002)      0.11002   -0.0387084
sel_age_one_bts_dev(2003)      0.14492    0.0386288
sel_age_one_bts_dev(2004)     0.084081   -0.0102969
sel_age_one_bts_dev(2005)    0.0428337   -0.0664482
sel_age_one_bts_dev(2006)    0.0104977    0.0526783
sel_age_one_bts_dev(2007)    0.0634925   -0.0535329
sel_age_one_bts_dev(2008)     0.201945    0.0398011
sel_age_one_bts_dev(2009)     0.326909    0.0244685
sel_age_one_bts_dev(2010)     0.322389    0.0322761
sel_age_one_bts_dev(2011)     0.154516   -0.0736242
sel_age_one_bts_dev(2012)     0.194028   -0.0147045
sel_age_one_bts_dev(2013)     0.325899    0.0169861
sel_age_one_bts_dev(2014)     0.360327     0.133629
sel_age_one_bts_dev(2015)     0.301888   -0.0728357
sel_age_one_bts_dev(2016)     0.218464   -0.0358578
sel_age_one_bts_dev(2017)      0.16714   -0.0145063
sel_age_one_bts_dev(2018)     0.165315   -0.0146254
sel_age_one_bts_dev(2019)     0.336874     0.183492
sel_age_one_bts_dev(2020)     0.238291    -0.169255
sel_age_one_bts_dev(2021)     0.140512    0.0657576
sel_age_one_bts_dev(2022)     0.126354    0.0142446
sel_age_one_bts_dev(2023)    0.0829021   -0.0416455
sel_age_one_bts_dev(2024)     0.103364    0.0291502
L1      28.2771    0.0192761
L2      46.1029     0.241965
log_K    -0.127657      -0.3104
d_scale(1,3)     0.523618    0.0322965
d_scale(1,4)     0.704454  -0.00234894
d_scale(1,5)     0.765548    0.0200647
d_scale(1,6)     0.829743   -0.0100673
d_scale(1,7)      0.87001   -0.0165291
d_scale(1,8)     0.933392  -0.00635555
d_scale(1,9)     0.978942   -0.0413038
d_scale(1,10)     0.974767   -0.0482773
d_scale(1,11)      0.99504   -0.0589122
d_scale(1,12)     0.934402    0.0183651
d_scale(1,13)     0.954281 -8.87498e-05
d_scale(1,14)     0.863693   0.00542018
d_scale(1,15)      1.00357  -0.00128712
coh_eff(1955)            0            0
coh_eff(1956)            0            0
coh_eff(1957)            0            0
coh_eff(1958)            0            0
coh_eff(1959)            0            0
coh_eff(1960)            0            0
coh_eff(1961)            0            0
coh_eff(1962)            0            0
coh_eff(1963)            0            0
coh_eff(1964)            0            0
coh_eff(1965)            0            0
coh_eff(1966)            0            0
coh_eff(1967)            0            0
coh_eff(1968)            0            0
coh_eff(1969)            0            0
coh_eff(1970)            0            0
coh_eff(1971)    -0.174645  -0.00834682
coh_eff(1972)     0.305963   -0.0118979
coh_eff(1973)    0.0396423    0.0141723
coh_eff(1974)     0.531581  -0.00277759
coh_eff(1975)    -0.413418    -0.055376
coh_eff(1976)     0.532817    0.0336229
coh_eff(1977)    -0.453934   -0.0125089
coh_eff(1978)     0.450491    -0.009574
coh_eff(1979)    0.0479928   -0.0178281
coh_eff(1980)   -0.0889292   -0.0344647
coh_eff(1981)    -0.393317   -0.0485736
coh_eff(1982)    -0.578446   -0.0375427
coh_eff(1983)     0.581466   0.00792683
coh_eff(1984)     0.662146    0.0137469
coh_eff(1985)      1.15097    -0.029097
coh_eff(1986)   -0.0382335    0.0093375
coh_eff(1987)     0.619803 -0.000821496
coh_eff(1988)   -0.0226178   -0.0495319
coh_eff(1989)     -1.01909   -0.0353157
coh_eff(1990)    -0.872343   -0.0341051
coh_eff(1991)    -0.963403   -0.0994485
coh_eff(1992)     0.852727    0.0532922
coh_eff(1993)      1.78827    0.0549597
coh_eff(1994)     0.506694   -0.0856611
coh_eff(1995)    -0.980152     0.122641
coh_eff(1996)   -0.0702119    0.0567428
coh_eff(1997)     0.969745    0.0185995
coh_eff(1998)     0.468168    -0.184716
coh_eff(1999)     0.395448    -0.107369
coh_eff(2000)   -0.0685264   -0.0380796
coh_eff(2001)     0.385751     0.227739
coh_eff(2002)     0.878595     0.038008
coh_eff(2003)      1.45757    -0.257439
coh_eff(2004)     0.414337  -0.00812557
coh_eff(2005)    -0.801236    -0.026045
coh_eff(2006)     -1.12027     0.019037
coh_eff(2007)    -0.451535    0.0143241
coh_eff(2008)     -1.66794   0.00944225
coh_eff(2009)    -0.772631     -0.11934
coh_eff(2010)     -1.53463    0.0334885
coh_eff(2011)     -2.03095    0.0213153
coh_eff(2012)     -1.88351   -0.0135971
coh_eff(2013)     -1.15571  -0.00697962
coh_eff(2014)     0.725709    0.0383557
coh_eff(2015)       0.7756     0.311832
coh_eff(2016)    0.0220922   -0.0126275
coh_eff(2017)     0.326567    0.0336578
coh_eff(2018)     0.567636    0.0350886
coh_eff(2019)      1.41463     0.081677
coh_eff(2020)     0.374761     -0.21871
coh_eff(2021)     0.189905     0.221836
coh_eff(2022)      1.11945   -0.0865939
coh_eff(2023)      1.66801   -0.0284519
coh_eff(2024)     0.353927  -0.00824361
coh_eff(2025)            0            0
coh_eff(2026)            0            0
yr_eff(1970)            0            0
yr_eff(1971)     0.173534   -0.0005176
yr_eff(1972)  -0.00300493 -0.000628479
yr_eff(1973)     0.308582 -0.000607275
yr_eff(1974)     0.364293   -0.0169479
yr_eff(1975)      1.59688   0.00216776
yr_eff(1976)     0.448408   -0.0613252
yr_eff(1977)      2.09008   -0.0237577
yr_eff(1978)     0.408508   -0.0339549
yr_eff(1979)      1.21283   -0.0389057
yr_eff(1980)      1.29305    -0.118188
yr_eff(1981)     0.914328    -0.118048
yr_eff(1982)     0.185478    -0.168862
yr_eff(1983)     0.946729    -0.175403
yr_eff(1984)    -0.521834   -0.0164674
yr_eff(1985)     0.194171    -0.063693
yr_eff(1986)     -1.38408   -0.0270632
yr_eff(1987)    -0.522904    0.0254134
yr_eff(1988)    -0.965957   -0.0196205
yr_eff(1989)    -0.691979   -0.0220663
yr_eff(1990)     0.532478    0.0172569
yr_eff(1991)     0.254888   -0.0110862
yr_eff(1992)     0.266519    -0.104648
yr_eff(1993)      1.04646   -0.0537734
yr_eff(1994)     0.161443    0.0862053
yr_eff(1995)    -0.267059    -0.115125
yr_eff(1996)    -0.495523    0.0183732
yr_eff(1997)    -0.103338    0.0865777
yr_eff(1998)     -0.39932    0.0837357
yr_eff(1999)    -0.222791   -0.0536242
yr_eff(2000)     -0.12142    -0.109827
yr_eff(2001)     0.660512  -0.00350079
yr_eff(2002)     0.129459     0.142982
yr_eff(2003)    0.0188031     0.252456
yr_eff(2004)    -0.211674   -0.0656566
yr_eff(2005)    -0.655828  -0.00270356
yr_eff(2006)   -0.0298128   -0.0709209
yr_eff(2007)      1.07528    0.0220874
yr_eff(2008)      0.48789      0.11501
yr_eff(2009)      1.55115    0.0937292
yr_eff(2010)     0.723345    -0.133051
yr_eff(2011)     0.870433   -0.0565297
yr_eff(2012)      0.23607   -0.0450603
yr_eff(2013)     0.655244   -0.0172721
yr_eff(2014)     0.787436     0.184576
yr_eff(2015)     -2.04357    0.0862959
yr_eff(2016)    -0.258281     0.132978
yr_eff(2017)    0.0174199   -0.0860253
yr_eff(2018)    -0.798306   -0.0310137
yr_eff(2019)     0.881221    0.0360963
yr_eff(2020)     -1.54827    0.0396813
yr_eff(2021)     -1.33077   -0.0604571
yr_eff(2022)   -0.0141191     0.150909
yr_eff(2023)     -3.22025    0.0153221
yr_eff(2024)     0.946518    0.0320494
yr_eff(2025)            0            0
yr_eff(2026)            0            0
yr_eff(2027)            0            0
yr_eff(2028)            0            0
yr_eff(2029)            0            0
