ParName   Value   Gradient
log_avgrec      10.6729     -7667.31
log_avginit       5.7584     -337.615
log_avg_F     -3.24343     -5384.12
log_q_cpue     -1.40999     -5.16753
log_q_avo     -9.32539     -4.90057
L1      28.4912      46797.2
L2      45.2716      15088.8
log_K    -0.143556     -24736.9
coh_eff(1955)            0            0
coh_eff(1956)            0            0
coh_eff(1957)            0            0
coh_eff(1958)            0            0
coh_eff(1959)            0            0
coh_eff(1960)            0            0
coh_eff(1961)            0            0
coh_eff(1962)            0            0
coh_eff(1963)            0            0
coh_eff(1964)            0            0
coh_eff(1965)            0            0
coh_eff(1966)            0            0
coh_eff(1967)            0            0
coh_eff(1968)            0            0
coh_eff(1969)            0            0
coh_eff(1970)            0            0
coh_eff(1971)    -0.108894    -0.611189
coh_eff(1972)     0.319334      -1.5547
coh_eff(1973)    0.0609644    -0.897838
coh_eff(1974)     0.743221     -1.80601
coh_eff(1975)    0.0707947       1.6022
coh_eff(1976)      1.44032       21.225
coh_eff(1977)     0.645176      100.411
coh_eff(1978)      1.67948      105.222
coh_eff(1979)   0.00986539      111.281
coh_eff(1980)    -0.746331      110.521
coh_eff(1981)     -1.50018      131.664
coh_eff(1982)     -2.47228      145.787
coh_eff(1983)     -1.44454      86.0445
coh_eff(1984)    -0.668503      135.405
coh_eff(1985)    -0.652125        63.62
coh_eff(1986)     -2.89393       8.3851
coh_eff(1987)   -0.0663668      332.981
coh_eff(1988)    -0.688911      325.033
coh_eff(1989)     -2.12663       241.62
coh_eff(1990)     -2.55084       155.81
coh_eff(1991)     -2.35163      285.439
coh_eff(1992)       1.0484      2969.43
coh_eff(1993)      1.78946      1103.34
coh_eff(1994)    -0.216647      234.464
coh_eff(1995)    -0.933275      3199.44
coh_eff(1996)     -1.13051      451.768
coh_eff(1997)    0.0968242      715.751
coh_eff(1998)    -0.453937      246.456
coh_eff(1999)     0.291354     -194.102
coh_eff(2000)    -0.177096      245.765
coh_eff(2001)     0.488417      789.468
coh_eff(2002)      1.09968      1103.38
coh_eff(2003)        1.506     -1205.16
coh_eff(2004)     0.159634      183.875
coh_eff(2005)     -1.05847     -393.731
coh_eff(2006)     -2.18755     -480.782
coh_eff(2007)    -0.496294     -90.7439
coh_eff(2008)     -3.58001     -819.204
coh_eff(2009)    -0.731756      1461.53
coh_eff(2010)    -0.382751      79.3977
coh_eff(2011)     -4.32884      -1122.9
coh_eff(2012)     -2.12255     -1874.62
coh_eff(2013)     -1.51081      267.796
coh_eff(2014)     0.713255      203.955
coh_eff(2015)     0.128619     -3864.03
coh_eff(2016)    -0.149207      260.236
coh_eff(2017)     0.093352      141.244
coh_eff(2018)      0.57402       522.86
coh_eff(2019)      1.22475      26.5348
coh_eff(2020)     0.963578      1984.26
coh_eff(2021)     0.288686      10315.5
coh_eff(2022)      1.41442      1554.08
coh_eff(2023)      1.78994      109.798
coh_eff(2024)    0.0217406     0.899332
coh_eff(2025)            0            0
coh_eff(2026)            0            0
yr_eff(1970)            0            0
yr_eff(1971)     0.184334    -0.413646
yr_eff(1972)    0.0870943    -0.607569
yr_eff(1973)     0.446509     -2.51179
yr_eff(1974)      0.52407     -3.87327
yr_eff(1975)      1.50985     -21.7606
yr_eff(1976)     0.781087     -22.3992
yr_eff(1977)      1.11259     -35.5947
yr_eff(1978)      1.74627      123.146
yr_eff(1979)      2.06807      275.447
yr_eff(1980)      1.52721      425.879
yr_eff(1981)      1.28887      621.783
yr_eff(1982)     0.579673      693.362
yr_eff(1983)      1.35671      807.526
yr_eff(1984)       0.2595      409.897
yr_eff(1985)     0.529243      350.209
yr_eff(1986)     -1.93886      37.6313
yr_eff(1987)     0.965462      261.924
yr_eff(1988)     -1.25629      119.499
yr_eff(1989)    -0.397389        406.8
yr_eff(1990)     0.522137      671.123
yr_eff(1991)     0.766855      850.275
yr_eff(1992)      1.25197       1507.1
yr_eff(1993)     0.982606      3865.02
yr_eff(1994)     0.102074      2036.36
yr_eff(1995)     0.178165      1283.34
yr_eff(1996)    -0.658706       2533.1
yr_eff(1997)    -0.390805      2581.81
yr_eff(1998)     0.210586      4098.82
yr_eff(1999)     0.604716      3989.63
yr_eff(2000)    -0.349459      435.662
yr_eff(2001)     0.705041      180.618
yr_eff(2002)     0.037742      513.043
yr_eff(2003)     0.398959      1368.88
yr_eff(2004)     -1.20293     -791.004
yr_eff(2005)    -0.404442     -481.106
yr_eff(2006)     -0.43963     -757.859
yr_eff(2007)      1.41809     -1260.48
yr_eff(2008)   -0.0447907     -1387.96
yr_eff(2009)      1.97265      -1203.5
yr_eff(2010)      1.11455      1279.44
yr_eff(2011)     -1.75766      -868.85
yr_eff(2012)      1.35662     -1052.26
yr_eff(2013)    0.0430831     -4346.95
yr_eff(2014)      1.03254     -3027.57
yr_eff(2015)     -3.00747     -396.271
yr_eff(2016)    0.0632949      -2808.5
yr_eff(2017)    0.0173569     -718.947
yr_eff(2018)     -1.00804     -189.311
yr_eff(2019)       1.0522      1153.79
yr_eff(2020)     -1.55408      289.607
yr_eff(2021)     -1.28027      917.144
yr_eff(2022)    -0.141019       6015.2
yr_eff(2023)      -2.0239      2041.55
yr_eff(2024)     0.783249      9.78803
yr_eff(2025)            0            0
yr_eff(2026)            0            0
yr_eff(2027)            0            0
yr_eff(2028)            0            0
yr_eff(2029)            0            0
