ParName   Value   Gradient
log_avgrec      9.78973   2.4357e-05
log_avginit      4.70271 -1.90828e-05
log_avg_F     -1.25585  6.95575e-05
log_q_ats    -0.531202 -8.65453e-06
log_Rzero      10.0611  1.43819e-06
steepness     0.606684 -7.80812e-07
log_q_cpue        0.224 -3.26964e-05
log_q_avo     -8.08773 -1.62076e-05
log_initdevs(2)      3.36553 -0.000104144
log_initdevs(3)      2.86799 -8.67399e-05
log_initdevs(4)       1.3113 -2.36565e-05
log_initdevs(5)     0.477645 -2.91511e-05
log_initdevs(6)      1.14735 -8.94015e-06
log_initdevs(7)     0.347503 -3.36331e-05
log_initdevs(8)    -0.793284 -1.51715e-05
log_initdevs(9)     -1.25165  9.82963e-06
log_initdevs(10)     -1.24717  8.39136e-06
log_initdevs(11)     -1.24417 -2.55575e-06
log_initdevs(12)     -1.24242  2.01242e-06
log_initdevs(13)     -1.24434  3.90808e-06
log_initdevs(14)     -1.24613   2.3451e-06
log_initdevs(15)     -1.24813 -2.20578e-07
log_rec_devs(1964)     -1.07253 -4.43534e-05
log_rec_devs(1965)     0.133076 -4.82474e-05
log_rec_devs(1966)    -0.184606 -3.64279e-05
log_rec_devs(1967)     0.358604 -2.18825e-05
log_rec_devs(1968)     0.223552  -3.6372e-05
log_rec_devs(1969)     0.395955  6.38721e-05
log_rec_devs(1970)     0.288922  7.07691e-05
log_rec_devs(1971)    -0.203407  7.20955e-05
log_rec_devs(1972)    -0.408168  3.70685e-05
log_rec_devs(1973)      0.42386  0.000123651
log_rec_devs(1974)     0.126986  1.16062e-05
log_rec_devs(1975)   0.00744669  0.000106234
log_rec_devs(1976)    -0.229498 -2.81348e-05
log_rec_devs(1977)   -0.0784383  4.97395e-05
log_rec_devs(1978)     0.423542  5.84042e-05
log_rec_devs(1979)      1.28422  1.26286e-05
log_rec_devs(1980)     0.268423  7.07831e-05
log_rec_devs(1981)     0.581592 -0.000126032
log_rec_devs(1982)   -0.0851123 -9.54378e-05
log_rec_devs(1983)     0.965533  1.96318e-05
log_rec_devs(1984)    -0.319452 -9.30372e-05
log_rec_devs(1985)     0.519503   0.00015015
log_rec_devs(1986)    -0.466508 -5.50676e-05
log_rec_devs(1987)    -0.957182  5.13367e-05
log_rec_devs(1988)     -1.17942   3.2152e-05
log_rec_devs(1989)    -0.424856  -2.2251e-05
log_rec_devs(1990)      1.00827  -1.8829e-06
log_rec_devs(1991)     0.327734  3.99628e-05
log_rec_devs(1992)     0.106588   8.5643e-05
log_rec_devs(1993)     0.864931  1.10149e-05
log_rec_devs(1994)    -0.177063  3.17753e-05
log_rec_devs(1995)    -0.575893 -0.000103746
log_rec_devs(1996)     0.240903  3.31871e-05
log_rec_devs(1997)     0.563891  -8.6252e-05
log_rec_devs(1998)    -0.195018 -1.69539e-05
log_rec_devs(1999)    -0.137837 -1.08747e-05
log_rec_devs(2000)     0.316686 -0.000118378
log_rec_devs(2001)     0.650364 -2.92183e-06
log_rec_devs(2002)      0.25247  6.41351e-05
log_rec_devs(2003)    -0.260859  1.59781e-05
log_rec_devs(2004)     -1.05498 -4.22281e-05
log_rec_devs(2005)     -1.38136  3.39515e-05
log_rec_devs(2006)    -0.442484 -4.87686e-05
log_rec_devs(2007)     0.260498  1.01435e-05
log_rec_devs(2008)    -0.490995  5.27527e-06
log_rec_devs(2009)     0.877589   4.4795e-05
log_rec_devs(2010)     0.200193 -3.53719e-05
log_rec_devs(2011)    -0.278163  6.33414e-05
log_rec_devs(2012)    -0.483828  0.000134783
log_rec_devs(2013)     0.825368 -6.10686e-05
log_rec_devs(2014)     0.951371 -2.78566e-05
log_rec_devs(2015)     0.094745 -2.09002e-05
log_rec_devs(2016)     -1.02033 -2.58378e-05
log_rec_devs(2017)     -1.08155 -3.30481e-05
log_rec_devs(2018)    -0.259698 -0.000109125
log_rec_devs(2019)      1.59001  1.53991e-05
log_rec_devs(2020)    0.0307705  7.42353e-05
log_rec_devs(2021)    -0.636691 -4.49949e-06
log_rec_devs(2022)    -0.723572  6.81891e-05
log_rec_devs(2023)    -0.334317 -5.70693e-05
log_rec_devs(2024)   -0.0197827  4.13202e-05
log_F_devs(1964)    -0.680621   3.8278e-05
log_F_devs(1965)    -0.658985  4.21671e-05
log_F_devs(1966)    -0.738232 -0.000117778
log_F_devs(1967)    -0.194262 -6.07104e-05
log_F_devs(1968)    -0.216297 -0.000120478
log_F_devs(1969)    -0.173821 -0.000111231
log_F_devs(1970)     0.192889 -5.58554e-05
log_F_devs(1971)     0.541037 -5.76009e-05
log_F_devs(1972)     0.649028  0.000104647
log_F_devs(1973)     0.777152  0.000210622
log_F_devs(1974)     0.837248  6.45842e-05
log_F_devs(1975)     0.638324  7.61743e-05
log_F_devs(1976)     0.512741   4.2534e-05
log_F_devs(1977)     0.367343   4.4331e-05
log_F_devs(1978)     0.410039 -2.61357e-05
log_F_devs(1979)     0.392485  -0.00014726
log_F_devs(1980)     0.260362 -6.38656e-06
log_F_devs(1981)    -0.073354  6.77713e-05
log_F_devs(1982)    -0.466878 -3.27533e-05
log_F_devs(1983)    -0.601236 -8.22817e-05
log_F_devs(1984)    -0.578236 -0.000110017
log_F_devs(1985)    -0.557894 -5.26745e-05
log_F_devs(1986)    -0.617809 -2.48324e-05
log_F_devs(1987)    -0.921689   6.6288e-05
log_F_devs(1988)    -0.584321  0.000158527
log_F_devs(1989)    -0.546088 -1.05645e-06
log_F_devs(1990)    -0.108042  5.12496e-05
log_F_devs(1991)       0.1145 -0.000102589
log_F_devs(1992)     0.505042 -0.000102753
log_F_devs(1993)     0.110035 -4.97625e-05
log_F_devs(1994)    -0.151179 -7.79251e-05
log_F_devs(1995)    -0.192304  5.60761e-05
log_F_devs(1996)   -0.0380307 -1.22398e-05
log_F_devs(1997)   0.00768145 -0.000102008
log_F_devs(1998)     -0.17637 -3.26837e-05
log_F_devs(1999)     -0.39171 -2.79912e-05
log_F_devs(2000)    -0.314162 -7.62587e-05
log_F_devs(2001)    -0.215007  7.56885e-05
log_F_devs(2002)   -0.0700183  3.10737e-05
log_F_devs(2003)   -0.0315818 -6.23214e-05
log_F_devs(2004)    -0.178164 -9.01503e-05
log_F_devs(2005)    -0.258152  8.36574e-05
log_F_devs(2006)   -0.0395601  7.64305e-05
log_F_devs(2007)    0.0520734  0.000118641
log_F_devs(2008)     0.175043 -5.73001e-05
log_F_devs(2009)     0.177292  1.49617e-05
log_F_devs(2010)    0.0249596   3.4927e-05
log_F_devs(2011)     0.351328 -1.80113e-05
log_F_devs(2012)     0.399874 -4.18208e-05
log_F_devs(2013)     0.400455  0.000204628
log_F_devs(2014)     0.413686 -6.87456e-05
log_F_devs(2015)     0.546775   4.3329e-05
log_F_devs(2016)     0.229435  0.000199078
log_F_devs(2017)     0.192928  6.34544e-05
log_F_devs(2018)   -0.0575297 -7.17803e-05
log_F_devs(2019)    0.0292527 -2.26226e-05
log_F_devs(2020)     0.302886 -1.78585e-06
log_F_devs(2021)     0.301755  0.000119007
log_F_devs(2022)    0.0129715  2.18055e-05
log_F_devs(2023)  0.000270559  0.000283001
log_F_devs(2024)   -0.0953581 -0.000279201
sel_devs_fsh(1,1)    0.0526317  1.85677e-05
sel_devs_fsh(1,2)    0.0888449 -1.58805e-05
sel_devs_fsh(1,3)     0.135937  3.07252e-05
sel_devs_fsh(1,4)   -0.0466715 -0.000129446
sel_devs_fsh(1,5)   -0.0450376  2.36694e-05
sel_devs_fsh(1,6)   -0.0580225 -0.000603193
sel_devs_fsh(1,7)   -0.0492845  0.000644469
sel_devs_fsh(1,8)   -0.0387595 -0.000207515
sel_devs_fsh(1,9)   -0.0259967 -0.000363667
sel_devs_fsh(1,10)   -0.0134757   0.00106988
sel_devs_fsh(1,11)  -0.00331153  0.000404533
sel_devs_fsh(1,12)   0.00314727 -0.000854396
sel_devs_fsh(2,1)    0.0610756 -2.05314e-05
sel_devs_fsh(2,2)    0.0965096  1.48821e-06
sel_devs_fsh(2,3)     0.235383 -1.26156e-05
sel_devs_fsh(2,4)    -0.146238 -9.14825e-05
sel_devs_fsh(2,5)   -0.0973385   6.6111e-05
sel_devs_fsh(2,6)   -0.0780034  -0.00062277
sel_devs_fsh(2,7)   -0.0570455  0.000684154
sel_devs_fsh(2,8)   -0.0359519 -0.000331449
sel_devs_fsh(2,9)   -0.0215387 -0.000342274
sel_devs_fsh(2,10) -0.000781577   0.00109062
sel_devs_fsh(2,11)    0.0186735  0.000416944
sel_devs_fsh(2,12)    0.0252565 -0.000840573
sel_devs_fsh(3,1)     0.127915  3.81676e-05
sel_devs_fsh(3,2)     0.098324 -1.70509e-05
sel_devs_fsh(3,3)   0.00181274  4.89968e-05
sel_devs_fsh(3,4)   -0.0113647 -0.000121496
sel_devs_fsh(3,5)   -0.0634281  2.74068e-05
sel_devs_fsh(3,6)   -0.0662906 -0.000614247
sel_devs_fsh(3,7)   -0.0647822  0.000763164
sel_devs_fsh(3,8)   -0.0426323 -0.000383589
sel_devs_fsh(3,9)   -0.0202085 -0.000352897
sel_devs_fsh(3,10)   0.00187588   0.00107848
sel_devs_fsh(3,11)    0.0176689  0.000248281
sel_devs_fsh(3,12)    0.0211108 -0.000702897
sel_devs_fsh(4,1)     0.136073  2.12183e-06
sel_devs_fsh(4,2)    0.0671277  1.12365e-05
sel_devs_fsh(4,3)     0.153558  7.25062e-05
sel_devs_fsh(4,4)    -0.115524 -8.81751e-05
sel_devs_fsh(4,5)    -0.114296  2.67513e-05
sel_devs_fsh(4,6)    -0.107619 -0.000635839
sel_devs_fsh(4,7)   -0.0851032  0.000783737
sel_devs_fsh(4,8)   -0.0293541 -0.000424768
sel_devs_fsh(4,9)  -0.00369177 -0.000332069
sel_devs_fsh(4,10)    0.0213951   0.00106168
sel_devs_fsh(4,11)    0.0350927  0.000219445
sel_devs_fsh(4,12)    0.0423416 -0.000695446
sel_devs_fsh(5,1)     0.195423  1.89766e-05
sel_devs_fsh(5,2)     0.140163   8.7845e-06
sel_devs_fsh(5,3)   -0.0322306  7.92098e-05
sel_devs_fsh(5,4)    -0.270652 -7.66913e-05
sel_devs_fsh(5,5)    -0.130891   2.2308e-07
sel_devs_fsh(5,6)    -0.116936 -0.000590804
sel_devs_fsh(5,7)   -0.0590407  0.000767982
sel_devs_fsh(5,8)  0.000667481 -0.000460919
sel_devs_fsh(5,9)    0.0354644 -0.000308088
sel_devs_fsh(5,10)    0.0624192   0.00107269
sel_devs_fsh(5,11)    0.0769542  0.000161877
sel_devs_fsh(5,12)    0.0986591 -0.000672444
sel_devs_fsh(6,1)    0.0173261  2.59072e-05
sel_devs_fsh(6,2)    0.0315726  1.76019e-05
sel_devs_fsh(6,3)   -0.0785132  3.56031e-05
sel_devs_fsh(6,4)   -0.0580292 -9.91751e-05
sel_devs_fsh(6,5)   -0.0105583  1.79304e-05
sel_devs_fsh(6,6)   -0.0239387 -0.000583453
sel_devs_fsh(6,7)   -0.0587387  0.000801218
sel_devs_fsh(6,8)  -0.00417871 -0.000476236
sel_devs_fsh(6,9)    0.0246095 -0.000289224
sel_devs_fsh(6,10)    0.0415892   0.00106703
sel_devs_fsh(6,11)    0.0530789  0.000212462
sel_devs_fsh(6,12)    0.0657806 -0.000729868
sel_devs_fsh(7,1)    -0.228205  6.84871e-05
sel_devs_fsh(7,2)     0.197467  1.54749e-05
sel_devs_fsh(7,3)     0.116364  1.95914e-05
sel_devs_fsh(7,4)    0.0749852 -6.15215e-05
sel_devs_fsh(7,5)   -0.0279136  3.79132e-06
sel_devs_fsh(7,6)   -0.0144914 -0.000536845
sel_devs_fsh(7,7)   -0.0286454  0.000791633
sel_devs_fsh(7,8)   -0.0393734 -0.000484088
sel_devs_fsh(7,9)   -0.0162149 -0.000294307
sel_devs_fsh(7,10)  -0.00782997   0.00105625
sel_devs_fsh(7,11)  -0.00767061  0.000191555
sel_devs_fsh(7,12)   -0.0184716 -0.000771467
sel_devs_fsh(8,1)    -0.248969  2.83184e-05
sel_devs_fsh(8,2)     0.106264 -2.59978e-06
sel_devs_fsh(8,3)    0.0673851  2.43576e-05
sel_devs_fsh(8,4)    0.0448296 -4.96347e-05
sel_devs_fsh(8,5)    0.0317634  4.53212e-05
sel_devs_fsh(8,6)    0.0440445   -0.0004995
sel_devs_fsh(8,7)    0.0179862  0.000714893
sel_devs_fsh(8,8)  -0.00814651 -0.000448478
sel_devs_fsh(8,9)   -0.0122671 -0.000362142
sel_devs_fsh(8,10)  -0.00892255   0.00106684
sel_devs_fsh(8,11)   -0.0104033  0.000222279
sel_devs_fsh(8,12)   -0.0235638 -0.000735554
sel_devs_fsh(9,1)    -0.205414  2.82496e-05
sel_devs_fsh(9,2)      0.14222 -4.13122e-07
sel_devs_fsh(9,3)     0.179046  2.93646e-05
sel_devs_fsh(9,4)    0.0324463 -4.84161e-05
sel_devs_fsh(9,5)   0.00147061  1.82189e-06
sel_devs_fsh(9,6)   -0.0121728 -0.000267297
sel_devs_fsh(9,7)   -0.0110639  0.000408697
sel_devs_fsh(9,8)   -0.0355922 -0.000337793
sel_devs_fsh(9,9)   -0.0223542 -0.000330878
sel_devs_fsh(9,10)   -0.0161393   0.00105355
sel_devs_fsh(9,11)   -0.0173549  0.000122267
sel_devs_fsh(9,12)   -0.0350928 -0.000675047
sel_devs_fsh(10,1)    -0.184077  1.24602e-06
sel_devs_fsh(10,2)    -0.180878  7.23911e-06
sel_devs_fsh(10,3)     0.128657  -2.6118e-05
sel_devs_fsh(10,4)    0.0765623  4.66806e-05
sel_devs_fsh(10,5)    0.0343705  4.28682e-06
sel_devs_fsh(10,6)    0.0283962 -0.000196006
sel_devs_fsh(10,7)    0.0248791  0.000265793
sel_devs_fsh(10,8)   -0.0126093 -0.000211141
sel_devs_fsh(10,9)   0.00370702 -0.000427423
sel_devs_fsh(10,10)    0.0213485      0.00109
sel_devs_fsh(10,11)    0.0298489  6.50233e-05
sel_devs_fsh(10,12)    0.0297968 -0.000594508
sel_devs_fsh(11,1)    -0.179867  2.17842e-05
sel_devs_fsh(11,2)   -0.0776923  1.45988e-06
sel_devs_fsh(11,3)   -0.0932983  -0.00016176
sel_devs_fsh(11,4)    0.0854714  0.000161103
sel_devs_fsh(11,5)    0.0703802  2.67193e-06
sel_devs_fsh(11,6)    0.0576551 -0.000157113
sel_devs_fsh(11,7)    0.0505782  0.000127727
sel_devs_fsh(11,8)   0.00485127  -7.9697e-05
sel_devs_fsh(11,9)    0.0093449 -0.000521878
sel_devs_fsh(11,10)    0.0184721    0.0011438
sel_devs_fsh(11,11)    0.0287661 -9.89081e-06
sel_devs_fsh(11,12)    0.0253391  -0.00051346
sel_devs_fsh(12,1)    -0.166938 -1.56125e-05
sel_devs_fsh(12,2)    0.0224657  3.98304e-05
sel_devs_fsh(12,3)    -0.133418 -0.000178781
sel_devs_fsh(12,4)   -0.0505029  7.42305e-05
sel_devs_fsh(12,5)    0.0529185 -2.61223e-06
sel_devs_fsh(12,6)    0.0565841 -0.000126625
sel_devs_fsh(12,7)    0.0550818  8.05327e-05
sel_devs_fsh(12,8)    0.0195809  0.000104815
sel_devs_fsh(12,9)    0.0206158 -0.000635202
sel_devs_fsh(12,10)    0.0302193   0.00115538
sel_devs_fsh(12,11)    0.0466784 -0.000241087
sel_devs_fsh(12,12)    0.0467103 -0.000313288
sel_devs_fsh(13,1)    -0.205674 -7.70107e-06
sel_devs_fsh(13,2)    -0.130258 -3.58283e-06
sel_devs_fsh(13,3)   -0.0383275 -0.000154361
sel_devs_fsh(13,4)   -0.0329342  4.29222e-05
sel_devs_fsh(13,5)    0.0419174  2.80999e-06
sel_devs_fsh(13,6)    0.0484649 -5.48614e-05
sel_devs_fsh(13,7)     0.059792 -4.06002e-05
sel_devs_fsh(13,8)    0.0510062  0.000232483
sel_devs_fsh(13,9)    0.0458033 -0.000683463
sel_devs_fsh(13,10)    0.0441753   0.00117417
sel_devs_fsh(13,11)    0.0578482  -0.00016824
sel_devs_fsh(13,12)    0.0581855 -0.000351219
sel_devs_fsh(14,1)    -0.160003  1.44852e-05
sel_devs_fsh(14,2)    -0.297211   3.5983e-05
sel_devs_fsh(14,3)    -0.172889 -0.000122759
sel_devs_fsh(14,4)   -0.0495043  2.48532e-05
sel_devs_fsh(14,5)    0.0597809  3.80893e-05
sel_devs_fsh(14,6)     0.118927 -0.000130436
sel_devs_fsh(14,7)      0.10314  2.37133e-05
sel_devs_fsh(14,8)     0.102493  0.000156012
sel_devs_fsh(14,9)    0.0886336 -0.000666326
sel_devs_fsh(14,10)    0.0668142   0.00119197
sel_devs_fsh(14,11)     0.067928 -0.000272967
sel_devs_fsh(14,12)    0.0718885 -0.000322405
sel_devs_fsh(15,1)    -0.180464  3.87351e-05
sel_devs_fsh(15,2)    -0.426232  3.06993e-05
sel_devs_fsh(15,3)    -0.164652 -0.000148983
sel_devs_fsh(15,4)    0.0494358  8.52297e-05
sel_devs_fsh(15,5)    0.0798445  3.78159e-05
sel_devs_fsh(15,6)     0.111645 -9.84743e-05
sel_devs_fsh(15,7)     0.114125   7.5729e-05
sel_devs_fsh(15,8)     0.109881    0.0001325
sel_devs_fsh(15,9)    0.0793335 -0.000722642
sel_devs_fsh(15,10)    0.0689089   0.00120388
sel_devs_fsh(15,11)    0.0733537 -0.000409388
sel_devs_fsh(15,12)    0.0848196 -0.000230189
sel_devs_fsh(16,1)     -0.16279 -3.40631e-05
sel_devs_fsh(16,2)    -0.205448 -1.15493e-05
sel_devs_fsh(16,3)    -0.231203 -9.76608e-05
sel_devs_fsh(16,4)    0.0812635  9.04352e-05
sel_devs_fsh(16,5)    0.0698912  4.08068e-05
sel_devs_fsh(16,6)    0.0438212 -5.90433e-05
sel_devs_fsh(16,7)    0.0500118  8.47227e-05
sel_devs_fsh(16,8)      0.07735  0.000139311
sel_devs_fsh(16,9)    0.0690456 -0.000750867
sel_devs_fsh(16,10)    0.0537659   0.00118918
sel_devs_fsh(16,11)    0.0582545 -0.000510217
sel_devs_fsh(16,12)    0.0960382 -6.89031e-05
sel_devs_fsh(17,1)    -0.132159 -2.07948e-05
sel_devs_fsh(17,2)    -0.105557 -2.99803e-05
sel_devs_fsh(17,3)    -0.231572 -0.000102594
sel_devs_fsh(17,4)   0.00441305  3.19747e-05
sel_devs_fsh(17,5)     0.101118  2.65028e-05
sel_devs_fsh(17,6)    0.0370945 -6.21604e-05
sel_devs_fsh(17,7)    0.0374033  4.80368e-05
sel_devs_fsh(17,8)    0.0517353  0.000144795
sel_devs_fsh(17,9)    0.0518639 -0.000690715
sel_devs_fsh(17,10)     0.042255   0.00116489
sel_devs_fsh(17,11)    0.0506937 -0.000527279
sel_devs_fsh(17,12)    0.0927091 -3.07377e-06
sel_devs_fsh(18,1)    -0.149914  5.61169e-05
sel_devs_fsh(18,2)    0.0937477 -2.10703e-05
sel_devs_fsh(18,3)    -0.109121 -0.000101995
sel_devs_fsh(18,4)   -0.0935136  9.00868e-06
sel_devs_fsh(18,5)   -0.0147939  6.89762e-05
sel_devs_fsh(18,6)     0.055265 -7.91219e-05
sel_devs_fsh(18,7)    0.0407555  0.000100599
sel_devs_fsh(18,8)    0.0247956  0.000127893
sel_devs_fsh(18,9)    0.0166326 -0.000602646
sel_devs_fsh(18,10)    0.0245493    0.0010858
sel_devs_fsh(18,11)    0.0353208 -0.000553828
sel_devs_fsh(18,12)    0.0762784  -5.6397e-05
sel_devs_fsh(19,1)    -0.146172   3.7995e-05
sel_devs_fsh(19,2)      -0.1716 -5.61955e-06
sel_devs_fsh(19,3)    0.0479303 -0.000143481
sel_devs_fsh(19,4)   -0.0935586  5.35902e-05
sel_devs_fsh(19,5)     0.126352  4.75511e-05
sel_devs_fsh(19,6)    0.0604408  -4.7338e-05
sel_devs_fsh(19,7)    0.0694721  3.30811e-05
sel_devs_fsh(19,8)    0.0397871  0.000120772
sel_devs_fsh(19,9)    0.0147276 -0.000458149
sel_devs_fsh(19,10)   0.00283576  0.000916048
sel_devs_fsh(19,11)    0.0103087 -0.000531589
sel_devs_fsh(19,12)    0.0394759 -2.02676e-05
sel_devs_fsh(20,1)    -0.163895  1.81006e-05
sel_devs_fsh(20,2)    0.0182457 -4.84369e-05
sel_devs_fsh(20,3)     0.114437 -0.000101261
sel_devs_fsh(20,4)   -0.0770853  6.55225e-05
sel_devs_fsh(20,5)    -0.242212  5.16377e-05
sel_devs_fsh(20,6)     0.115602 -3.41692e-05
sel_devs_fsh(20,7)    0.0928978  6.66401e-05
sel_devs_fsh(20,8)    0.0905628  6.54193e-05
sel_devs_fsh(20,9)    0.0193683 -0.000349183
sel_devs_fsh(20,10)   0.00959641  0.000881471
sel_devs_fsh(20,11)   0.00137156  -0.00055261
sel_devs_fsh(20,12)    0.0211112 -7.01949e-05
sel_devs_fsh(21,1)    -0.172893  4.10549e-08
sel_devs_fsh(21,2)   -0.0594978 -1.59266e-05
sel_devs_fsh(21,3)    0.0488098 -6.42354e-05
sel_devs_fsh(21,4)     0.150437  5.55155e-05
sel_devs_fsh(21,5)   0.00129625  6.45471e-05
sel_devs_fsh(21,6)   -0.0573536   -7.012e-05
sel_devs_fsh(21,7)    0.0419982  9.53159e-05
sel_devs_fsh(21,8)   0.00415866 -4.71377e-05
sel_devs_fsh(21,9)    0.0784749 -0.000247659
sel_devs_fsh(21,10)  -0.00197157  0.000816953
sel_devs_fsh(21,11)   -0.0247978 -0.000539737
sel_devs_fsh(21,12)  -0.00866181 -4.94051e-05
sel_devs_fsh(22,1)    -0.175015  2.99774e-05
sel_devs_fsh(22,2)    -0.108352  1.82735e-06
sel_devs_fsh(22,3)     0.090149 -7.43852e-05
sel_devs_fsh(22,4)    -0.110361  9.37307e-05
sel_devs_fsh(22,5)   0.00617712  3.38787e-05
sel_devs_fsh(22,6)  -0.00314732  -6.3441e-05
sel_devs_fsh(22,7)   -0.0723741  0.000125497
sel_devs_fsh(22,8)     0.136779 -0.000100946
sel_devs_fsh(22,9)     0.134313 -4.19043e-05
sel_devs_fsh(22,10)     0.104928  0.000605038
sel_devs_fsh(22,11)    0.0165513 -0.000556658
sel_devs_fsh(22,12)   -0.0196485 -5.48272e-05
sel_devs_fsh(23,1)    -0.209615  6.74093e-06
sel_devs_fsh(23,2)    -0.147316  1.19809e-05
sel_devs_fsh(23,3)     0.419148 -6.48238e-05
sel_devs_fsh(23,4)    0.0201733  4.83044e-05
sel_devs_fsh(23,5)     0.107909  4.29127e-05
sel_devs_fsh(23,6)   -0.0457072 -5.52117e-05
sel_devs_fsh(23,7)     0.167253  0.000126335
sel_devs_fsh(23,8)   -0.0480075 -9.16756e-05
sel_devs_fsh(23,9)   -0.0700005  5.06187e-06
sel_devs_fsh(23,10)   -0.0790631  0.000609666
sel_devs_fsh(23,11)   -0.0372285 -0.000587893
sel_devs_fsh(23,12)   -0.0775453 -4.73412e-05
sel_devs_fsh(24,1)    -0.174696  1.42487e-05
sel_devs_fsh(24,2)     -0.10272 -3.47287e-05
sel_devs_fsh(24,3)    -0.418403 -6.14171e-05
sel_devs_fsh(24,4)     0.108526  6.15336e-05
sel_devs_fsh(24,5)   0.00773645  1.13733e-05
sel_devs_fsh(24,6)     0.103296 -7.66684e-05
sel_devs_fsh(24,7)     0.160121  0.000187305
sel_devs_fsh(24,8)     0.154112 -8.06449e-05
sel_devs_fsh(24,9)    0.0450266 -1.53257e-05
sel_devs_fsh(24,10)    0.0960839  0.000618744
sel_devs_fsh(24,11)    0.0602796 -0.000603711
sel_devs_fsh(24,12)   -0.0393644 -2.50425e-05
sel_devs_fsh(25,1)    -0.157736   -1.735e-05
sel_devs_fsh(25,2)   -0.0607591 -5.57078e-06
sel_devs_fsh(25,3)    -0.383633 -2.98137e-05
sel_devs_fsh(25,4)     0.022452  4.89874e-05
sel_devs_fsh(25,5)    0.0812365  8.47917e-05
sel_devs_fsh(25,6)    0.0362974 -5.91264e-05
sel_devs_fsh(25,7)    0.0264078  0.000123951
sel_devs_fsh(25,8)    0.0798353 -0.000160096
sel_devs_fsh(25,9)     0.102064 -2.54672e-05
sel_devs_fsh(25,10)    0.0220394  0.000606814
sel_devs_fsh(25,11)     0.157651 -0.000555508
sel_devs_fsh(25,12)    0.0741464 -4.04824e-06
sel_devs_fsh(26,1)   -0.0812408  3.98489e-05
sel_devs_fsh(26,2)  -0.00876065 -5.86863e-06
sel_devs_fsh(26,3)    -0.393021 -6.88286e-05
sel_devs_fsh(26,4)     -0.36338   6.3978e-05
sel_devs_fsh(26,5)    -0.166917  8.15837e-05
sel_devs_fsh(26,6)   -0.0458598 -5.15129e-05
sel_devs_fsh(26,7)     0.095459  0.000159718
sel_devs_fsh(26,8)   -0.0281899 -0.000165682
sel_devs_fsh(26,9)     0.183999 -3.77802e-05
sel_devs_fsh(26,10)     0.122431  0.000626165
sel_devs_fsh(26,11)     0.352154 -0.000562801
sel_devs_fsh(26,12)     0.333331 -5.71695e-06
sel_devs_fsh(27,1)     -0.14793 -7.39806e-06
sel_devs_fsh(27,2)   -0.0558642   -2.209e-05
sel_devs_fsh(27,3)     0.495329 -5.30672e-05
sel_devs_fsh(27,4)    -0.293433  2.32804e-05
sel_devs_fsh(27,5)    -0.388801 -1.09151e-05
sel_devs_fsh(27,6)   -0.0914356 -5.06032e-05
sel_devs_fsh(27,7)   -0.0675419  0.000105903
sel_devs_fsh(27,8)     0.185661 -8.81692e-05
sel_devs_fsh(27,9)     0.145987  4.39364e-06
sel_devs_fsh(27,10)     0.250577   0.00059068
sel_devs_fsh(27,11)   -0.0498963 -0.000562359
sel_devs_fsh(27,12)     0.017345  1.89313e-05
sel_devs_fsh(28,1)    -0.151296  5.33693e-05
sel_devs_fsh(28,2)    -0.483103  4.74811e-05
sel_devs_fsh(28,3)   0.00433933  -4.0323e-05
sel_devs_fsh(28,4)     0.791382  7.64499e-05
sel_devs_fsh(28,5)   -0.0250248  9.20089e-05
sel_devs_fsh(28,6)   -0.0356369 -1.37615e-05
sel_devs_fsh(28,7)    0.0448978  0.000138629
sel_devs_fsh(28,8)    0.0495236 -0.000181022
sel_devs_fsh(28,9)   -0.0234842  4.22476e-05
sel_devs_fsh(28,10)   -0.0248838  0.000565903
sel_devs_fsh(28,11)    -0.130624 -0.000494848
sel_devs_fsh(28,12)   -0.0160725 -8.04385e-06
sel_devs_fsh(29,1)   -0.0677319  4.08442e-05
sel_devs_fsh(29,2)   -0.0223627  4.83117e-05
sel_devs_fsh(29,3)    -0.743805   -5.331e-05
sel_devs_fsh(29,4)    -0.234167  4.11064e-05
sel_devs_fsh(29,5)     0.910495  7.09844e-05
sel_devs_fsh(29,6)      0.26058  -3.6763e-05
sel_devs_fsh(29,7)    0.0211987  5.70899e-05
sel_devs_fsh(29,8)    -0.042463 -0.000147015
sel_devs_fsh(29,9)    -0.062605  9.62434e-05
sel_devs_fsh(29,10)   -0.0459799  0.000504449
sel_devs_fsh(29,11)    0.0537528 -0.000551212
sel_devs_fsh(29,12)   -0.0269116 -6.62401e-05
sel_devs_fsh(30,1)   -0.0346379 -1.74114e-05
sel_devs_fsh(30,2)       0.1638    -3.02e-06
sel_devs_fsh(30,3)    -0.318327 -6.65243e-05
sel_devs_fsh(30,4)    -0.632966 -3.61544e-05
sel_devs_fsh(30,5)    -0.277605  3.87626e-05
sel_devs_fsh(30,6)      0.46757  -5.5006e-05
sel_devs_fsh(30,7)     0.126283   0.00014324
sel_devs_fsh(30,8)      0.17785 -0.000154114
sel_devs_fsh(30,9)     0.119324  3.32971e-05
sel_devs_fsh(30,10)      0.11485  0.000410195
sel_devs_fsh(30,11)    0.0647587 -0.000540697
sel_devs_fsh(30,12)    0.0290801 -7.04816e-05
sel_devs_fsh(31,1)   -0.0418993  6.45862e-05
sel_devs_fsh(31,2)     0.503495 -9.10861e-06
sel_devs_fsh(31,3)     0.263397 -7.77588e-05
sel_devs_fsh(31,4)    -0.822164  9.28288e-05
sel_devs_fsh(31,5)    -0.689717  8.62564e-05
sel_devs_fsh(31,6)    -0.271284 -1.77716e-05
sel_devs_fsh(31,7)     0.272899  0.000146921
sel_devs_fsh(31,8)     0.296087 -0.000201292
sel_devs_fsh(31,9)      0.22003 -2.68216e-07
sel_devs_fsh(31,10)     0.156855  0.000442399
sel_devs_fsh(31,11)    0.0664649 -0.000541836
sel_devs_fsh(31,12)    0.0458369  1.55171e-05
sel_devs_fsh(32,1)    -0.127023 -4.98783e-06
sel_devs_fsh(32,2)     0.331778 -2.56218e-05
sel_devs_fsh(32,3)      0.15605 -2.58192e-05
sel_devs_fsh(32,4)     0.627883   6.0681e-05
sel_devs_fsh(32,5)    -0.049815   1.9013e-06
sel_devs_fsh(32,6)    -0.349105  -2.5518e-05
sel_devs_fsh(32,7)    -0.344469  0.000140872
sel_devs_fsh(32,8)    -0.375426 -0.000100944
sel_devs_fsh(32,9)     0.007168  4.72301e-07
sel_devs_fsh(32,10)    0.0339389  0.000447054
sel_devs_fsh(32,11)    0.0384237 -0.000579759
sel_devs_fsh(32,12)    0.0505902  7.03166e-06
sel_devs_fsh(33,1)    -0.103494  9.67443e-06
sel_devs_fsh(33,2)    -0.385974   4.4192e-07
sel_devs_fsh(33,3)     0.243455 -4.88109e-05
sel_devs_fsh(33,4)     0.241784  6.74222e-05
sel_devs_fsh(33,5)     0.161316  0.000104063
sel_devs_fsh(33,6)     0.236605 -5.77688e-05
sel_devs_fsh(33,7)    -0.165593  9.29217e-05
sel_devs_fsh(33,8)   0.00391669 -0.000107163
sel_devs_fsh(33,9)    -0.103981  9.22395e-06
sel_devs_fsh(33,10)   -0.0592468  0.000452984
sel_devs_fsh(33,11)   -0.0469728 -0.000525721
sel_devs_fsh(33,12)   -0.0218139  3.64312e-05
sel_devs_fsh(34,1)    -0.139807  4.98539e-05
sel_devs_fsh(34,2)    -0.348927 -1.36413e-05
sel_devs_fsh(34,3)     0.805611 -6.41311e-05
sel_devs_fsh(34,4)     0.408709  7.79029e-05
sel_devs_fsh(34,5)     0.156003  7.02308e-05
sel_devs_fsh(34,6)    -0.291419 -0.000103991
sel_devs_fsh(34,7)     0.199166  8.12671e-05
sel_devs_fsh(34,8)   -0.0536596 -9.44529e-05
sel_devs_fsh(34,9)     -0.24656  2.53593e-06
sel_devs_fsh(34,10)    -0.266562  0.000449398
sel_devs_fsh(34,11)    -0.184946 -0.000572276
sel_devs_fsh(34,12)   -0.0376124   5.0725e-05
sel_devs_fsh(35,1)   -0.0850748  2.85858e-05
sel_devs_fsh(35,2)    -0.135364  3.92203e-05
sel_devs_fsh(35,3)    -0.508556 -7.91261e-05
sel_devs_fsh(35,4)     0.284774  8.99851e-05
sel_devs_fsh(35,5)     0.359384  0.000107496
sel_devs_fsh(35,6)    0.0207765 -7.83732e-05
sel_devs_fsh(35,7)   -0.0836472  7.97122e-05
sel_devs_fsh(35,8)     0.207462 -6.13941e-05
sel_devs_fsh(35,9)    0.0671294 -4.51291e-05
sel_devs_fsh(35,10)   0.00223852   0.00048458
sel_devs_fsh(35,11)   -0.0569793  -0.00055722
sel_devs_fsh(35,12)   -0.0721413  1.51584e-05
sel_devs_fsh(36,1)   -0.0501556  4.38285e-05
sel_devs_fsh(36,2)    -0.202376  4.08002e-05
sel_devs_fsh(36,3)    -0.427219 -2.93885e-05
sel_devs_fsh(36,4)     -0.25277  9.55343e-05
sel_devs_fsh(36,5)     0.236841   6.1055e-05
sel_devs_fsh(36,6)     0.547174  -3.9027e-05
sel_devs_fsh(36,7)     0.125622  8.07622e-05
sel_devs_fsh(36,8)    -0.108345 -6.52575e-05
sel_devs_fsh(36,9)    0.0143689 -4.40106e-05
sel_devs_fsh(36,10)     0.082148  0.000444688
sel_devs_fsh(36,11)    0.0928079 -0.000538544
sel_devs_fsh(36,12)   -0.0580894  4.33926e-05
sel_devs_fsh(37,1)   -0.0817916  3.58164e-05
sel_devs_fsh(37,2)     0.186693  -2.2299e-06
sel_devs_fsh(37,3)    0.0808106 -1.74061e-05
sel_devs_fsh(37,4)    0.0257415  7.55978e-05
sel_devs_fsh(37,5)    -0.167608  8.00256e-05
sel_devs_fsh(37,6)    0.0380179  2.98668e-05
sel_devs_fsh(37,7)    0.0105299  6.92395e-05
sel_devs_fsh(37,8)    0.0311385 -5.12827e-05
sel_devs_fsh(37,9)    0.0232481 -7.95931e-05
sel_devs_fsh(37,10)   -0.0265917  0.000474299
sel_devs_fsh(37,11)   -0.0586912  -0.00054613
sel_devs_fsh(37,12)   -0.0614943 -2.10781e-05
sel_devs_fsh(38,1)   -0.0856963  1.81599e-05
sel_devs_fsh(38,2)    -0.317298 -2.64037e-05
sel_devs_fsh(38,3)     0.715432 -5.03936e-05
sel_devs_fsh(38,4)   -0.0548737  7.63935e-05
sel_devs_fsh(38,5)    0.0863026   8.6933e-05
sel_devs_fsh(38,6)    -0.103216 -1.87282e-05
sel_devs_fsh(38,7)    0.0388912  5.18043e-05
sel_devs_fsh(38,8)   -0.0283462 -4.73328e-05
sel_devs_fsh(38,9)   -0.0414665 -6.93283e-05
sel_devs_fsh(38,10)   -0.0516257  0.000503091
sel_devs_fsh(38,11)    -0.104406 -0.000518763
sel_devs_fsh(38,12)   -0.0536965  1.17216e-05
sel_devs_fsh(39,1)   -0.0461709 -4.26694e-06
sel_devs_fsh(39,2)    -0.131796 -5.41372e-06
sel_devs_fsh(39,3)    -0.647677 -6.14218e-05
sel_devs_fsh(39,4)      0.77017  6.86932e-05
sel_devs_fsh(39,5)    0.0389999  9.23612e-05
sel_devs_fsh(39,6)   -0.0616109  4.31716e-05
sel_devs_fsh(39,7)    0.0656957  8.51311e-05
sel_devs_fsh(39,8)    0.0207339 -9.55444e-05
sel_devs_fsh(39,9)   0.00196611 -0.000112134
sel_devs_fsh(39,10)  -0.00343148  0.000488588
sel_devs_fsh(39,11)    0.0242306 -0.000569069
sel_devs_fsh(39,12)    -0.031116 -1.71269e-05
sel_devs_fsh(40,1)    -0.073241  3.70505e-05
sel_devs_fsh(40,2)    0.0814111 -1.35735e-05
sel_devs_fsh(40,3)    0.0236813  4.89496e-05
sel_devs_fsh(40,4)    -0.323502  8.88489e-05
sel_devs_fsh(40,5)     0.451075  0.000139989
sel_devs_fsh(40,6)     0.254649 -2.99064e-06
sel_devs_fsh(40,7)    -0.071202  8.44333e-05
sel_devs_fsh(40,8)    -0.112578 -0.000175462
sel_devs_fsh(40,9)   -0.0662658 -8.41068e-05
sel_devs_fsh(40,10)   -0.0323333  0.000496412
sel_devs_fsh(40,11)   -0.0455923 -0.000578042
sel_devs_fsh(40,12)   -0.0860973  4.40578e-05
sel_devs_fsh(41,1)    -0.094434  1.16014e-05
sel_devs_fsh(41,2)     0.102678 -1.91523e-05
sel_devs_fsh(41,3)     0.555746 -5.92807e-05
sel_devs_fsh(41,4)   -0.0535788  0.000123375
sel_devs_fsh(41,5)    -0.309993  0.000147196
sel_devs_fsh(41,6)   -0.0702965 -4.85832e-06
sel_devs_fsh(41,7)   -0.0585025  8.90941e-05
sel_devs_fsh(41,8)    -0.013152 -0.000129953
sel_devs_fsh(41,9)   -0.0465897 -6.75175e-05
sel_devs_fsh(41,10)    -0.034432   0.00045334
sel_devs_fsh(41,11)  -0.00113263 -0.000587011
sel_devs_fsh(41,12)    0.0236879  5.14049e-05
sel_devs_fsh(42,1)   -0.0524333 -2.38206e-05
sel_devs_fsh(42,2)    0.0452883 -5.55524e-06
sel_devs_fsh(42,3)   -0.0733629 -6.43484e-05
sel_devs_fsh(42,4)  0.000360373  0.000105895
sel_devs_fsh(42,5)  -0.00984995  0.000149595
sel_devs_fsh(42,6)    0.0154583  -5.8595e-05
sel_devs_fsh(42,7)     0.002187  4.44254e-05
sel_devs_fsh(42,8)    -0.061058 -0.000123207
sel_devs_fsh(42,9)   -0.0209381 -1.65239e-05
sel_devs_fsh(42,10)    0.0156699  0.000475588
sel_devs_fsh(42,11)    0.0531844  -0.00054746
sel_devs_fsh(42,12)    0.0854954  8.40652e-05
sel_devs_fsh(43,1)  0.000398674  2.27633e-05
sel_devs_fsh(43,2)   -0.0363697  2.81099e-05
sel_devs_fsh(43,3)    -0.550189  1.13915e-05
sel_devs_fsh(43,4)     -0.16922  7.44074e-05
sel_devs_fsh(43,5)   -0.0995631  0.000200667
sel_devs_fsh(43,6)    0.0864961  9.84938e-06
sel_devs_fsh(43,7)     0.082219   2.6937e-05
sel_devs_fsh(43,8)     0.108954 -8.54759e-05
sel_devs_fsh(43,9)     0.129415 -8.91639e-05
sel_devs_fsh(43,10)    0.0543796  0.000423741
sel_devs_fsh(43,11)     0.198431 -0.000707798
sel_devs_fsh(43,12)     0.195045  3.34213e-05
sel_devs_fsh(44,1)   -0.0335549 -7.75609e-06
sel_devs_fsh(44,2)    -0.321858 -2.85462e-06
sel_devs_fsh(44,3)     0.234122 -2.82452e-05
sel_devs_fsh(44,4)     0.013035  0.000113003
sel_devs_fsh(44,5)    -0.191364  0.000150907
sel_devs_fsh(44,6)    -0.127595 -1.82638e-05
sel_devs_fsh(44,7)   -0.0268459 -3.04616e-05
sel_devs_fsh(44,8)  0.000412241 -7.97608e-05
sel_devs_fsh(44,9)   -0.0126676 -7.74014e-05
sel_devs_fsh(44,10)     0.172738  0.000423625
sel_devs_fsh(44,11)     0.162197 -0.000555895
sel_devs_fsh(44,12)     0.131382  0.000122668
sel_devs_fsh(45,1)  -0.00364485  3.94376e-05
sel_devs_fsh(45,2)    0.0610716  1.92333e-06
sel_devs_fsh(45,3)    -0.547474  2.78726e-05
sel_devs_fsh(45,4)     0.487621   6.6076e-05
sel_devs_fsh(45,5)     0.139887  0.000207666
sel_devs_fsh(45,6)       -0.285 -1.18042e-05
sel_devs_fsh(45,7)    -0.107576  -3.6361e-05
sel_devs_fsh(45,8)     0.112908 -5.85712e-05
sel_devs_fsh(45,9)     0.115015 -6.21955e-05
sel_devs_fsh(45,10)   0.00430247  0.000402753
sel_devs_fsh(45,11)   -0.0551502 -0.000588423
sel_devs_fsh(45,12)    0.0780469  0.000111819
sel_devs_fsh(46,1)  -0.00698041 -6.68066e-06
sel_devs_fsh(46,2)    -0.127544 -8.87582e-06
sel_devs_fsh(46,3)    -0.005391  1.49776e-05
sel_devs_fsh(46,4)    -0.989836    6.085e-05
sel_devs_fsh(46,5)       0.4783  7.95025e-05
sel_devs_fsh(46,6)     0.346117  2.37526e-05
sel_devs_fsh(46,7)     0.110028 -1.28531e-06
sel_devs_fsh(46,8)  -0.00385058 -7.76912e-05
sel_devs_fsh(46,9)    0.0530713 -2.60126e-05
sel_devs_fsh(46,10)     0.142628  0.000418563
sel_devs_fsh(46,11)    0.0506709 -0.000645881
sel_devs_fsh(46,12)   -0.0472143  0.000140791
sel_devs_fsh(47,1)   -0.0241274  4.83133e-05
sel_devs_fsh(47,2)       0.1632 -5.25237e-05
sel_devs_fsh(47,3)    0.0801995 -1.99755e-05
sel_devs_fsh(47,4)     0.552873   0.00010653
sel_devs_fsh(47,5)    -0.989307  7.52406e-06
sel_devs_fsh(47,6)    0.0469333   1.2963e-05
sel_devs_fsh(47,7)    0.0386044  2.50326e-06
sel_devs_fsh(47,8)    0.0515051 -3.21813e-05
sel_devs_fsh(47,9)    0.0150614  -6.0586e-05
sel_devs_fsh(47,10)   -0.0481516  0.000362731
sel_devs_fsh(47,11)    0.0317051 -0.000624649
sel_devs_fsh(47,12)    0.0814965  0.000116815
sel_devs_fsh(48,1)    0.0115564  -1.3643e-05
sel_devs_fsh(48,2)    -0.224379  5.66727e-05
sel_devs_fsh(48,3)   -0.0253871  2.67689e-06
sel_devs_fsh(48,4)    -0.259357  5.43545e-05
sel_devs_fsh(48,5)     0.437782 -6.47633e-06
sel_devs_fsh(48,6)    -0.511132  2.25549e-07
sel_devs_fsh(48,7)   -0.0635563  5.70163e-05
sel_devs_fsh(48,8)    0.0704294 -6.96792e-05
sel_devs_fsh(48,9)     0.147796  3.60518e-05
sel_devs_fsh(48,10)     0.185755  0.000399758
sel_devs_fsh(48,11)     0.139974 -0.000588952
sel_devs_fsh(48,12)     0.090525  0.000140928
sel_devs_fsh(49,1)   -0.0141108  1.31478e-05
sel_devs_fsh(49,2)     0.124383  3.20667e-05
sel_devs_fsh(49,3)   -0.0412808  5.04917e-06
sel_devs_fsh(49,4)    -0.200935  4.33317e-05
sel_devs_fsh(49,5)    -0.254418  9.66638e-06
sel_devs_fsh(49,6)     0.198468 -1.39849e-05
sel_devs_fsh(49,7)     0.226451  2.03724e-05
sel_devs_fsh(49,8)   -0.0337656 -0.000111975
sel_devs_fsh(49,9)   -0.0793181  7.80482e-07
sel_devs_fsh(49,10)    0.0430101  0.000395458
sel_devs_fsh(49,11)    0.0153839   -0.0006016
sel_devs_fsh(49,12)    0.0161308  0.000191494
sel_devs_fsh(50,1)  -0.00762412  3.51476e-05
sel_devs_fsh(50,2)    -0.523864  2.57059e-05
sel_devs_fsh(50,3)      1.04872  -3.4323e-05
sel_devs_fsh(50,4)     0.215074  4.83692e-05
sel_devs_fsh(50,5)     -0.22701  9.06352e-05
sel_devs_fsh(50,6)     -0.25824 -6.22463e-05
sel_devs_fsh(50,7)    -0.248317  4.43762e-05
sel_devs_fsh(50,8)   -0.0112967 -1.10205e-05
sel_devs_fsh(50,9)  -0.00486624 -1.16705e-05
sel_devs_fsh(50,10)  -0.00278903  0.000341592
sel_devs_fsh(50,11)    0.0093276 -0.000596739
sel_devs_fsh(50,12)    0.0108856  9.74957e-05
sel_devs_fsh(51,1)    0.0649596  4.22758e-06
sel_devs_fsh(51,2)   -0.0969141  2.67774e-05
sel_devs_fsh(51,3)     -1.44323 -3.66959e-05
sel_devs_fsh(51,4)      1.05767  1.09105e-05
sel_devs_fsh(51,5)     0.355215  2.48486e-05
sel_devs_fsh(51,6)    0.0158086 -6.31739e-05
sel_devs_fsh(51,7)    -0.239383  7.10971e-05
sel_devs_fsh(51,8)      0.16759 -1.77251e-05
sel_devs_fsh(51,9)     0.119248  4.84345e-05
sel_devs_fsh(51,10)   0.00225397  0.000368018
sel_devs_fsh(51,11)   0.00380958 -0.000524169
sel_devs_fsh(51,12)  -0.00703006  9.99676e-05
sel_devs_fsh(52,1)    0.0520081  1.35993e-05
sel_devs_fsh(52,2)      0.16399   3.6473e-05
sel_devs_fsh(52,3)    -0.250681 -1.06255e-05
sel_devs_fsh(52,4)     -1.08755  3.30669e-05
sel_devs_fsh(52,5)     0.609342 -1.66043e-05
sel_devs_fsh(52,6)     0.408001 -7.13565e-05
sel_devs_fsh(52,7)     0.200851  7.22634e-05
sel_devs_fsh(52,8)    -0.296246 -6.05073e-05
sel_devs_fsh(52,9)     0.118465  5.87085e-05
sel_devs_fsh(52,10)    0.0581094  0.000376624
sel_devs_fsh(52,11)     0.018307 -0.000524208
sel_devs_fsh(52,12)   0.00540114  9.60702e-05
sel_devs_fsh(53,1)    0.0198332  3.40343e-05
sel_devs_fsh(53,2)     0.197464  1.58675e-05
sel_devs_fsh(53,3)     0.127667 -1.06104e-05
sel_devs_fsh(53,4)    -0.508091 -1.56391e-05
sel_devs_fsh(53,5)    0.0898243 -6.75392e-06
sel_devs_fsh(53,6)      0.21472 -5.66557e-05
sel_devs_fsh(53,7)     0.151149  4.15531e-05
sel_devs_fsh(53,8)     0.123551 -7.51103e-05
sel_devs_fsh(53,9)    -0.265396   0.00014892
sel_devs_fsh(53,10)   -0.0768902  0.000436178
sel_devs_fsh(53,11)   -0.0481051 -0.000619305
sel_devs_fsh(53,12)    -0.025725  0.000129131
sel_devs_fsh(54,1)    0.0723933   2.4662e-06
sel_devs_fsh(54,2)     0.756492  1.05768e-05
sel_devs_fsh(54,3)     0.216047  1.00058e-08
sel_devs_fsh(54,4)    -0.526172  2.50071e-05
sel_devs_fsh(54,5)     -1.35311 -1.43213e-05
sel_devs_fsh(54,6)    0.0845476 -5.33279e-05
sel_devs_fsh(54,7)     0.509524  7.04981e-06
sel_devs_fsh(54,8)     0.280215 -6.96197e-05
sel_devs_fsh(54,9)      0.15078  3.31945e-05
sel_devs_fsh(54,10)   0.00625516  0.000512148
sel_devs_fsh(54,11)   -0.0873099 -0.000619186
sel_devs_fsh(54,12)    -0.109664  0.000141997
sel_devs_fsh(55,1)        0.157   1.6757e-06
sel_devs_fsh(55,2)     0.847008  3.24303e-05
sel_devs_fsh(55,3)     0.574265 -1.63669e-05
sel_devs_fsh(55,4)     0.783359  8.42686e-06
sel_devs_fsh(55,5)     0.343347  2.60035e-05
sel_devs_fsh(55,6)     -0.49604 -5.56202e-05
sel_devs_fsh(55,7)    -0.635686 -6.84489e-05
sel_devs_fsh(55,8)    -0.612236 -6.40066e-05
sel_devs_fsh(55,9)    -0.296259  3.69013e-05
sel_devs_fsh(55,10)    -0.272645   0.00055017
sel_devs_fsh(55,11)    -0.189424 -0.000647942
sel_devs_fsh(55,12)     -0.20269  0.000205593
sel_devs_fsh(56,1)   -0.0110383  3.34829e-05
sel_devs_fsh(56,2)     0.571802  3.26336e-05
sel_devs_fsh(56,3)     0.692631 -2.02295e-06
sel_devs_fsh(56,4)    -0.329426  5.46294e-05
sel_devs_fsh(56,5)    -0.093302  7.44655e-05
sel_devs_fsh(56,6)    -0.468082 -2.87455e-05
sel_devs_fsh(56,7)    -0.144164 -1.77076e-05
sel_devs_fsh(56,8)     0.147845 -1.73738e-05
sel_devs_fsh(56,9)    -0.140324  4.40628e-05
sel_devs_fsh(56,10)    -0.119898  0.000507964
sel_devs_fsh(56,11)   -0.0624848  -0.00070687
sel_devs_fsh(56,12)   -0.0435442  0.000239538
sel_devs_fsh(57,1)    0.0145367  2.34693e-05
sel_devs_fsh(57,2)     0.223994   1.6451e-05
sel_devs_fsh(57,3)    -0.155996 -1.42535e-05
sel_devs_fsh(57,4)     0.375063 -3.88281e-05
sel_devs_fsh(57,5)   -0.0522695   5.7371e-05
sel_devs_fsh(57,6)   -0.0207402 -3.62034e-05
sel_devs_fsh(57,7)    -0.108514  3.02273e-05
sel_devs_fsh(57,8)   -0.0137267 -6.54308e-05
sel_devs_fsh(57,9)   -0.0669163 -8.45085e-06
sel_devs_fsh(57,10)    -0.229783  0.000534806
sel_devs_fsh(57,11)    0.0165772 -0.000686645
sel_devs_fsh(57,12)    0.0177748  0.000187322
sel_devs_fsh(58,1)    0.0189732 -2.38594e-05
sel_devs_fsh(58,2)    -0.320513  4.19653e-05
sel_devs_fsh(58,3)   -0.0214216  2.43026e-05
sel_devs_fsh(58,4)     0.177061  2.82104e-05
sel_devs_fsh(58,5)     0.306062    2.548e-05
sel_devs_fsh(58,6)     0.178894 -5.52997e-05
sel_devs_fsh(58,7)    -0.342971 -2.89446e-05
sel_devs_fsh(58,8)   -0.0913497 -4.17644e-05
sel_devs_fsh(58,9)    0.0303498 -2.11641e-05
sel_devs_fsh(58,10)    0.0653824  0.000501601
sel_devs_fsh(58,11)   -0.0174378 -0.000723206
sel_devs_fsh(58,12)    0.0169678  0.000228493
sel_devs_fsh(59,1)  2.31146e-06 -1.93039e-05
sel_devs_fsh(59,2)   0.00429442 -1.84491e-05
sel_devs_fsh(59,3)   0.00440484  2.78206e-05
sel_devs_fsh(59,4)    0.0800977 -1.30966e-05
sel_devs_fsh(59,5)    0.0231844 -1.33623e-05
sel_devs_fsh(59,6)     -0.05495 -5.26207e-05
sel_devs_fsh(59,7)   0.00015754  1.11887e-05
sel_devs_fsh(59,8)   -0.0449757 -6.43267e-05
sel_devs_fsh(59,9)   -0.0443515 -3.33227e-06
sel_devs_fsh(59,10)   -0.0141616  0.000499211
sel_devs_fsh(59,11)   0.00138442 -0.000550072
sel_devs_fsh(59,12)     0.044913  0.000194694
sel_devs_ats(1,2)     0.351556 -8.48363e-06
sel_devs_ats(1,3)     0.355654 -7.32125e-05
sel_devs_ats(1,4)     0.335609 -9.36324e-06
sel_devs_ats(1,5)     0.334925 -3.64528e-05
sel_devs_ats(1,6)     0.350411 -2.37451e-05
sel_devs_ats(1,7)     0.354393  6.52076e-05
sel_devs_ats(1,8)     0.348938 -3.52023e-06
sel_devs_ats(2,2)     0.392334 -2.10824e-05
sel_devs_ats(2,3)     0.389042 -3.75839e-05
sel_devs_ats(2,4)     0.388612 -8.06607e-06
sel_devs_ats(2,5)     0.388005 -1.57184e-05
sel_devs_ats(2,6)     0.390161 -1.50146e-05
sel_devs_ats(2,7)     0.393409   4.7088e-05
sel_devs_ats(2,8)     0.396355  1.84068e-05
sel_devs_ats(3,2)     0.462065 -1.37627e-05
sel_devs_ats(3,3)     0.456291  1.05943e-05
sel_devs_ats(3,4)     0.423457 -5.45142e-06
sel_devs_ats(3,5)     0.440378  2.71043e-05
sel_devs_ats(3,6)     0.433369  2.41541e-05
sel_devs_ats(3,7)     0.439868   6.6858e-05
sel_devs_ats(3,8)     0.428777 -1.72762e-05
sel_devs_ats(4,2)     0.443138 -3.80155e-05
sel_devs_ats(4,3)     0.515121 -2.17216e-05
sel_devs_ats(4,4)      0.50461 -7.31799e-05
sel_devs_ats(4,5)      0.46688  -2.2186e-05
sel_devs_ats(4,6)     0.475682  1.98356e-05
sel_devs_ats(4,7)     0.487072  1.06048e-06
sel_devs_ats(4,8)     0.464069  5.78195e-05
sel_devs_ats(5,2)     0.470923 -3.06481e-05
sel_devs_ats(5,3)     0.547497  1.44897e-06
sel_devs_ats(5,4)     0.540415 -4.61826e-05
sel_devs_ats(5,5)     0.507025  1.16634e-05
sel_devs_ats(5,6)     0.500895  3.65095e-05
sel_devs_ats(5,7)     0.522339  1.37157e-06
sel_devs_ats(5,8)     0.499386  0.000122549
sel_devs_ats(6,2)     0.507975  1.25928e-05
sel_devs_ats(6,3)     0.530206 -1.66139e-05
sel_devs_ats(6,4)     0.575153  -9.4863e-06
sel_devs_ats(6,5)     0.536634  5.34622e-06
sel_devs_ats(6,6)     0.546765  4.77099e-05
sel_devs_ats(6,7)     0.519286 -2.25403e-06
sel_devs_ats(6,8)      0.53192 -2.54438e-05
sel_devs_ats(7,2)     0.573102 -2.94481e-05
sel_devs_ats(7,3)     0.569008 -4.02346e-05
sel_devs_ats(7,4)     0.554456 -4.73785e-06
sel_devs_ats(7,5)     0.574723 -1.79334e-05
sel_devs_ats(7,6)     0.573726  2.66429e-05
sel_devs_ats(7,7)     0.559227 -4.51883e-05
sel_devs_ats(7,8)     0.548683  3.99571e-05
sel_devs_ats(8,2)     0.573585 -2.27799e-05
sel_devs_ats(8,3)     0.591078 -1.31093e-05
sel_devs_ats(8,4)     0.580792 -4.48929e-06
sel_devs_ats(8,5)     0.587502 -1.79041e-05
sel_devs_ats(8,6)     0.586338  3.68004e-05
sel_devs_ats(8,7)     0.577098 -4.15253e-05
sel_devs_ats(8,8)     0.566497  5.93483e-05
sel_devs_ats(9,2)     0.538809 -1.75696e-05
sel_devs_ats(9,3)     0.535579 -2.10952e-05
sel_devs_ats(9,4)      0.60519 -9.42071e-06
sel_devs_ats(9,5)     0.619164 -1.30034e-06
sel_devs_ats(9,6)     0.604576  1.13313e-06
sel_devs_ats(9,7)     0.590758  -6.8145e-05
sel_devs_ats(9,8)       0.5879  0.000121297
sel_devs_ats(10,2)     0.530999 -4.14735e-07
sel_devs_ats(10,3)      0.54467 -4.33409e-06
sel_devs_ats(10,4)     0.628803  2.61632e-05
sel_devs_ats(10,5)     0.626863  2.86183e-05
sel_devs_ats(10,6)     0.609491 -1.69173e-06
sel_devs_ats(10,7)     0.600235 -1.33517e-05
sel_devs_ats(10,8)     0.598077 -4.16683e-05
sel_devs_ats(11,2)     0.628724  3.98516e-05
sel_devs_ats(11,3)     0.596835  7.88215e-06
sel_devs_ats(11,4)     0.535019  5.14675e-06
sel_devs_ats(11,5)      0.56303  4.85531e-05
sel_devs_ats(11,6)     0.590074   7.5883e-06
sel_devs_ats(11,7)     0.597702  3.91916e-06
sel_devs_ats(11,8)      0.60313 -3.02707e-05
sel_devs_ats(12,2)     0.605756 -9.29551e-06
sel_devs_ats(12,3)     0.584774   9.3335e-06
sel_devs_ats(12,4)     0.542222 -4.89998e-05
sel_devs_ats(12,5)     0.555405 -3.88797e-06
sel_devs_ats(12,6)     0.578932 -4.31213e-05
sel_devs_ats(12,7)      0.58916 -1.82397e-05
sel_devs_ats(12,8)     0.596459 -8.64676e-07
sel_devs_ats(13,2)     0.613356 -6.40687e-06
sel_devs_ats(13,3)      0.59745  1.03086e-05
sel_devs_ats(13,4)       0.5673 -3.34298e-05
sel_devs_ats(13,5)      0.58347 -1.52358e-05
sel_devs_ats(13,6)     0.589533 -2.74972e-05
sel_devs_ats(13,7)     0.574545 -1.22781e-05
sel_devs_ats(13,8)     0.576897 -4.73457e-05
sel_devs_ats(14,2)     0.630295  2.72544e-05
sel_devs_ats(14,3)     0.592247    2.703e-05
sel_devs_ats(14,4)     0.543481  2.86445e-06
sel_devs_ats(14,5)     0.538271 -1.58112e-05
sel_devs_ats(14,6)     0.550059  -1.2452e-05
sel_devs_ats(14,7)     0.559735   3.1836e-05
sel_devs_ats(14,8)     0.570091  8.59268e-05
sel_devs_ats(15,2)     0.585528  3.08411e-05
sel_devs_ats(15,3)     0.578793  1.65303e-05
sel_devs_ats(15,4)     0.545913  3.76749e-05
sel_devs_ats(15,5)     0.546588  -2.0496e-05
sel_devs_ats(15,6)     0.557291 -2.72131e-05
sel_devs_ats(15,7)     0.564236   2.0425e-05
sel_devs_ats(15,8)     0.555943  -5.0424e-05
sel_devs_ats(16,2)     0.577139  1.29344e-05
sel_devs_ats(16,3)     0.547326  5.86533e-06
sel_devs_ats(16,4)     0.568883  2.68939e-05
sel_devs_ats(16,5)     0.536998 -3.23649e-05
sel_devs_ats(16,6)     0.539873 -4.15744e-05
sel_devs_ats(16,7)     0.542361  1.27641e-06
sel_devs_ats(16,8)     0.524856  4.60244e-05
sel_devs_ats(17,2)     0.548087 -1.01541e-05
sel_devs_ats(17,3)     0.530121  3.75047e-05
sel_devs_ats(17,4)     0.514291  4.08771e-05
sel_devs_ats(17,5)     0.522521 -1.25208e-05
sel_devs_ats(17,6)     0.527363 -4.06837e-05
sel_devs_ats(17,7)     0.526537  2.39202e-05
sel_devs_ats(17,8)     0.506802  5.80633e-05
sel_devs_ats(18,2)     0.542038 -3.78316e-05
sel_devs_ats(18,3)     0.511867   1.7847e-05
sel_devs_ats(18,4)     0.498637 -2.12147e-05
sel_devs_ats(18,5)     0.506777 -5.17334e-05
sel_devs_ats(18,6)     0.514629 -3.57075e-05
sel_devs_ats(18,7)     0.512677  9.87396e-07
sel_devs_ats(18,8)     0.490379 -4.09143e-05
sel_devs_ats(19,2)     0.514492 -8.55676e-06
sel_devs_ats(19,3)     0.527641 -1.28996e-06
sel_devs_ats(19,4)     0.542974  6.10086e-06
sel_devs_ats(19,5)     0.533728 -3.46516e-05
sel_devs_ats(19,6)     0.533782 -2.00028e-05
sel_devs_ats(19,7)     0.513287  2.61975e-05
sel_devs_ats(19,8)     0.470988  -2.7806e-05
sel_devs_ats(20,2)     0.527172  2.41962e-05
sel_devs_ats(20,3)     0.514677  4.39757e-05
sel_devs_ats(20,4)      0.54243  3.44196e-05
sel_devs_ats(20,5)     0.528367 -2.74741e-05
sel_devs_ats(20,6)     0.536535  2.58083e-05
sel_devs_ats(20,7)     0.519827  5.47348e-05
sel_devs_ats(20,8)     0.468276  6.67617e-06
sel_devs_ats(21,2)     0.439959 -6.49347e-06
sel_devs_ats(21,3)     0.558311  1.30757e-05
sel_devs_ats(21,4)      0.57624 -1.06023e-05
sel_devs_ats(21,5)     0.549039 -4.09971e-05
sel_devs_ats(21,6)      0.51386  2.27981e-05
sel_devs_ats(21,7)      0.51232  -6.7264e-06
sel_devs_ats(21,8)     0.500779   4.2956e-05
sel_devs_ats(22,2)     0.428608 -1.25259e-05
sel_devs_ats(22,3)     0.515184  1.37948e-05
sel_devs_ats(22,4)     0.591107 -2.43265e-05
sel_devs_ats(22,5)     0.536785 -3.25511e-05
sel_devs_ats(22,6)     0.508596  1.07777e-05
sel_devs_ats(22,7)     0.506538 -1.09462e-05
sel_devs_ats(22,8)     0.539066    2.344e-05
sel_devs_ats(23,2)     0.541715  1.28051e-05
sel_devs_ats(23,3)     0.486053 -3.06348e-05
sel_devs_ats(23,4)      0.42742  8.47338e-06
sel_devs_ats(23,5)     0.516365 -9.27085e-06
sel_devs_ats(23,6)     0.534049 -2.10475e-05
sel_devs_ats(23,7)     0.532834  9.70292e-07
sel_devs_ats(23,8)     0.560131  1.73552e-05
sel_devs_ats(24,2)     0.538826  2.03319e-05
sel_devs_ats(24,3)     0.501949 -2.91164e-05
sel_devs_ats(24,4)     0.467087  1.33628e-05
sel_devs_ats(24,5)     0.538208  4.74569e-06
sel_devs_ats(24,6)     0.545267 -4.08089e-05
sel_devs_ats(24,7)      0.54803  4.13791e-05
sel_devs_ats(24,8)     0.564109 -0.000106548
sel_devs_ats(25,2)     0.544182 -1.00345e-05
sel_devs_ats(25,3)     0.554289 -1.64168e-05
sel_devs_ats(25,4)     0.586219  1.11316e-05
sel_devs_ats(25,5)     0.562972  1.90019e-05
sel_devs_ats(25,6)     0.557734  -1.1929e-05
sel_devs_ats(25,7)      0.55314  4.62233e-05
sel_devs_ats(25,8)     0.560006 -5.43825e-05
sel_devs_ats(26,2)     0.553925  1.88427e-05
sel_devs_ats(26,3)     0.573493  3.34895e-06
sel_devs_ats(26,4)       0.6013  3.09655e-05
sel_devs_ats(26,5)     0.577418  6.33055e-05
sel_devs_ats(26,6)      0.56477  1.53916e-05
sel_devs_ats(26,7)     0.571023  4.29427e-05
sel_devs_ats(26,8)     0.580877 -7.31421e-05
sel_devs_ats(27,2)     0.568406  1.12451e-05
sel_devs_ats(27,3)     0.583081 -1.77992e-05
sel_devs_ats(27,4)     0.615695 -6.00862e-06
sel_devs_ats(27,5)     0.592634  6.30159e-05
sel_devs_ats(27,6)     0.580148 -3.30123e-05
sel_devs_ats(27,7)      0.58939  1.72249e-05
sel_devs_ats(27,8)     0.597179  1.59717e-05
sel_devs_ats(28,2)     0.568547 -2.85199e-05
sel_devs_ats(28,3)     0.578422 -3.52613e-05
sel_devs_ats(28,4)     0.637611 -2.08267e-06
sel_devs_ats(28,5)     0.603007  6.44401e-06
sel_devs_ats(28,6)     0.590574 -3.30481e-05
sel_devs_ats(28,7)     0.604459  2.13068e-05
sel_devs_ats(28,8)     0.610733 -4.18272e-05
sel_devs_ats(29,2)     0.622065 -1.47028e-05
sel_devs_ats(29,3)     0.613678  3.61901e-06
sel_devs_ats(29,4)     0.552337   2.1103e-05
sel_devs_ats(29,5)     0.587053  1.01217e-05
sel_devs_ats(29,6)     0.593802 -2.26358e-06
sel_devs_ats(29,7)     0.620177  2.86755e-05
sel_devs_ats(29,8)     0.621086  5.98067e-05
sel_devs_ats(30,2)     0.612555 -7.42494e-05
sel_devs_ats(30,3)     0.613313  2.10294e-05
sel_devs_ats(30,4)     0.566979 -8.91552e-06
sel_devs_ats(30,5)     0.596791 -2.56902e-06
sel_devs_ats(30,6)     0.587818 -2.49353e-05
sel_devs_ats(30,7)     0.631455 -2.67918e-05
sel_devs_ats(30,8)     0.622744  8.89816e-05
sel_coffs_fsh(1)     -4.21534   2.5073e-06
sel_coffs_fsh(2)     -2.26018 -6.40457e-07
sel_coffs_fsh(3)    -0.954438  3.30035e-06
sel_coffs_fsh(4)     0.344369  7.26105e-06
sel_coffs_fsh(5)     0.328657 -2.27894e-05
sel_coffs_fsh(6)     0.304184 -6.68894e-05
sel_coffs_fsh(7)     0.269162  7.04065e-05
sel_coffs_fsh(8)     0.234238 -2.53423e-05
sel_coffs_fsh(9)     0.204441 -2.94017e-05
sel_coffs_fsh(10)     0.181734  0.000134871
sel_coffs_fsh(11)      0.16425   3.7439e-05
sel_coffs_fsh(12)     0.150744  -0.00010691
sel_coffs_ats(2)    -0.181844 -1.72718e-06
sel_coffs_ats(3)    -0.172872 -2.22325e-06
sel_coffs_ats(4)   0.00771547 -2.22217e-06
sel_coffs_ats(5)      0.13878  1.45514e-08
sel_coffs_ats(6)      0.19711    2.445e-06
sel_coffs_ats(7)     0.312025  6.16464e-06
sel_coffs_ats(8)      0.46356  6.16099e-06
sel_slp_bts      0.95785 -1.45489e-05
sel_a50_bts      6.24516  1.10596e-05
sel_age_one_bts     -3.14665 -3.32866e-06
sel_slp_bts_dev(1982)    -0.758059 -4.15075e-05
sel_slp_bts_dev(1983)    -0.533801   1.3392e-05
sel_slp_bts_dev(1984)    -0.596464 -1.84076e-05
sel_slp_bts_dev(1985)    -0.669976 -9.32389e-07
sel_slp_bts_dev(1986)    -0.668336 -7.04077e-06
sel_slp_bts_dev(1987)    -0.611987 -2.52288e-05
sel_slp_bts_dev(1988)    -0.347256 -1.35774e-05
sel_slp_bts_dev(1989)    -0.241512  7.30165e-06
sel_slp_bts_dev(1990)     0.203663 -2.57148e-06
sel_slp_bts_dev(1991)      0.28539 -1.06774e-05
sel_slp_bts_dev(1992)     0.342461  4.96964e-05
sel_slp_bts_dev(1993)     0.409837  1.67009e-05
sel_slp_bts_dev(1994)       0.2077 -1.18902e-05
sel_slp_bts_dev(1995)    0.0503629 -4.56287e-05
sel_slp_bts_dev(1996)    -0.232514  2.60534e-05
sel_slp_bts_dev(1997)    -0.291959 -1.39569e-05
sel_slp_bts_dev(1998)     -0.44755  4.99981e-06
sel_slp_bts_dev(1999)    -0.373429  1.28019e-05
sel_slp_bts_dev(2000)    -0.212835 -9.43803e-06
sel_slp_bts_dev(2001)    -0.244524  9.00393e-08
sel_slp_bts_dev(2002)  -0.00780626 -1.63927e-06
sel_slp_bts_dev(2003)     0.093666  1.22093e-05
sel_slp_bts_dev(2004)    0.0341427 -2.75762e-05
sel_slp_bts_dev(2005)     0.119215  5.59802e-05
sel_slp_bts_dev(2006)    -0.106879 -6.16505e-05
sel_slp_bts_dev(2007)     0.251508  4.69781e-05
sel_slp_bts_dev(2008)     0.307824 -2.62904e-05
sel_slp_bts_dev(2009)     0.161081  4.09221e-06
sel_slp_bts_dev(2010)     0.466261 -4.06945e-05
sel_slp_bts_dev(2011)     0.425544  -1.8821e-05
sel_slp_bts_dev(2012)     0.308438  1.98862e-05
sel_slp_bts_dev(2013)     0.231651  8.27958e-05
sel_slp_bts_dev(2014)      0.75234  1.92188e-05
sel_slp_bts_dev(2015)      0.78232 -3.84916e-05
sel_slp_bts_dev(2016)     0.406283 -1.73254e-05
sel_slp_bts_dev(2017)     0.245595 -1.49998e-05
sel_slp_bts_dev(2018)     -0.21416 -2.08282e-05
sel_slp_bts_dev(2019)     0.212195  5.12694e-05
sel_slp_bts_dev(2020)     0.123251 -2.43147e-05
sel_slp_bts_dev(2021)    0.0476824  1.25437e-05
sel_slp_bts_dev(2022)    0.0861933 -2.37122e-05
sel_slp_bts_dev(2023)    -0.147404  4.40929e-05
sel_slp_bts_dev(2024)      0.15185 -9.71735e-06
sel_a50_bts_dev(1982)     0.125136 -6.18206e-05
sel_a50_bts_dev(1983)    0.0326803  3.04846e-05
sel_a50_bts_dev(1984)      0.16725 -8.29276e-05
sel_a50_bts_dev(1985)     0.220119 -3.52977e-05
sel_a50_bts_dev(1986)     0.236902 -3.39169e-05
sel_a50_bts_dev(1987)     0.160464 -4.79884e-05
sel_a50_bts_dev(1988)   -0.0149412  3.17548e-05
sel_a50_bts_dev(1989)   -0.0607947  2.33811e-05
sel_a50_bts_dev(1990)    -0.183327  2.95314e-05
sel_a50_bts_dev(1991)    -0.193179  2.20175e-05
sel_a50_bts_dev(1992)     -0.22427  0.000147269
sel_a50_bts_dev(1993)    -0.225202    1.914e-06
sel_a50_bts_dev(1994)    -0.101496 -2.98899e-05
sel_a50_bts_dev(1995)    0.0145936  -9.4207e-05
sel_a50_bts_dev(1996)     0.181407 -2.54118e-07
sel_a50_bts_dev(1997)     0.203631  -3.2073e-05
sel_a50_bts_dev(1998)     0.281016  3.92605e-05
sel_a50_bts_dev(1999)     0.207398  3.75693e-05
sel_a50_bts_dev(2000)     0.115831  1.35006e-05
sel_a50_bts_dev(2001)     0.125423  6.25408e-05
sel_a50_bts_dev(2002)     0.042497 -0.000124608
sel_a50_bts_dev(2003)    0.0244486  4.34379e-05
sel_a50_bts_dev(2004)    0.0620788  4.17567e-05
sel_a50_bts_dev(2005)    0.0230649  3.82255e-05
sel_a50_bts_dev(2006)     0.124549   3.1224e-05
sel_a50_bts_dev(2007)   -0.0209945 -3.14319e-05
sel_a50_bts_dev(2008)   -0.0324794 -6.39888e-05
sel_a50_bts_dev(2009)    0.0142766 -1.63453e-05
sel_a50_bts_dev(2010)    -0.116911 -4.80003e-05
sel_a50_bts_dev(2011)   -0.0964599 -0.000117738
sel_a50_bts_dev(2012)   -0.0960306 -7.73435e-05
sel_a50_bts_dev(2013)    -0.111971  0.000418254
sel_a50_bts_dev(2014)    -0.307656 -9.92051e-05
sel_a50_bts_dev(2015)    -0.357138 -0.000101375
sel_a50_bts_dev(2016)    -0.199596 -2.32747e-05
sel_a50_bts_dev(2017)    -0.120618  0.000107321
sel_a50_bts_dev(2018)    0.0960505  -2.8013e-06
sel_a50_bts_dev(2019)   -0.0735687 -2.39197e-05
sel_a50_bts_dev(2020)   -0.0275418 -1.84318e-05
sel_a50_bts_dev(2021)    0.0166406  0.000118435
sel_a50_bts_dev(2022)   -0.0173286 -3.99878e-05
sel_a50_bts_dev(2023)     0.125688  0.000105829
sel_a50_bts_dev(2024)   -0.0196375 -7.81662e-05
sel_age_one_bts_dev(1982)  -0.00167449 -1.00616e-06
sel_age_one_bts_dev(1983)   -0.0210651 -3.54568e-06
sel_age_one_bts_dev(1984)   -0.0681313  3.85965e-05
sel_age_one_bts_dev(1985)    -0.166181 -1.16206e-05
sel_age_one_bts_dev(1986)    -0.244884  4.05972e-05
sel_age_one_bts_dev(1987)    -0.188995 -2.68542e-05
sel_age_one_bts_dev(1988)    -0.158684  -4.5921e-05
sel_age_one_bts_dev(1989)   -0.0877072  2.81838e-06
sel_age_one_bts_dev(1990)   -0.0430124 -1.17749e-05
sel_age_one_bts_dev(1991)    -0.105362 -8.98018e-06
sel_age_one_bts_dev(1992)   -0.0837773 -1.90234e-05
sel_age_one_bts_dev(1993)   -0.0612392  1.18642e-05
sel_age_one_bts_dev(1994)   -0.0854094  4.50623e-05
sel_age_one_bts_dev(1995)   -0.0916512 -4.31442e-08
sel_age_one_bts_dev(1996)   -0.0739618 -3.65732e-05
sel_age_one_bts_dev(1997)  -0.00154459 -1.07181e-05
sel_age_one_bts_dev(1998)    0.0556677 -3.02306e-05
sel_age_one_bts_dev(1999)     0.100305 -1.44337e-05
sel_age_one_bts_dev(2000)     0.135373  8.90622e-06
sel_age_one_bts_dev(2001)     0.104436 -1.39282e-05
sel_age_one_bts_dev(2002)    0.0986156  1.19263e-05
sel_age_one_bts_dev(2003)     0.129538  2.54548e-05
sel_age_one_bts_dev(2004)    0.0761042  2.16498e-05
sel_age_one_bts_dev(2005)     0.040511  5.51768e-06
sel_age_one_bts_dev(2006)    0.0251409  2.50505e-05
sel_age_one_bts_dev(2007)    0.0304734  1.80917e-05
sel_age_one_bts_dev(2008)     0.163192  3.09628e-05
sel_age_one_bts_dev(2009)     0.287519 -5.11699e-06
sel_age_one_bts_dev(2010)     0.229012  3.20773e-05
sel_age_one_bts_dev(2011)    0.0190979 -5.60528e-05
sel_age_one_bts_dev(2012)   0.00499564  3.51592e-05
sel_age_one_bts_dev(2013)    0.0767703 -7.93686e-06
sel_age_one_bts_dev(2014)    0.0488777  2.03575e-05
sel_age_one_bts_dev(2015)    -0.012921 -3.69849e-06
sel_age_one_bts_dev(2016)   -0.0585293 -3.29994e-07
sel_age_one_bts_dev(2017)    -0.067827 -3.75044e-05
sel_age_one_bts_dev(2018)  -0.00380652  -1.5528e-05
sel_age_one_bts_dev(2019)     0.148205  1.82685e-05
sel_age_one_bts_dev(2020)    0.0599502 -3.51235e-05
sel_age_one_bts_dev(2021)   -0.0283045  1.84437e-05
sel_age_one_bts_dev(2022)    -0.051123 -4.36917e-05
sel_age_one_bts_dev(2023)   -0.0661567  1.47681e-05
sel_age_one_bts_dev(2024)   -0.0618377 -2.95631e-05
rec_dev_future(2025)            0            0
rec_dev_future(2026)            0            0
rec_dev_future(2027)            0            0
rec_dev_future(2028)            0            0
rec_dev_future(2029)            0            0
L1      28.2781 -0.000689829
L2      46.0963 -9.03946e-05
log_K    -0.127712  0.000424322
d_scale(1,3)     0.524271 -8.03836e-06
d_scale(1,4)     0.704796 -9.93902e-06
d_scale(1,5)     0.765596 -4.85854e-05
d_scale(1,6)     0.829606  3.95203e-05
d_scale(1,7)     0.869714  1.55467e-05
d_scale(1,8)     0.932864  1.49335e-05
d_scale(1,9)     0.978332 -1.77685e-05
d_scale(1,10)     0.974084  1.61462e-05
d_scale(1,11)      0.99401  1.16264e-05
d_scale(1,12)      0.93309 -5.68709e-05
d_scale(1,13)     0.952799 -1.49388e-05
d_scale(1,14)     0.861008 -1.40307e-05
d_scale(1,15)       1.0025  5.55157e-06
coh_eff(1955)            0            0
coh_eff(1956)            0            0
coh_eff(1957)            0            0
coh_eff(1958)            0            0
coh_eff(1959)            0            0
coh_eff(1960)            0            0
coh_eff(1961)            0            0
coh_eff(1962)            0            0
coh_eff(1963)            0            0
coh_eff(1964)            0            0
coh_eff(1965)            0            0
coh_eff(1966)            0            0
coh_eff(1967)            0            0
coh_eff(1968)            0            0
coh_eff(1969)            0            0
coh_eff(1970)            0            0
coh_eff(1971)    -0.195729 -3.37563e-05
coh_eff(1972)     0.270195  3.22305e-05
coh_eff(1973)    0.0178848  1.10719e-05
coh_eff(1974)      0.50785  2.40717e-05
coh_eff(1975)    -0.424943   3.0409e-05
coh_eff(1976)     0.557308  2.72009e-05
coh_eff(1977)    -0.494052  -5.4443e-05
coh_eff(1978)     0.447588 -4.36526e-05
coh_eff(1979)    0.0390376   0.00010936
coh_eff(1980)    -0.116118 -1.25949e-05
coh_eff(1981)    -0.431926 -3.12331e-05
coh_eff(1982)    -0.590149  2.22954e-05
coh_eff(1983)     0.549419   5.6539e-05
coh_eff(1984)      0.64913  6.32986e-06
coh_eff(1985)      1.12421 -3.08612e-05
coh_eff(1986)   -0.0507818  6.07001e-05
coh_eff(1987)     0.605564 -4.40392e-05
coh_eff(1988)   -0.0270269  0.000115161
coh_eff(1989)     -1.01445  2.94216e-05
coh_eff(1990)    -0.880882  1.22746e-05
coh_eff(1991)     -0.97245 -4.08474e-05
coh_eff(1992)     0.848661  2.74276e-05
coh_eff(1993)      1.78563 -3.83716e-05
coh_eff(1994)      0.49999  7.33318e-05
coh_eff(1995)    -0.989847  5.33102e-05
coh_eff(1996)   -0.0785233  5.47266e-05
coh_eff(1997)      0.96475  9.71182e-06
coh_eff(1998)      0.46444  5.75026e-06
coh_eff(1999)     0.393606 -1.45994e-05
coh_eff(2000)   -0.0710533  -3.6888e-05
coh_eff(2001)     0.382438  1.74775e-05
coh_eff(2002)     0.875275  2.78058e-05
coh_eff(2003)       1.4554 -1.12421e-05
coh_eff(2004)     0.411144  7.95848e-06
coh_eff(2005)    -0.804029  0.000124618
coh_eff(2006)      -1.1225 -3.07671e-05
coh_eff(2007)    -0.453701  8.45423e-06
coh_eff(2008)     -1.67132  -6.6862e-05
coh_eff(2009)     -0.77524  5.11686e-05
coh_eff(2010)     -1.53855  1.69753e-05
coh_eff(2011)     -2.03472  8.53007e-05
coh_eff(2012)     -1.88594 -9.42691e-07
coh_eff(2013)     -1.15802  1.79129e-06
coh_eff(2014)     0.720735 -2.80093e-05
coh_eff(2015)     0.774458 -1.38442e-05
coh_eff(2016)    0.0191161 -7.86773e-05
coh_eff(2017)       0.3218  4.08858e-05
coh_eff(2018)     0.564118 -3.91742e-05
coh_eff(2019)      1.40881 -1.76982e-05
coh_eff(2020)     0.370853  2.47292e-05
coh_eff(2021)     0.189007 -8.35346e-05
coh_eff(2022)      1.11705  1.06256e-06
coh_eff(2023)      1.66502  5.23908e-05
coh_eff(2024)     0.353909 -3.94028e-05
coh_eff(2025)            0            0
coh_eff(2026)            0            0
yr_eff(1970)            0            0
yr_eff(1971)     0.182048 -1.12974e-05
yr_eff(1972)   -0.0368449  2.10833e-05
yr_eff(1973)     0.255811  -2.6469e-05
yr_eff(1974)     0.285239  3.95608e-05
yr_eff(1975)      1.41123  7.36532e-05
yr_eff(1976)     0.323891  2.94618e-05
yr_eff(1977)      1.80157  0.000204484
yr_eff(1978)     0.261991 -1.17385e-05
yr_eff(1979)     0.994114  -0.00023444
yr_eff(1980)      1.05417  0.000257942
yr_eff(1981)     0.686782  3.86317e-05
yr_eff(1982)   -0.0135145 -7.51252e-06
yr_eff(1983)     0.710122 -1.66238e-06
yr_eff(1984)    -0.714578  2.26429e-05
yr_eff(1985)   -0.0426541 -6.50664e-06
yr_eff(1986)     -1.56818 -8.61483e-06
yr_eff(1987)     -0.75008  3.17452e-05
yr_eff(1988)     -1.17332  -4.4449e-05
yr_eff(1989)    -0.904123 -1.10602e-05
yr_eff(1990)      0.29551  0.000150999
yr_eff(1991)    0.0313342  6.40304e-05
yr_eff(1992)    0.0445354  3.63049e-05
yr_eff(1993)     0.820972  5.66134e-06
yr_eff(1994)   -0.0655039 -5.89801e-05
yr_eff(1995)    -0.492022  3.83018e-05
yr_eff(1996)    -0.720847  2.15243e-06
yr_eff(1997)    -0.326736  8.25353e-05
yr_eff(1998)     -0.62396  5.95128e-05
yr_eff(1999)     -0.44726  0.000101626
yr_eff(2000)    -0.347642  2.09342e-05
yr_eff(2001)     0.433007  1.25081e-05
yr_eff(2002)   -0.0962548   1.5689e-05
yr_eff(2003)    -0.206935 -6.24109e-05
yr_eff(2004)    -0.437964  -1.7534e-05
yr_eff(2005)    -0.880863  6.46434e-05
yr_eff(2006)    -0.255304 -0.000129465
yr_eff(2007)     0.847882  1.96704e-05
yr_eff(2008)     0.262084 -6.83951e-05
yr_eff(2009)       1.3247  1.88678e-05
yr_eff(2010)     0.497071 -7.33915e-05
yr_eff(2011)     0.644254 -2.40059e-05
yr_eff(2012)    0.0107438  2.69392e-05
yr_eff(2013)     0.428681  7.91532e-06
yr_eff(2014)     0.558671 -3.06135e-05
yr_eff(2015)     -2.25876  1.23168e-05
yr_eff(2016)    -0.485373 -6.41827e-05
yr_eff(2017)    -0.209312 -5.08835e-05
yr_eff(2018)     -1.02216   9.6485e-05
yr_eff(2019)     0.652145 -3.59196e-05
yr_eff(2020)     -1.76719  5.92749e-05
yr_eff(2021)     -1.55096 -6.26445e-05
yr_eff(2022)    -0.242907 -6.18139e-05
yr_eff(2023)     -3.43126  -5.3877e-06
yr_eff(2024)     0.849624  3.45937e-06
yr_eff(2025)            0            0
yr_eff(2026)            0            0
yr_eff(2027)            0            0
yr_eff(2028)            0            0
yr_eff(2029)            0            0
