# Number of parameters = 1366 Objective function value = 6751.61189454115  Maximum gradient component = 4.95928546977939e-05
# log_avgrec:
9.79910278795
# log_avginit:
4.70405947894
# log_avg_F:
-1.26597155882
# natmort_phi:
0.00000000000
# log_q_bts:
0.00000000000
# log_q_std_area:
-0.600000000000
# bt_slope:
0.00000000000
# log_q_ats:
-0.527636713920
# log_Rzero:
10.0988266884
# steepness:
0.590047514152
# log_q_cpue:
0.225383805221
# log_q_avo:
-8.07488993154
# log_initdevs:
 3.37598016067 2.87435640740 1.31508933731 0.480512862114 1.14966136084 0.348416182595 -0.794091258939 -1.25357031271 -1.25007565800 -1.24790327856 -1.24677995070 -1.24868691517 -1.25046404879 -1.25244489010
# log_rec_devs:
 -1.06714492972 0.142106931105 -0.173556618309 0.370996615275 0.236522281784 0.408797766535 0.304471701779 -0.180655476718 -0.374452805328 0.480415380223 0.241884404932 0.191887642082 -0.0108937641963 0.138269384167 0.589879059076 1.37776433343 0.271671317400 0.528484899411 -0.141621706965 0.891061531160 -0.385498862817 0.465649489527 -0.506670985383 -0.988154749516 -1.20331074216 -0.438369988703 1.00188750717 0.326426370363 0.105348164747 0.858891425269 -0.184148665085 -0.582025069446 0.237190665518 0.560770717522 -0.195224345894 -0.137832990934 0.315998717410 0.645973121729 0.249509777417 -0.263983109162 -1.06493366565 -1.39814648544 -0.462199572851 0.237908328772 -0.525365825866 0.831407413477 0.132414454255 -0.341298589814 -0.522914160841 0.798982440502 0.924668867210 0.0612182920231 -1.05105571604 -1.11071828882 -0.284920801623 1.55836469326 -0.00976633617675 -0.676684582820 -0.771143902080 -0.362291384911 -0.0718396997962
# larv_rec_devs:
 0.00000000000 0.00000000000 0.00000000000 0.00000000000 0.00000000000 0.00000000000 0.00000000000 0.00000000000 0.00000000000 0.00000000000 0.00000000000
 0.00000000000 0.00000000000 0.00000000000 0.00000000000 0.00000000000 0.00000000000 0.00000000000 0.00000000000 0.00000000000 0.00000000000 0.00000000000
 0.00000000000 0.00000000000 0.00000000000 0.00000000000 0.00000000000 0.00000000000 0.00000000000 0.00000000000 0.00000000000 0.00000000000 0.00000000000
 0.00000000000 0.00000000000 0.00000000000 0.00000000000 0.00000000000 0.00000000000 0.00000000000 0.00000000000 0.00000000000 0.00000000000 0.00000000000
 0.00000000000 0.00000000000 0.00000000000 0.00000000000 0.00000000000 0.00000000000 0.00000000000 0.00000000000 0.00000000000 0.00000000000 0.00000000000
 0.00000000000 0.00000000000 0.00000000000 0.00000000000 0.00000000000 0.00000000000 0.00000000000 0.00000000000 0.00000000000 0.00000000000 0.00000000000
 0.00000000000 0.00000000000 0.00000000000 0.00000000000 0.00000000000 0.00000000000 0.00000000000 0.00000000000 0.00000000000 0.00000000000 0.00000000000
 0.00000000000 0.00000000000 0.00000000000 0.00000000000 0.00000000000 0.00000000000 0.00000000000 0.00000000000 0.00000000000 0.00000000000 0.00000000000
 0.00000000000 0.00000000000 0.00000000000 0.00000000000 0.00000000000 0.00000000000 0.00000000000 0.00000000000 0.00000000000 0.00000000000 0.00000000000
 0.00000000000 0.00000000000 0.00000000000 0.00000000000 0.00000000000 0.00000000000 0.00000000000 0.00000000000 0.00000000000 0.00000000000 0.00000000000
 0.00000000000 0.00000000000 0.00000000000 0.00000000000 0.00000000000 0.00000000000 0.00000000000 0.00000000000 0.00000000000 0.00000000000 0.00000000000
# log_F_devs:
 -0.669531366186 -0.650508065344 -0.730408252403 -0.186138027505 -0.209063995732 -0.166620739288 0.202026848998 0.551402322911 0.659300096967 0.783860135780 0.834648485164 0.625358504988 0.467115633191 0.260537301501 0.240167417031 0.159537402207 -0.0118858828819 -0.330323022686 -0.644070660812 -0.705555782881 -0.657098363337 -0.618738849506 -0.655566002282 -0.939501239555 -0.569030627166 -0.518635376789 -0.0707514937874 0.118638965979 0.523282518198 0.128125565805 -0.141059291460 -0.189951551314 -0.0406750277775 0.00511752868607 -0.179532693027 -0.389935381114 -0.312362574074 -0.215008075448 -0.0730909983353 -0.0450705694918 -0.197709758690 -0.280720215096 -0.0630392537273 0.0300194967274 0.138701140166 0.140525267895 -0.00135339178789 0.336638093730 0.402797297226 0.431504775299 0.479118644252 0.631426564048 0.325859287626 0.304990052467 0.0673232347592 0.182602563233 0.477653980819 0.502262664427 0.216000517154 0.191738556790 0.0446556654621
# sigr:
1.00000000000
# sel_devs_fsh:
 0.0537288496087 0.0892106594193 0.135375450774 -0.0486964892360 -0.0470707837940 -0.0601091999801 -0.0514901347177 -0.0409965519241 -0.0276329842345 -0.0130425794621 0.000539867285835 0.0101837947997
 0.0637663251448 0.0982892112862 0.236385595933 -0.147905385898 -0.0990256983443 -0.0804609066813 -0.0606767937141 -0.0416354383880 -0.0298514016871 -0.00548743836701 0.0257705808746 0.0408315315161
 0.130943739327 0.100283236936 0.00404384971694 -0.0121082690906 -0.0647114686608 -0.0679309373612 -0.0669588655603 -0.0503458685883 -0.0288362155815 -0.00324237182922 0.0223590530050 0.0365041922381
 0.139743108412 0.0688895210197 0.156367771061 -0.114625684469 -0.114336123501 -0.107718481895 -0.0899488644319 -0.0377724301550 -0.0130885446658 0.0154730766919 0.0393968582547 0.0576198858717
 0.200402129375 0.141846543961 -0.0296198366260 -0.266478010598 -0.132071928468 -0.118103641423 -0.0639139742068 -0.00841629948767 0.0249262619415 0.0553509219036 0.0810193898938 0.115058433214
 0.0222944204390 0.0302338063077 -0.0784056461887 -0.0566791594644 -0.0107585498055 -0.0246344403854 -0.0620313321704 -0.0113138729266 0.0161779184804 0.0362220347761 0.0577169138852 0.0811776300406
 -0.222881989531 0.192784910581 0.109644622243 0.0720679226798 -0.0313699082208 -0.0181150804515 -0.0306921485631 -0.0425006544247 -0.0197515099027 -0.00835589537496 0.000419844065060 -0.00124957665818
 -0.241733967302 0.102716203651 0.0546021673523 0.0352151627197 0.0266195044368 0.0343469444923 0.0155119931946 -0.0102714396299 -0.0120987690832 -0.00563773802243 0.00166686104279 -0.000937350585749
 -0.193356647345 0.139747791192 0.165792219989 0.0143605897720 -0.0128725433228 -0.0215382668731 -0.0205713166722 -0.0383302312006 -0.0198358073289 -0.00829267800682 3.17664434242e-05 -0.00513452846661
 -0.164554694754 -0.182770090687 0.117629807767 0.0605728703507 0.0171956914595 0.0115386890264 0.0107655875379 -0.0185985352730 0.00449047116756 0.0281826523627 0.0491689861689 0.0663790014235
 -0.154827347435 -0.0679884392128 -0.0932067238406 0.0616007232801 0.0477670673736 0.0364225295179 0.0303957212620 -0.00432352985518 0.00874742769860 0.0248086711484 0.0482928139558 0.0623111183105
 -0.141121447029 0.0528809351256 -0.111411567528 -0.0312806423725 0.0237524133676 0.0288756767688 0.0279198132233 -0.00123838725131 0.00819370175095 0.0240346674087 0.0508795176824 0.0685148735094
 -0.179088103454 -0.0850920538817 -0.0128152039281 -0.0186302146921 0.0307254127236 0.0231379257670 0.0298830555551 0.0213797717257 0.0260071963352 0.0328006113209 0.0554319340568 0.0762594665732
 -0.133951355671 -0.224139945543 -0.116719185010 -0.0397244513440 0.0564386233885 0.0776924413014 0.0625836472454 0.0620766944328 0.0602378265775 0.0499187834806 0.0610220693422 0.0845640096006
 -0.172636465407 -0.361515327756 -0.0883374465627 0.0887510413953 0.0640329392938 0.0831326904753 0.0864824570369 0.0676619450375 0.0415189012216 0.0439911172750 0.0595835916925 0.0873343761171
 -0.163261786244 -0.190832605334 -0.176415606937 0.137198367037 0.0719374757647 0.0474882836453 0.0505927662692 0.0580818821662 0.0272902516361 0.0196404673880 0.0329840216143 0.0852962251574
 -0.142018006843 -0.117732289249 -0.240780844378 0.0278474108115 0.117233765084 0.0839509526207 0.0732150712024 0.0680791783423 0.0360680022018 0.00679061773448 0.0184610423399 0.0688853426801
 -0.162149733909 0.0656651167425 -0.133160597611 -0.0937135284534 0.0498296960153 0.0761864807585 0.0652473720042 0.0624732152036 0.0224416335719 0.00392296788206 -0.000701896485412 0.0439592568451
 -0.164876005068 -0.203064104905 0.0196012026692 -0.0916529362647 0.131022965518 0.105560657876 0.0980334080009 0.0812542513703 0.0425514219290 -0.00180922076565 -0.0158291544108 -0.000792647418189
 -0.181803475847 -0.0140920860136 0.0850521787575 -0.0943218068457 -0.185312971503 0.116619116784 0.106222222083 0.102235924874 0.0669458180549 0.0250950919228 -0.00943060300649 -0.0172095161132
 -0.189575659410 -0.0895885852083 0.0156453825437 0.130289537059 0.00547861706402 -0.0119611904802 0.0567528808541 0.0305109515744 0.0914280399127 0.0257980848432 -0.0186285125265 -0.0461496735556
 -0.188675649984 -0.132421140703 0.0582817769319 -0.139295139284 -0.00143406809767 -0.00692080361289 -0.0340678490007 0.148556062199 0.160949397165 0.134683714745 0.0426569250453 -0.0423129678609
 -0.221415149172 -0.167067473091 0.395563623218 -0.00738339460319 0.0867079006885 -0.0480714462096 0.163596204913 -0.0228815967649 -0.0357531130181 -0.0386997214961 -0.00457534032769 -0.100020364591
 -0.185614836609 -0.119731340583 -0.429916058667 0.0973091024485 -0.00293512798982 0.101160283597 0.165672283438 0.163240849224 0.0582855232996 0.116421669703 0.0862941049146 -0.0501863579918
 -0.166341158340 -0.0744439349375 -0.387731858352 0.0205451847815 0.0795625788696 0.0358898048127 0.0372587534595 0.0887646821581 0.117829141277 0.0309119617154 0.151015450676 0.0667392715940
 -0.101868959619 -0.0320696546162 -0.403582574721 -0.358638664484 -0.146863335732 -0.00606515072074 0.132630261339 0.00656097638844 0.212369738779 0.139507221723 0.294139444347 0.263880738986
 -0.151758320846 -0.0613972045526 0.486832362066 -0.299349258374 -0.392672761449 -0.0907214681951 -0.0665018918445 0.192660453758 0.153270767639 0.264215442394 -0.0516423372874 0.0170642982234
 -0.156247934049 -0.481708747440 0.00514868230689 0.788537815560 -0.0325745197293 -0.0412225554295 0.0396150964052 0.0501682654557 -0.0206149810893 -0.0253119189551 -0.101493261360 -0.0242959506276
 -0.0684039021522 -0.0152431840216 -0.733728632863 -0.227019377869 0.915554236710 0.256613040023 0.0141731582342 -0.0490174277666 -0.0688582256275 -0.0501149305955 0.0418168554747 -0.0157715995207
 -0.0352650525572 0.169773971887 -0.307510497498 -0.624539404423 -0.271400518108 0.470741123382 0.122844358037 0.171537223442 0.108157518795 0.104225052699 0.0531654498722 0.0382707507026
 -0.0435396728856 0.506877413777 0.267663063033 -0.814310223277 -0.683397136294 -0.266925143165 0.271580256020 0.288863262224 0.211436186951 0.147043385774 0.0664090376231 0.0482995332714
 -0.127820181857 0.333839275315 0.156951667769 0.629067631092 -0.0468506790778 -0.348600914143 -0.344332704788 -0.380420659284 0.00493681020328 0.0322613100479 0.0385805105812 0.0523879536355
 -0.103880083468 -0.385820896061 0.242458142046 0.240438577307 0.162131651424 0.242574216771 -0.160948049503 0.00506312121099 -0.108686847469 -0.0625807011304 -0.0494279007249 -0.0213211426857
 -0.139087414797 -0.350016348768 0.802490602193 0.404562141048 0.152160541571 -0.293441935874 0.203049277395 -0.0498916259405 -0.242719700566 -0.265788824654 -0.184499799267 -0.0368168935972
 -0.0848252821002 -0.135442846689 -0.510912416973 0.282939409407 0.356008849077 0.0181752696444 -0.0842115993060 0.212194425284 0.0709627375758 0.00476557982806 -0.0566295528871 -0.0730246690601
 -0.0500954751098 -0.200933908390 -0.426431355021 -0.254055605765 0.235678224716 0.544243919534 0.123545930656 -0.108542968883 0.0168860212064 0.0861901176068 0.0932356045331 -0.0597204150187
 -0.0819004788116 0.189839709021 0.0836492593232 0.0274433273619 -0.167941519691 0.0365492046122 0.00668092052555 0.0296468604948 0.0227879864124 -0.0271196490062 -0.0570468478077 -0.0625890965577
 -0.0869286154367 -0.313178154114 0.724338341091 -0.0477201762884 0.0916825770132 -0.100941173804 0.0360722472638 -0.0351538611497 -0.0475856969906 -0.0562683618605 -0.106759473298 -0.0575575915191
 -0.0468044238630 -0.126578508058 -0.643973084177 0.778685634278 0.0454291830220 -0.0575463144750 0.0646668300562 0.0167931955316 -0.00463564233197 -0.0100560666435 0.0180712534917 -0.0340519964249
 -0.0733111637742 0.0876415383668 0.0269388140160 -0.323133659101 0.455255648212 0.255281899324 -0.0676040729499 -0.111870745201 -0.0697497099937 -0.0380019141469 -0.0509528239333 -0.0904937969412
 -0.0957902543978 0.107823124218 0.561165373153 -0.0531347492971 -0.310857231904 -0.0675790973980 -0.0570814906213 -0.0125163461612 -0.0463532595675 -0.0377024631556 -0.00655687041676 0.0185832369574
 -0.0542586493850 0.0503552824064 -0.0682179653546 0.00495102813214 -0.0127063513418 0.0115838911396 0.00119729557078 -0.0606237571951 -0.0198171806095 0.0182447860657 0.0491446157957 0.0801470217820
 -0.00399545325569 -0.0323473497688 -0.544687939873 -0.158987191803 -0.0867980750160 0.0903609298638 0.0829829481587 0.108567766323 0.123923647859 0.0498370233271 0.187132761594 0.184011051180
 -0.0382946709765 -0.318165603861 0.235556269641 0.0143241454306 -0.185570445082 -0.115183321625 -0.0267898432697 0.000614319083095 -0.00827969510472 0.163704606519 0.155078647609 0.123005664650
 -0.00898655097209 0.0643112154775 -0.547393179860 0.479299672697 0.132402500838 -0.285322035224 -0.0960718958836 0.111933425186 0.114970506125 0.0141177396425 -0.0543727606293 0.0751114209412
 -0.0109585885383 -0.130620255319 -0.00212234826952 -0.987234007291 0.476216139191 0.342178373162 0.113047604893 0.00548486895103 0.0522245634485 0.130878488011 0.0549097016802 -0.0440045846399
 -0.0294587919999 0.142468813540 0.0817423554937 0.552211045113 -0.994522458251 0.0459744508422 0.0362496255896 0.0544078630798 0.0246655108572 -0.0394814137364 0.0372742635146 0.0884687344883
 0.00905225297140 -0.249601480705 -0.0480609097319 -0.256215395494 0.440506670203 -0.521418471026 -0.0589347516440 0.0743891434121 0.157476971633 0.197637131834 0.150000218156 0.105168620457
 -0.0127214968750 0.101534291211 -0.0793280461900 -0.227070701965 -0.253238944518 0.207989459643 0.218626327832 -0.0209700414492 -0.0631555172427 0.0557937177428 0.0366873878546 0.0358535986677
 -0.00560409886483 -0.536802272604 1.01921093629 0.176482063643 -0.251931265805 -0.254254982157 -0.233678238547 -0.0103230233513 0.0238183307307 0.0191775743152 0.0261949360152 0.0277100299721
 0.0655410363553 -0.0987784683386 -1.44436494587 1.04538078952 0.322552085928 -0.00874016544476 -0.240655958744 0.185028709931 0.114785720327 0.0241875292176 0.0229575373560 0.0121063003874
 0.0526521212182 0.163174083248 -0.249285754823 -1.09324673827 0.602737717681 0.379653284034 0.175150506320 -0.308007538417 0.140509986306 0.0712874229369 0.0402523868525 0.0251225479708
 0.0188121112034 0.195058219382 0.125959285424 -0.504940547199 0.0840548932328 0.211702298947 0.123716901757 0.105053939234 -0.289529921740 -0.0438094647227 -0.0223057272905 -0.00377199443985
 0.0616022008475 0.742002635633 0.204327948420 -0.537034184185 -1.35911692437 0.0708968099782 0.516110970889 0.259672673050 0.118715461762 0.0252367760133 -0.0426212428230 -0.0597933128694
 0.153641734362 0.842541238108 0.566249999912 0.777035242181 0.338561216839 -0.496576597549 -0.642592915525 -0.608193887934 -0.301172479199 -0.293465444360 -0.168796315172 -0.167231702715
 -0.00575655770278 0.572350601748 0.689923264726 -0.339223481550 -0.101729353968 -0.478937886004 -0.154842492408 0.154522356208 -0.123678061247 -0.148440936725 -0.0385878225056 -0.0255996205338
 0.0144832811686 0.224374715632 -0.148137638782 0.379421941951 -0.0585229889079 -0.0236937973186 -0.118824136205 -0.00852296040548 -0.0552563849607 -0.236993958073 0.0157265347222 0.0159453296549
 0.0142005750889 -0.317377232530 -0.0181728917931 0.190865280029 0.320445690024 0.181921771074 -0.347556879759 -0.109232796735 0.0389548193233 0.0642699702338 -0.0229114010605 0.00459308380747
 1.41264529852e-06 0.00298012292364 -0.00183498418374 0.0665198589647 0.0155948482256 0.00261519330704 0.0495418187806 -0.0320610961934 -0.0515418582207 -0.0274917947736 -0.00707930088607 -0.0172441605016
# sel_devs_bts:
 0.00000000000 0.00000000000 0.00000000000 0.00000000000 0.00000000000 0.00000000000 0.00000000000 0.00000000000
 0.00000000000 0.00000000000 0.00000000000 0.00000000000 0.00000000000 0.00000000000 0.00000000000 0.00000000000
 0.00000000000 0.00000000000 0.00000000000 0.00000000000 0.00000000000 0.00000000000 0.00000000000 0.00000000000
 0.00000000000 0.00000000000 0.00000000000 0.00000000000 0.00000000000 0.00000000000 0.00000000000 0.00000000000
 0.00000000000 0.00000000000 0.00000000000 0.00000000000 0.00000000000 0.00000000000 0.00000000000 0.00000000000
 0.00000000000 0.00000000000 0.00000000000 0.00000000000 0.00000000000 0.00000000000 0.00000000000 0.00000000000
 0.00000000000 0.00000000000 0.00000000000 0.00000000000 0.00000000000 0.00000000000 0.00000000000 0.00000000000
 0.00000000000 0.00000000000 0.00000000000 0.00000000000 0.00000000000 0.00000000000 0.00000000000 0.00000000000
 0.00000000000 0.00000000000 0.00000000000 0.00000000000 0.00000000000 0.00000000000 0.00000000000 0.00000000000
 0.00000000000 0.00000000000 0.00000000000 0.00000000000 0.00000000000 0.00000000000 0.00000000000 0.00000000000
 0.00000000000 0.00000000000 0.00000000000 0.00000000000 0.00000000000 0.00000000000 0.00000000000 0.00000000000
 0.00000000000 0.00000000000 0.00000000000 0.00000000000 0.00000000000 0.00000000000 0.00000000000 0.00000000000
 0.00000000000 0.00000000000 0.00000000000 0.00000000000 0.00000000000 0.00000000000 0.00000000000 0.00000000000
 0.00000000000 0.00000000000 0.00000000000 0.00000000000 0.00000000000 0.00000000000 0.00000000000 0.00000000000
 0.00000000000 0.00000000000 0.00000000000 0.00000000000 0.00000000000 0.00000000000 0.00000000000 0.00000000000
 0.00000000000 0.00000000000 0.00000000000 0.00000000000 0.00000000000 0.00000000000 0.00000000000 0.00000000000
 0.00000000000 0.00000000000 0.00000000000 0.00000000000 0.00000000000 0.00000000000 0.00000000000 0.00000000000
 0.00000000000 0.00000000000 0.00000000000 0.00000000000 0.00000000000 0.00000000000 0.00000000000 0.00000000000
 0.00000000000 0.00000000000 0.00000000000 0.00000000000 0.00000000000 0.00000000000 0.00000000000 0.00000000000
 0.00000000000 0.00000000000 0.00000000000 0.00000000000 0.00000000000 0.00000000000 0.00000000000 0.00000000000
 0.00000000000 0.00000000000 0.00000000000 0.00000000000 0.00000000000 0.00000000000 0.00000000000 0.00000000000
 0.00000000000 0.00000000000 0.00000000000 0.00000000000 0.00000000000 0.00000000000 0.00000000000 0.00000000000
 0.00000000000 0.00000000000 0.00000000000 0.00000000000 0.00000000000 0.00000000000 0.00000000000 0.00000000000
 0.00000000000 0.00000000000 0.00000000000 0.00000000000 0.00000000000 0.00000000000 0.00000000000 0.00000000000
 0.00000000000 0.00000000000 0.00000000000 0.00000000000 0.00000000000 0.00000000000 0.00000000000 0.00000000000
 0.00000000000 0.00000000000 0.00000000000 0.00000000000 0.00000000000 0.00000000000 0.00000000000 0.00000000000
 0.00000000000 0.00000000000 0.00000000000 0.00000000000 0.00000000000 0.00000000000 0.00000000000 0.00000000000
 0.00000000000 0.00000000000 0.00000000000 0.00000000000 0.00000000000 0.00000000000 0.00000000000 0.00000000000
 0.00000000000 0.00000000000 0.00000000000 0.00000000000 0.00000000000 0.00000000000 0.00000000000 0.00000000000
 0.00000000000 0.00000000000 0.00000000000 0.00000000000 0.00000000000 0.00000000000 0.00000000000 0.00000000000
 0.00000000000 0.00000000000 0.00000000000 0.00000000000 0.00000000000 0.00000000000 0.00000000000 0.00000000000
 0.00000000000 0.00000000000 0.00000000000 0.00000000000 0.00000000000 0.00000000000 0.00000000000 0.00000000000
 0.00000000000 0.00000000000 0.00000000000 0.00000000000 0.00000000000 0.00000000000 0.00000000000 0.00000000000
 0.00000000000 0.00000000000 0.00000000000 0.00000000000 0.00000000000 0.00000000000 0.00000000000 0.00000000000
 0.00000000000 0.00000000000 0.00000000000 0.00000000000 0.00000000000 0.00000000000 0.00000000000 0.00000000000
 0.00000000000 0.00000000000 0.00000000000 0.00000000000 0.00000000000 0.00000000000 0.00000000000 0.00000000000
 0.00000000000 0.00000000000 0.00000000000 0.00000000000 0.00000000000 0.00000000000 0.00000000000 0.00000000000
 0.00000000000 0.00000000000 0.00000000000 0.00000000000 0.00000000000 0.00000000000 0.00000000000 0.00000000000
 0.00000000000 0.00000000000 0.00000000000 0.00000000000 0.00000000000 0.00000000000 0.00000000000 0.00000000000
 0.00000000000 0.00000000000 0.00000000000 0.00000000000 0.00000000000 0.00000000000 0.00000000000 0.00000000000
 0.00000000000 0.00000000000 0.00000000000 0.00000000000 0.00000000000 0.00000000000 0.00000000000 0.00000000000
 0.00000000000 0.00000000000 0.00000000000 0.00000000000 0.00000000000 0.00000000000 0.00000000000 0.00000000000
# sel_devs_ats:
 0.353948798412 0.358173930307 0.338018206560 0.336839264970 0.352308837917 0.356440450562 0.351226183614
 0.394159866996 0.391004678417 0.390457658797 0.389345987395 0.391312416787 0.394538897333 0.398146187328
 0.463037950588 0.457416955831 0.424614673945 0.441446829719 0.434355066557 0.440859578243 0.429690568827
 0.443446631157 0.515121028150 0.504557552624 0.467000353588 0.476024814285 0.487412692030 0.463841833847
 0.469907244999 0.546402045660 0.539229295283 0.505909733209 0.499893081883 0.521149524968 0.498052447588
 0.506162537408 0.527817356217 0.572440206098 0.533789553643 0.544051614200 0.516822883528 0.529379819720
 0.570546701044 0.565690458650 0.550692801863 0.570528836001 0.569117208643 0.554904582480 0.544548581821
 0.569282378449 0.586132360203 0.575398171088 0.581582547300 0.579834909936 0.570823534843 0.560768582636
 0.533689890347 0.530053366992 0.598654755267 0.611906123843 0.597076294171 0.582891831095 0.579881525432
 0.523975018466 0.537240219702 0.620337092263 0.617590641440 0.599782936960 0.590095279349 0.588199091906
 0.620744555509 0.588752640357 0.526075728931 0.552939560872 0.578735084613 0.585539770592 0.591136554672
 0.596281796612 0.575094420653 0.531561086363 0.543535434754 0.565661058062 0.574783906293 0.582871588944
 0.602123872208 0.586429045779 0.556785982026 0.572471163635 0.577206270148 0.560522275701 0.561584245015
 0.617354774531 0.579693714264 0.531909269634 0.527310032202 0.537954463554 0.545338278701 0.553320898175
 0.572226980250 0.565630751281 0.533492145387 0.535256646095 0.545833704294 0.550337435064 0.538290139392
 0.562897049690 0.534702207644 0.556500818539 0.525195545855 0.527909396095 0.528210957230 0.506743860957
 0.532375736470 0.517512585654 0.503347225160 0.511226482444 0.515306182483 0.511861238896 0.488395477397
 0.526524291792 0.499745338938 0.487808095917 0.495891044652 0.502939031757 0.497851265402 0.471795883285
 0.496511401403 0.512062648068 0.530501205718 0.522961768132 0.521950087019 0.498398381640 0.453035584753
 0.508993250192 0.499806796237 0.529936167759 0.516966715994 0.525642060228 0.504867840579 0.450944015433
 0.428950164280 0.546861777106 0.563095544432 0.533498913060 0.497414804364 0.498114954097 0.486068118083
 0.416358343995 0.501938261106 0.578967872838 0.522871918395 0.495891946628 0.495873575680 0.525727417068
 0.528434225237 0.471176819490 0.411176066505 0.501989541018 0.520810019700 0.520255767383 0.548271086306
 0.525053577358 0.487081513509 0.451440544142 0.523455684344 0.532370052331 0.535106650193 0.551957074643
 0.531143032805 0.540624367535 0.572302916866 0.549978124473 0.543692644288 0.539098209186 0.547185779086
 0.541146989394 0.560462785889 0.587962546122 0.564616120287 0.551616549501 0.557957961184 0.568475011228
 0.555382725573 0.570645817015 0.602863277900 0.580461644354 0.568100845876 0.577184817285 0.585266724858
 0.555809061905 0.565787829806 0.624956673166 0.591603978459 0.579907214721 0.593241813255 0.599358234823
 0.609145634131 0.601707216848 0.541542384858 0.577245675068 0.584770938706 0.609708907770 0.609835499813
 0.599435629924 0.602108314013 0.555972077249 0.586424556084 0.580231940562 0.621573090943 0.611763550712
# sel_coffs_fsh:
 -4.23007710190 -2.27402584478 -0.964253543092 0.339673811664 0.324558099741 0.301029429214 0.267263476635 0.233985882043 0.206218956747 0.185843960580 0.170747551153 0.159280747519
# sel_coffs_bts:
 -0.0100000000000 -0.0100000000000 -0.0100000000000 -0.0100000000000 -0.0100000000000 -0.0100000000000 -0.0100000000000 -0.0100000000000
# sel_coffs_ats:
 -0.184367782809 -0.177141774528 0.00264290561958 0.134039889764 0.193551412741 0.312262862655 0.469559423004
# sel_slp_bts:
1.08822613461
# sel_a50_bts:
5.94184207154
# sel_age_one_bts:
-3.09359863792
# sel_slp_bts_dev:
 0.0386395662303 0.527433998658 0.602934946168 0.231952614057 0.106280485489 0.0771325492519 0.0116975721048 0.102091322745 0.160126008077 0.123772675779 0.0629128472246 0.0452247639480 0.0411282671605 0.0110420579918 -0.107425366874 -0.186560690487 -0.269934490630 -0.356626758604 -0.342992003282 -0.361308564688 -0.210655447174 -0.0680551181401 -0.00220530390270 0.0711370892823 0.0997281954445 0.222428526646 0.335743137288 0.289779410683 0.329469119807 0.291597066737 0.169535197750 0.149166024932 0.106414766595 -0.00873366325454 -0.0778533445362 -0.152290859863 -0.255642001066 -0.262375308051 -0.269337975160 -0.275506823676 -0.279425571372 -0.336837507151 -0.383601412139
# sel_a50_bts_dev:
 -0.938464116910 -0.536903684091 -0.451164527812 -0.372403705735 -0.293530681632 -0.260324252261 -0.221152954596 -0.191845452090 -0.151535718257 -0.0965774381574 -0.0502877769875 -0.0192360281894 0.0102410026176 0.0444774493259 0.0949700389007 0.114145206323 0.134514798247 0.156678817407 0.156105405624 0.164948380809 0.127549219904 0.0867452172780 0.0625678122694 0.0332740016509 0.0191383744878 -0.0205805889861 -0.0485314015610 -0.0354224119647 -0.0405889235226 -0.00607938739966 0.0345991852402 0.0548874323628 0.0869335446644 0.133517280351 0.167136331738 0.201313105531 0.236192981096 0.236422853377 0.248477467727 0.260147082173 0.268267847293 0.294045919961 0.307332293795
# sel_age_one_bts_dev:
 -0.536919992994 -0.506863413270 -0.520112367615 -0.562495398968 -0.567636587497 -0.440237983711 -0.326434153108 -0.182563920004 -0.0635933193311 -0.0711576704714 -2.95384866108e-05 0.0463774770931 -0.0244126400961 -0.0906904503410 -0.139260686276 -0.0723848789787 -0.0109188921430 0.0613636940125 0.125937464371 0.110329422072 0.116022379171 0.133940861884 0.0570483179215 -0.000367692574711 -0.0476411704623 -0.00518341671969 0.136836711132 0.267223015902 0.255964135766 0.0843371930408 0.126225935173 0.261207377416 0.308152620114 0.269856128143 0.204205915552 0.170442006715 0.185436442928 0.367227862045 0.265670087965 0.164112312403 0.158704490300 0.129452723497 0.162829598432
# sel_dif1_fsh:
1.00000000000
# sel_a501_fsh:
3.00000000000
# sel_trm2_fsh:
0.900000000000
# sel_dif2_fsh:
5.00000000000
# sel_dif1_fsh_dev:
 0.00000000000 0.00000000000 0.00000000000 0.00000000000 0.00000000000 0.00000000000 0.00000000000 0.00000000000 0.00000000000 0.00000000000 0.00000000000 0.00000000000 0.00000000000 0.00000000000 0.00000000000 0.00000000000 0.00000000000 0.00000000000 0.00000000000 0.00000000000 0.00000000000 0.00000000000 0.00000000000 0.00000000000 0.00000000000 0.00000000000 0.00000000000 0.00000000000 0.00000000000 0.00000000000 0.00000000000 0.00000000000 0.00000000000 0.00000000000 0.00000000000 0.00000000000 0.00000000000 0.00000000000 0.00000000000 0.00000000000 0.00000000000 0.00000000000 0.00000000000 0.00000000000 0.00000000000 0.00000000000 0.00000000000 0.00000000000 0.00000000000 0.00000000000 0.00000000000 0.00000000000 0.00000000000 0.00000000000 0.00000000000 0.00000000000 0.00000000000 0.00000000000 0.00000000000 0.00000000000 0.00000000000
# sel_a501_fsh_dev:
 0.00000000000 0.00000000000 0.00000000000 0.00000000000 0.00000000000 0.00000000000 0.00000000000 0.00000000000 0.00000000000 0.00000000000 0.00000000000 0.00000000000 0.00000000000 0.00000000000 0.00000000000 0.00000000000 0.00000000000 0.00000000000 0.00000000000 0.00000000000 0.00000000000 0.00000000000 0.00000000000 0.00000000000 0.00000000000 0.00000000000 0.00000000000 0.00000000000 0.00000000000 0.00000000000 0.00000000000 0.00000000000 0.00000000000 0.00000000000 0.00000000000 0.00000000000 0.00000000000 0.00000000000 0.00000000000 0.00000000000 0.00000000000 0.00000000000 0.00000000000 0.00000000000 0.00000000000 0.00000000000 0.00000000000 0.00000000000 0.00000000000 0.00000000000 0.00000000000 0.00000000000 0.00000000000 0.00000000000 0.00000000000 0.00000000000 0.00000000000 0.00000000000 0.00000000000 0.00000000000 0.00000000000
# sel_trm2_fsh_dev:
 0.00000000000 0.00000000000 0.00000000000 0.00000000000 0.00000000000 0.00000000000 0.00000000000 0.00000000000 0.00000000000 0.00000000000 0.00000000000 0.00000000000 0.00000000000 0.00000000000 0.00000000000 0.00000000000 0.00000000000 0.00000000000 0.00000000000 0.00000000000 0.00000000000 0.00000000000 0.00000000000 0.00000000000 0.00000000000 0.00000000000 0.00000000000 0.00000000000 0.00000000000 0.00000000000 0.00000000000 0.00000000000 0.00000000000 0.00000000000 0.00000000000 0.00000000000 0.00000000000 0.00000000000 0.00000000000 0.00000000000 0.00000000000 0.00000000000 0.00000000000 0.00000000000 0.00000000000 0.00000000000 0.00000000000 0.00000000000 0.00000000000 0.00000000000 0.00000000000 0.00000000000 0.00000000000 0.00000000000 0.00000000000 0.00000000000 0.00000000000 0.00000000000 0.00000000000 0.00000000000 0.00000000000
# rec_dev_future:
 0.00000000000 0.00000000000 0.00000000000 0.00000000000 0.00000000000
# M_dev:
 0.00000000000 0.00000000000 0.00000000000 0.00000000000 0.00000000000 0.00000000000 0.00000000000 0.00000000000 0.00000000000 0.00000000000 0.00000000000 0.00000000000 0.00000000000 0.00000000000 0.00000000000 0.00000000000 0.00000000000 0.00000000000 0.00000000000 0.00000000000 0.00000000000 0.00000000000 0.00000000000 0.00000000000 0.00000000000 0.00000000000 0.00000000000 0.00000000000 0.00000000000 0.00000000000 0.00000000000 0.00000000000 0.00000000000 0.00000000000 0.00000000000 0.00000000000 0.00000000000 0.00000000000 0.00000000000 0.00000000000 0.00000000000 0.00000000000 0.00000000000 0.00000000000 0.00000000000 0.00000000000 0.00000000000 0.00000000000 0.00000000000 0.00000000000 0.00000000000 0.00000000000 0.00000000000 0.00000000000 0.00000000000 0.00000000000 0.00000000000 0.00000000000 0.00000000000 0.00000000000
# L1:
28.2780669319
# L2:
46.0963291212
# log_alpha:
-11.0000000000
# log_K:
-0.127712246135
# d_scale:
 0.524271024845 0.704796052990 0.765596320482 0.829605774355 0.869713533514 0.932864151596 0.978332030381 0.974084101678 0.994009995637 0.933090167604 0.952799223120 0.861008003496 1.00250077829
# coh_eff:
 0.00000000000 0.00000000000 0.00000000000 0.00000000000 0.00000000000 0.00000000000 0.00000000000 0.00000000000 0.00000000000 0.00000000000 0.00000000000 0.00000000000 0.00000000000 0.00000000000 0.00000000000 0.00000000000 -0.195727363952 0.270194303102 0.0178846224308 0.507850026259 -0.424943670509 0.557308346522 -0.494052591288 0.447586023287 0.0390417431447 -0.116120227467 -0.431925729566 -0.590149207245 0.549419027075 0.649129843327 1.12421031497 -0.0507821962123 0.605563433887 -0.0270275080302 -1.01445228378 -0.880882196409 -0.972450277038 0.848661349212 1.78563176021 0.499990032714 -0.989846782055 -0.0785234235701 0.964749504352 0.464439812681 0.393605562218 -0.0710533041633 0.382437827081 0.875274539690 1.45540090821 0.411144163793 -0.804028955219 -1.12250309372 -0.453700912154 -1.67131730387 -0.775240224238 -1.53854954159 -2.03471541266 -1.88593695487 -1.15802449062 0.720734770942 0.774457872441 0.0191161605560 0.321799950738 0.564117635524 1.40880577748 0.370852607028 0.189006834062 1.11705018797 1.66502128787 0.353911001047 0.00000000000 0.00000000000
# yr_eff:
 0.00000000000 0.182048722899 -0.0368456600303 0.255813194368 0.285237787120 1.41123083155 0.323892746822 1.80156538892 0.261991653404 0.994121672058 1.05416298969 0.686783980991 -0.0135143817527 0.710121882789 -0.714577714074 -0.0426538253516 -1.56818015213 -0.750079960383 -1.17331685291 -0.904122116754 0.295509322059 0.0313345643592 0.0445353518040 0.820971749233 -0.0655039171008 -0.492021831034 -0.720847309063 -0.326736409141 -0.623959459476 -0.447259981477 -0.347642135393 0.433006669559 -0.0962548658352 -0.206934559840 -0.437963759386 -0.880862721469 -0.255303495404 0.847882001215 0.262083574249 1.32470159917 0.497071395353 0.644254201268 0.0107438788165 0.428681069178 0.558671275012 -2.25875971051 -0.485372875231 -0.209311819287 -1.02216170506 0.652145152265 -1.76718719337 -1.55095926131 -0.242907029993 -3.43125733305 0.849623526528 0.00000000000 0.00000000000 0.00000000000 0.00000000000 0.00000000000
# resid_temp_x1:
0.00000000000
# resid_temp_x2:
0.00000000000
# log_a_II:
 -6.00000000000 -6.00000000000 -6.00000000000
 -6.00000000000 -6.00000000000 -6.00000000000
# log_b_II:
 6.00000000000 6.00000000000 6.00000000000
 6.00000000000 6.00000000000 6.00000000000
# log_a_II_vec:
 -4.00000000000 -4.00000000000
# log_b_II_vec:
 2.50000000000 2.50000000000
# log_rho:
 -2.50000000000 -2.50000000000 -2.50000000000
 -2.50000000000 -2.50000000000 -2.50000000000
# log_resid_M:
 -1.45000000000 -1.45000000000 -1.45000000000
